-2.00000 0.00469 0.00469 0.00469 0.00469
-1.99600 0.00494 0.00494 0.00494 0.00494
-1.99200 0.00526 0.00526 0.00526 0.00526
-1.98800 0.00566 0.00566 0.00566 0.00566
-1.98400 0.00614 0.00614 0.00614 0.00614
-1.98000 0.00668 0.00668 0.00668 0.00668
-1.97600 0.00719 0.00719 0.00719 0.00719
-1.97200 0.00759 0.00759 0.00759 0.00759
-1.96800 0.00781 0.00781 0.00781 0.00781
-1.96400 0.00787 0.00787 0.00787 0.00787
-1.96000 0.00788 0.00788 0.00788 0.00788
-1.95600 0.00798 0.00798 0.00798 0.00798
-1.95200 0.00824 0.00824 0.00824 0.00824
-1.94800 0.00873 0.00873 0.00873 0.00873
-1.94400 0.00946 0.00946 0.00946 0.00946
-1.94000 0.01042 0.01042 0.01042 0.01042
-1.93600 0.01152 0.01152 0.01152 0.01152
-1.93200 0.01256 0.01256 0.01256 0.01256
-1.92800 0.01323 0.01323 0.01323 0.01323
-1.92400 0.01326 0.01326 0.01326 0.01326
-1.92000 0.01268 0.01268 0.01268 0.01268
-1.91600 0.01174 0.01174 0.01174 0.01174
-1.91200 0.01076 0.01076 0.01076 0.01076
-1.90800 0.00994 0.00994 0.00994 0.00994
-1.90400 0.00938 0.00938 0.00938 0.00938
-1.90000 0.00909 0.00909 0.00909 0.00909
-1.89600 0.00905 0.00905 0.00905 0.00905
-1.89200 0.00924 0.00924 0.00924 0.00924
-1.88800 0.00957 0.00957 0.00957 0.00957
-1.88400 0.00989 0.00989 0.00989 0.00989
-1.88000 0.01000 0.01000 0.01000 0.01000
-1.87600 0.00978 0.00978 0.00978 0.00978
-1.87200 0.00923 0.00923 0.00923 0.00923
-1.86800 0.00851 0.00851 0.00851 0.00851
-1.86400 0.00779 0.00779 0.00779 0.00779
-1.86000 0.00715 0.00715 0.00715 0.00715
-1.85600 0.00664 0.00664 0.00664 0.00664
-1.85200 0.00624 0.00624 0.00624 0.00624
-1.84800 0.00594 0.00594 0.00594 0.00594
-1.84400 0.00572 0.00572 0.00572 0.00572
-1.84000 0.00557 0.00557 0.00557 0.00557
-1.83600 0.00548 0.00548 0.00548 0.00548
-1.83200 0.00543 0.00543 0.00543 0.00543
-1.82800 0.00542 0.00542 0.00542 0.00542
-1.82400 0.00545 0.00545 0.00545 0.00545
-1.82000 0.00552 0.00552 0.00552 0.00552
-1.81600 0.00562 0.00562 0.00562 0.00562
-1.81200 0.00575 0.00575 0.00575 0.00575
-1.80800 0.00593 0.00593 0.00593 0.00593
-1.80400 0.00615 0.00615 0.00615 0.00615
-1.80000 0.00642 0.00642 0.00642 0.00642
-1.79600 0.00675 0.00675 0.00675 0.00675
-1.79200 0.00716 0.00716 0.00716 0.00716
-1.78800 0.00766 0.00766 0.00766 0.00766
-1.78400 0.00827 0.00827 0.00827 0.00827
-1.78000 0.00902 0.00902 0.00902 0.00902
-1.77600 0.00992 0.00992 0.00992 0.00992
-1.77200 0.01099 0.01099 0.01099 0.01099
-1.76800 0.01220 0.01220 0.01220 0.01220
-1.76400 0.01345 0.01345 0.01345 0.01345
-1.76000 0.01462 0.01462 0.01462 0.01462
-1.75600 0.01565 0.01565 0.01565 0.01565
-1.75200 0.01661 0.01661 0.01661 0.01661
-1.74800 0.01768 0.01768 0.01768 0.01768
-1.74400 0.01894 0.01894 0.01894 0.01894
-1.74000 0.02030 0.02030 0.02030 0.02030
-1.73600 0.02146 0.02146 0.02146 0.02146
-1.73200 0.02209 0.02209 0.02209 0.02209
-1.72800 0.02207 0.02207 0.02207 0.02207
-1.72400 0.02165 0.02165 0.02165 0.02165
-1.72000 0.02124 0.02124 0.02124 0.02124
-1.71600 0.02119 0.02119 0.02119 0.02119
-1.71200 0.02169 0.02169 0.02169 0.02169
-1.70800 0.02288 0.02288 0.02288 0.02288
-1.70400 0.02486 0.02486 0.02486 0.02486
-1.70000 0.02775 0.02775 0.02775 0.02775
-1.69600 0.03171 0.03171 0.03171 0.03171
-1.69200 0.03689 0.03689 0.03689 0.03689
-1.68800 0.04331 0.04331 0.04331 0.04331
-1.68400 0.05066 0.05066 0.05066 0.05066
-1.68000 0.05791 0.05791 0.05791 0.05791
-1.67600 0.06325 0.06325 0.06325 0.06325
-1.67200 0.06472 0.06472 0.06472 0.06472
-1.66800 0.06167 0.06167 0.06167 0.06167
-1.66400 0.05532 0.05532 0.05532 0.05532
-1.66000 0.04769 0.04769 0.04769 0.04769
-1.65600 0.04035 0.04035 0.04035 0.04035
-1.65200 0.03406 0.03406 0.03406 0.03406
-1.64800 0.02896 0.02896 0.02896 0.02896
-1.64400 0.02494 0.02494 0.02494 0.02494
-1.64000 0.02183 0.02183 0.02183 0.02183
-1.63600 0.01944 0.01944 0.01944 0.01944
-1.63200 0.01763 0.01763 0.01763 0.01763
-1.62800 0.01628 0.01628 0.01628 0.01628
-1.62400 0.01532 0.01532 0.01532 0.01532
-1.62000 0.01471 0.01471 0.01471 0.01471
-1.61600 0.01440 0.01440 0.01440 0.01440
-1.61200 0.01437 0.01437 0.01437 0.01437
-1.60800 0.01460 0.01460 0.01460 0.01460
-1.60400 0.01502 0.01502 0.01502 0.01502
-1.60000 0.01551 0.01551 0.01551 0.01551
-1.59600 0.01585 0.01585 0.01585 0.01585
-1.59200 0.01590 0.01590 0.01590 0.01590
-1.58800 0.01563 0.01563 0.01563 0.01563
-1.58400 0.01520 0.01520 0.01520 0.01520
-1.58000 0.01485 0.01485 0.01485 0.01485
-1.57600 0.01473 0.01473 0.01473 0.01473
-1.57200 0.01494 0.01494 0.01494 0.01494
-1.56800 0.01555 0.01555 0.01555 0.01555
-1.56400 0.01659 0.01659 0.01659 0.01659
-1.56000 0.01809 0.01809 0.01809 0.01809
-1.55600 0.01999 0.01999 0.01999 0.01999
-1.55200 0.02211 0.02211 0.02211 0.02211
-1.54800 0.02401 0.02401 0.02401 0.02401
-1.54400 0.02511 0.02511 0.02511 0.02511
-1.54000 0.02501 0.02501 0.02501 0.02501
-1.53600 0.02384 0.02384 0.02384 0.02384
-1.53200 0.02213 0.02213 0.02213 0.02213
-1.52800 0.02039 0.02039 0.02039 0.02039
-1.52400 0.01884 0.01884 0.01884 0.01884
-1.52000 0.01745 0.01745 0.01745 0.01745
-1.51600 0.01611 0.01611 0.01611 0.01611
-1.51200 0.01477 0.01477 0.01477 0.01477
-1.50800 0.01348 0.01348 0.01348 0.01348
-1.50400 0.01234 0.01234 0.01234 0.01234
-1.50000 0.01139 0.01139 0.01139 0.01139
-1.49600 0.01064 0.01064 0.01064 0.01064
-1.49200 0.01007 0.01007 0.01007 0.01007
-1.48800 0.00966 0.00966 0.00966 0.00966
-1.48400 0.00938 0.00938 0.00938 0.00938
-1.48000 0.00921 0.00921 0.00921 0.00921
-1.47600 0.00916 0.00916 0.00916 0.00916
-1.47200 0.00922 0.00922 0.00922 0.00922
-1.46800 0.00940 0.00940 0.00940 0.00940
-1.46400 0.00971 0.00971 0.00971 0.00971
-1.46000 0.01015 0.01015 0.01015 0.01015
-1.45600 0.01076 0.01076 0.01076 0.01076
-1.45200 0.01151 0.01151 0.01151 0.01151
-1.44800 0.01237 0.01237 0.01237 0.01237
-1.44400 0.01322 0.01322 0.01322 0.01322
-1.44000 0.01383 0.01383 0.01383 0.01383
-1.43600 0.01399 0.01399 0.01399 0.01399
-1.43200 0.01364 0.01364 0.01364 0.01364
-1.42800 0.01292 0.01292 0.01292 0.01292
-1.42400 0.01209 0.01209 0.01209 0.01209
-1.42000 0.01132 0.01132 0.01132 0.01132
-1.41600 0.01069 0.01069 0.01069 0.01069
-1.41200 0.01022 0.01022 0.01022 0.01022
-1.40800 0.00989 0.00989 0.00989 0.00989
-1.40400 0.00969 0.00969 0.00969 0.00969
-1.40000 0.00960 0.00960 0.00960 0.00960
-1.39600 0.00960 0.00960 0.00960 0.00960
-1.39200 0.00968 0.00968 0.00968 0.00968
-1.38800 0.00985 0.00985 0.00985 0.00985
-1.38400 0.01009 0.01009 0.01009 0.01009
-1.38000 0.01042 0.01042 0.01042 0.01042
-1.37600 0.01084 0.01084 0.01084 0.01084
-1.37200 0.01138 0.01138 0.01138 0.01138
-1.36800 0.01204 0.01204 0.01204 0.01204
-1.36400 0.01286 0.01286 0.01286 0.01286
-1.36000 0.01388 0.01388 0.01388 0.01388
-1.35600 0.01515 0.01515 0.01515 0.01515
-1.35200 0.01673 0.01673 0.01673 0.01673
-1.34800 0.01872 0.01872 0.01872 0.01872
-1.34400 0.02119 0.02119 0.02119 0.02119
-1.34000 0.02424 0.02424 0.02424 0.02424
-1.33600 0.02785 0.02785 0.02785 0.02785
-1.33200 0.03188 0.03188 0.03188 0.03188
-1.32800 0.03599 0.03599 0.03599 0.03599
-1.32400 0.03969 0.03969 0.03969 0.03969
-1.32000 0.04252 0.04252 0.04252 0.04252
-1.31600 0.04396 0.04396 0.04396 0.04396
-1.31200 0.04351 0.04351 0.04351 0.04351
-1.30800 0.04110 0.04110 0.04110 0.04110
-1.30400 0.03737 0.03737 0.03737 0.03737
-1.30000 0.03327 0.03327 0.03327 0.03327
-1.29600 0.02951 0.02951 0.02951 0.02951
-1.29200 0.02644 0.02644 0.02644 0.02644
-1.28800 0.02410 0.02410 0.02410 0.02410
-1.28400 0.02243 0.02243 0.02243 0.02243
-1.28000 0.02129 0.02129 0.02129 0.02129
-1.27600 0.02052 0.02052 0.02052 0.02052
-1.27200 0.01992 0.01992 0.01992 0.01992
-1.26800 0.01935 0.01935 0.01935 0.01935
-1.26400 0.01874 0.01874 0.01874 0.01874
-1.26000 0.01814 0.01814 0.01814 0.01814
-1.25600 0.01765 0.01765 0.01765 0.01765
-1.25200 0.01733 0.01733 0.01733 0.01733
-1.24800 0.01719 0.01719 0.01719 0.01719
-1.24400 0.01723 0.01723 0.01723 0.01723
-1.24000 0.01745 0.01745 0.01745 0.01745
-1.23600 0.01784 0.01784 0.01784 0.01784
-1.23200 0.01841 0.01841 0.01841 0.01841
-1.22800 0.01916 0.01916 0.01916 0.01916
-1.22400 0.02011 0.02011 0.02011 0.02011
-1.22000 0.02127 0.02127 0.02127 0.02127
-1.21600 0.02269 0.02269 0.02269 0.02269
-1.21200 0.02441 0.02441 0.02441 0.02441
-1.20800 0.02649 0.02649 0.02649 0.02649
-1.20400 0.02901 0.02901 0.02901 0.02901
-1.20000 0.03206 0.03206 0.03206 0.03206
-1.19600 0.03575 0.03575 0.03575 0.03575
-1.19200 0.04021 0.04021 0.04021 0.04021
-1.18800 0.04553 0.04553 0.04553 0.04553
-1.18400 0.05186 0.05186 0.05186 0.05186
-1.18000 0.05948 0.05948 0.05948 0.05948
-1.17600 0.06887 0.06887 0.06887 0.06887
-1.17200 0.08070 0.08070 0.08070 0.08070
-1.16800 0.09557 0.09557 0.09557 0.09557
-1.16400 0.11377 0.11377 0.11377 0.11377
-1.16000 0.13455 0.13455 0.13455 0.13455
-1.15600 0.15534 0.15534 0.15534 0.15534
-1.15200 0.17123 0.17123 0.17123 0.17123
-1.14800 0.17668 0.17668 0.17668 0.17668
-1.14400 0.16945 0.16945 0.16945 0.16945
-1.14000 0.15257 0.15257 0.15257 0.15257
-1.13600 0.13167 0.13167 0.13167 0.13167
-1.13200 0.11134 0.11134 0.11134 0.11134
-1.12800 0.09383 0.09383 0.09383 0.09383
-1.12400 0.07967 0.07967 0.07967 0.07967
-1.12000 0.06862 0.06862 0.06862 0.06862
-1.11600 0.06018 0.06018 0.06018 0.06018
-1.11200 0.05387 0.05387 0.05387 0.05387
-1.10800 0.04928 0.04928 0.04928 0.04928
-1.10400 0.04615 0.04615 0.04615 0.04615
-1.10000 0.04430 0.04430 0.04430 0.04430
-1.09600 0.04364 0.04364 0.04364 0.04364
-1.09200 0.04416 0.04416 0.04416 0.04416
-1.08800 0.04589 0.04589 0.04589 0.04589
-1.08400 0.04887 0.04887 0.04887 0.04887
-1.08000 0.05298 0.05298 0.05298 0.05298
-1.07600 0.05780 0.05780 0.05780 0.05780
-1.07200 0.06238 0.06238 0.06238 0.06238
-1.06800 0.06530 0.06530 0.06530 0.06530
-1.06400 0.06526 0.06526 0.06526 0.06526
-1.06000 0.06192 0.06192 0.06192 0.06192
-1.05600 0.05620 0.05620 0.05620 0.05620
-1.05200 0.04960 0.04960 0.04960 0.04960
-1.04800 0.04329 0.04329 0.04329 0.04329
-1.04400 0.03784 0.03784 0.03784 0.03784
-1.04000 0.03338 0.03338 0.03338 0.03338
-1.03600 0.02980 0.02980 0.02980 0.02980
-1.03200 0.02696 0.02696 0.02696 0.02696
-1.02800 0.02469 0.02469 0.02469 0.02469
-1.02400 0.02289 0.02289 0.02289 0.02289
-1.02000 0.02144 0.02144 0.02144 0.02144
-1.01600 0.02026 0.02026 0.02026 0.02026
-1.01200 0.01931 0.01931 0.01931 0.01931
-1.00800 0.01854 0.01854 0.01854 0.01854
-1.00400 0.01792 0.01792 0.01792 0.01792
-1.00000 0.01741 0.01741 0.01741 0.01741
-0.99600 0.01701 0.01701 0.01701 0.01701
-0.99200 0.01669 0.01669 0.01669 0.01669
-0.98800 0.01646 0.01646 0.01646 0.01646
-0.98400 0.01629 0.01629 0.01629 0.01629
-0.98000 0.01618 0.01618 0.01618 0.01618
-0.97600 0.01613 0.01613 0.01613 0.01613
-0.97200 0.01614 0.01614 0.01614 0.01614
-0.96800 0.01619 0.01619 0.01619 0.01619
-0.96400 0.01628 0.01628 0.01628 0.01628
-0.96000 0.01640 0.01640 0.01640 0.01640
-0.95600 0.01655 0.01655 0.01655 0.01655
-0.95200 0.01674 0.01674 0.01674 0.01674
-0.94800 0.01698 0.01698 0.01698 0.01698
-0.94400 0.01726 0.01726 0.01726 0.01726
-0.94000 0.01758 0.01758 0.01758 0.01758
-0.93600 0.01790 0.01790 0.01790 0.01790
-0.93200 0.01821 0.01821 0.01821 0.01821
-0.92800 0.01852 0.01852 0.01852 0.01852
-0.92400 0.01885 0.01885 0.01885 0.01885
-0.92000 0.01923 0.01923 0.01923 0.01923
-0.91600 0.01971 0.01971 0.01971 0.01971
-0.91200 0.02027 0.02027 0.02027 0.02027
-0.90800 0.02093 0.02093 0.02093 0.02093
-0.90400 0.02168 0.02168 0.02168 0.02168
-0.90000 0.02255 0.02255 0.02255 0.02255
-0.89600 0.02354 0.02354 0.02354 0.02354
-0.89200 0.02471 0.02471 0.02471 0.02471
-0.88800 0.02610 0.02610 0.02610 0.02610
-0.88400 0.02777 0.02777 0.02777 0.02777
-0.88000 0.02978 0.02978 0.02978 0.02978
-0.87600 0.03223 0.03223 0.03223 0.03223
-0.87200 0.03523 0.03523 0.03523 0.03523
-0.86800 0.03892 0.03892 0.03892 0.03892
-0.86400 0.04349 0.04349 0.04349 0.04349
-0.86000 0.04917 0.04917 0.04917 0.04917
-0.85600 0.05617 0.05617 0.05617 0.05617
-0.85200 0.06463 0.06463 0.06463 0.06463
-0.84800 0.07443 0.07443 0.07443 0.07443
-0.84400 0.08509 0.08509 0.08509 0.08509
-0.84000 0.09573 0.09573 0.09573 0.09573
-0.83600 0.10532 0.10532 0.10532 0.10532
-0.83200 0.11266 0.11266 0.11266 0.11266
-0.82800 0.11646 0.11646 0.11646 0.11646
-0.82400 0.11566 0.11566 0.11566 0.11566
-0.82000 0.11011 0.11011 0.11011 0.11011
-0.81600 0.10091 0.10091 0.10091 0.10091
-0.81200 0.09005 0.09005 0.09005 0.09005
-0.80800 0.07947 0.07947 0.07947 0.07947
-0.80400 0.07031 0.07031 0.07031 0.07031
-0.80000 0.06292 0.06292 0.06292 0.06292
-0.79600 0.05724 0.05724 0.05724 0.05724
-0.79200 0.05300 0.05300 0.05300 0.05300
-0.78800 0.04996 0.04996 0.04996 0.04996
-0.78400 0.04789 0.04789 0.04789 0.04789
-0.78000 0.04662 0.04662 0.04662 0.04662
-0.77600 0.04603 0.04603 0.04603 0.04603
-0.77200 0.04603 0.04603 0.04603 0.04603
-0.76800 0.04659 0.04659 0.04659 0.04659
-0.76400 0.04767 0.04767 0.04767 0.04767
-0.76000 0.04930 0.04930 0.04930 0.04930
-0.75600 0.05151 0.05151 0.05151 0.05151
-0.75200 0.05436 0.05436 0.05436 0.05436
-0.74800 0.05794 0.05794 0.05794 0.05794
-0.74400 0.06240 0.06240 0.06240 0.06240
-0.74000 0.06792 0.06792 0.06792 0.06792
-0.73600 0.07476 0.07476 0.07476 0.07476
-0.73200 0.08326 0.08326 0.08326 0.08326
-0.72800 0.09387 0.09387 0.09387 0.09387
-0.72400 0.10721 0.10721 0.10721 0.10721
-0.72000 0.12407 0.12407 0.12407 0.12407
-0.71600 0.14542 0.14542 0.14542 0.14542
-0.71200 0.17233 0.17233 0.17233 0.17233
-0.70800 0.20562 0.20562 0.20562 0.20562
-0.70400 0.24505 0.24505 0.24505 0.24505
-0.70000 0.28778 0.28778 0.28778 0.28778
-0.69600 0.32657 0.32657 0.32657 0.32657
-0.69200 0.35045 0.35045 0.35045 0.35045
-0.68800 0.35043 0.35043 0.35043 0.35043
-0.68400 0.32681 0.32681 0.32681 0.32681
-0.68000 0.28890 0.28890 0.28890 0.28890
-0.67600 0.24760 0.24760 0.24760 0.24760
-0.67200 0.20990 0.20990 0.20990 0.20990
-0.66800 0.17851 0.17851 0.17851 0.17851
-0.66400 0.15360 0.15360 0.15360 0.15360
-0.66000 0.13438 0.13438 0.13438 0.13438
-0.65600 0.11981 0.11981 0.11981 0.11981
-0.65200 0.10900 0.10900 0.10900 0.10900
-0.64800 0.10126 0.10126 0.10126 0.10126
-0.64400 0.09608 0.09608 0.09608 0.09608
-0.64000 0.09318 0.09318 0.09318 0.09318
-0.63600 0.09239 0.09239 0.09239 0.09239
-0.63200 0.09372 0.09372 0.09372 0.09372
-0.62800 0.09730 0.09730 0.09730 0.09730
-0.62400 0.10333 0.10333 0.10333 0.10333
-0.62000 0.11200 0.11200 0.11200 0.11200
-0.61600 0.12327 0.12327 0.12327 0.12327
-0.61200 0.13642 0.13642 0.13642 0.13642
-0.60800 0.14964 0.14964 0.14964 0.14964
-0.60400 0.16021 0.16021 0.16021 0.16021
-0.60000 0.16569 0.16569 0.16569 0.16569
-0.59600 0.16510 0.16510 0.16510 0.16510
-0.59200 0.15875 0.15875 0.15875 0.15875
-0.58800 0.14764 0.14764 0.14764 0.14764
-0.58400 0.13363 0.13363 0.13363 0.13363
-0.58000 0.11905 0.11905 0.11905 0.11905
-0.57600 0.10574 0.10574 0.10574 0.10574
-0.57200 0.09453 0.09453 0.09453 0.09453
-0.56800 0.08553 0.08553 0.08553 0.08553
-0.56400 0.07849 0.07849 0.07849 0.07849
-0.56000 0.07306 0.07306 0.07306 0.07306
-0.55600 0.06892 0.06892 0.06892 0.06892
-0.55200 0.06580 0.06580 0.06580 0.06580
-0.54800 0.06349 0.06349 0.06349 0.06349
-0.54400 0.06183 0.06183 0.06183 0.06183
-0.54000 0.06072 0.06072 0.06072 0.06072
-0.53600 0.06005 0.06005 0.06005 0.06005
-0.53200 0.05978 0.05978 0.05978 0.05978
-0.52800 0.05984 0.05984 0.05984 0.05984
-0.52400 0.06022 0.06022 0.06022 0.06022
-0.52000 0.06088 0.06088 0.06088 0.06088
-0.51600 0.06183 0.06183 0.06183 0.06183
-0.51200 0.06304 0.06304 0.06304 0.06304
-0.50800 0.06454 0.06454 0.06454 0.06454
-0.50400 0.06631 0.06631 0.06631 0.06631
-0.50000 0.06840 0.06840 0.06840 0.06840
-0.49600 0.07080 0.07080 0.07080 0.07080
-0.49200 0.07357 0.07357 0.07357 0.07357
-0.48800 0.07673 0.07673 0.07673 0.07673
-0.48400 0.08035 0.08035 0.08035 0.08035
-0.48000 0.08448 0.08448 0.08448 0.08448
-0.47600 0.08921 0.08921 0.08921 0.08921
-0.47200 0.09464 0.09464 0.09464 0.09464
-0.46800 0.10090 0.10090 0.10090 0.10090
-0.46400 0.10815 0.10815 0.10815 0.10815
-0.46000 0.11660 0.11660 0.11660 0.11660
-0.45600 0.12652 0.12652 0.12652 0.12652
-0.45200 0.13824 0.13824 0.13824 0.13824
-0.44800 0.15223 0.15223 0.15223 0.15223
-0.44400 0.16905 0.16905 0.16905 0.16905
-0.44000 0.18951 0.18951 0.18951 0.18951
-0.43600 0.21462 0.21462 0.21462 0.21462
-0.43200 0.24575 0.24575 0.24575 0.24575
-0.42800 0.28467 0.28467 0.28467 0.28467
-0.42400 0.33361 0.33361 0.33361 0.33361
-0.42000 0.39514 0.39514 0.39514 0.39514
-0.41600 0.47160 0.47160 0.47160 0.47160
-0.41200 0.56359 0.56359 0.56359 0.56359
-0.40800 0.66681 0.66681 0.66681 0.66681
-0.40400 0.76770 0.76770 0.76770 0.76770
-0.40000 0.84224 0.84224 0.84224 0.84224
-0.39600 0.86571 0.86571 0.86571 0.86571
-0.39200 0.83117 0.83117 0.83117 0.83117
-0.38800 0.75592 0.75592 0.75592 0.75592
-0.38400 0.66681 0.66681 0.66681 0.66681
-0.38000 0.58367 0.58367 0.58367 0.58367
-0.37600 0.51465 0.51465 0.51465 0.51465
-0.37200 0.45932 0.45932 0.45932 0.45932
-0.36800 0.41324 0.41324 0.41324 0.41324
-0.36400 0.37200 0.37200 0.37200 0.37200
-0.36000 0.33390 0.33390 0.33390 0.33390
-0.35600 0.29962 0.29962 0.29962 0.29962
-0.35200 0.27029 0.27029 0.27029 0.27029
-0.34800 0.24632 0.24632 0.24632 0.24632
-0.34400 0.22739 0.22739 0.22739 0.22739
-0.34000 0.21279 0.21279 0.21279 0.21279
-0.33600 0.20180 0.20180 0.20180 0.20180
-0.33200 0.19376 0.19376 0.19376 0.19376
-0.32800 0.18816 0.18816 0.18816 0.18816
-0.32400 0.18461 0.18461 0.18461 0.18461
-0.32000 0.18280 0.18280 0.18280 0.18280
-0.31600 0.18253 0.18253 0.18253 0.18253
-0.31200 0.18363 0.18363 0.18363 0.18363
-0.30800 0.18601 0.18601 0.18601 0.18601
-0.30400 0.18960 0.18960 0.18960 0.18960
-0.30000 0.19438 0.19438 0.19438 0.19438
-0.29600 0.20035 0.20035 0.20035 0.20035
-0.29200 0.20755 0.20755 0.20755 0.20755
-0.28800 0.21603 0.21603 0.21603 0.21603
-0.28400 0.22589 0.22589 0.22589 0.22589
-0.28000 0.23725 0.23725 0.23725 0.23725
-0.27600 0.25025 0.25025 0.25025 0.25025
-0.27200 0.26510 0.26510 0.26510 0.26510
-0.26800 0.28203 0.28203 0.28203 0.28203
-0.26400 0.30134 0.30134 0.30134 0.30134
-0.26000 0.32339 0.32339 0.32339 0.32339
-0.25600 0.34862 0.34862 0.34862 0.34862
-0.25200 0.37758 0.37758 0.37758 0.37758
-0.24800 0.41096 0.41096 0.41096 0.41096
-0.24400 0.44959 0.44959 0.44959 0.44959
-0.24000 0.49455 0.49455 0.49455 0.49455
-0.23600 0.54718 0.54718 0.54718 0.54718
-0.23200 0.60921 0.60921 0.60921 0.60921
-0.22800 0.68284 0.68284 0.68284 0.68284
-0.22400 0.77095 0.77095 0.77095 0.77095
-0.22000 0.87730 0.87730 0.87730 0.87730
-0.21600 1.00683 1.00683 1.00683 1.00683
-0.21200 1.16611 1.16611 1.16611 1.16611
-0.20800 1.36384 1.36384 1.36384 1.36384
-0.20400 1.61150 1.61150 1.61150 1.61150
-0.20000 1.92390 1.92390 1.92390 1.92390
-0.19600 2.31925 2.31925 2.31925 2.31925
-0.19200 2.81738 2.81738 2.81738 2.81738
-0.18800 3.43350 3.43350 3.43350 3.43350
-0.18400 4.16246 4.16246 4.16246 4.16246
-0.18000 4.94949 4.94949 4.94949 4.94949
-0.17600 5.65840 5.65840 5.65840 5.65840
-0.17200 6.08413 6.08413 6.08413 6.08413
-0.16800 6.06177 6.06177 6.06177 6.06177
-0.16400 5.60092 5.60092 5.60092 5.60092
-0.16000 4.87695 4.87695 4.87695 4.87695
-0.15600 4.09150 4.09150 4.09150 4.09150
-0.15200 3.37240 3.37240 3.37240 3.37240
-0.14800 2.76818 2.76818 2.76818 2.76818
-0.14400 2.28105 2.28105 2.28105 2.28105
-0.14000 1.89489 1.89489 1.89489 1.89489
-0.13600 1.58982 1.58982 1.58982 1.58982
-0.13200 1.34793 1.34793 1.34793 1.34793
-0.12800 1.15475 1.15475 1.15475 1.15475
-0.12400 0.99909 0.99909 0.99909 0.99909
-0.12000 0.87246 0.87246 0.87246 0.87246
-0.11600 0.76849 0.76849 0.76849 0.76849
-0.11200 0.68234 0.68234 0.68234 0.68234
-0.10800 0.61035 0.61035 0.61035 0.61035
-0.10400 0.54972 0.54972 0.54972 0.54972
-0.10000 0.49829 0.49829 0.49829 0.49829
-0.09600 0.45437 0.45437 0.45437 0.45437
-0.09200 0.41663 0.41663 0.41663 0.41663
-0.08800 0.38404 0.38404 0.38404 0.38404
-0.08400 0.35576 0.35576 0.35576 0.35576
-0.08000 0.33111 0.33111 0.33111 0.33111
-0.07600 0.30955 0.30955 0.30955 0.30955
-0.07200 0.29063 0.29063 0.29063 0.29063
-0.06800 0.27399 0.27399 0.27399 0.27399
-0.06400 0.25933 0.25933 0.25933 0.25933
-0.06000 0.24638 0.24638 0.24638 0.24638
-0.05600 0.23496 0.23496 0.23496 0.23496
-0.05200 0.22487 0.22487 0.22487 0.22487
-0.04800 0.21597 0.21597 0.21597 0.21597
-0.04400 0.20814 0.20814 0.20814 0.20814
-0.04000 0.20128 0.20128 0.20128 0.20128
-0.03600 0.19529 0.19529 0.19529 0.19529
-0.03200 0.19010 0.19010 0.19010 0.19010
-0.02800 0.18565 0.18565 0.18565 0.18565
-0.02400 0.18189 0.18189 0.18189 0.18189
-0.02000 0.17878 0.17878 0.17878 0.17878
-0.01600 0.17627 0.17627 0.17627 0.17627
-0.01200 0.17435 0.17435 0.17435 0.17435
-0.00800 0.17299 0.17299 0.17299 0.17299
-0.00400 0.17218 0.17218 0.17218 0.17218
0.00000 0.17191 0.17191 0.17191 0.17191
0.00400 0.17218 0.17218 0.17218 0.17218
0.00800 0.17299 0.17299 0.17299 0.17299
0.01200 0.17434 0.17434 0.17434 0.17434
0.01600 0.17626 0.17626 0.17626 0.17626
0.02000 0.17876 0.17876 0.17876 0.17876
0.02400 0.18187 0.18187 0.18187 0.18187
0.02800 0.18563 0.18563 0.18563 0.18563
0.03200 0.19007 0.19007 0.19007 0.19007
0.03600 0.19526 0.19526 0.19526 0.19526
0.04000 0.20124 0.20124 0.20124 0.20124
0.04400 0.20810 0.20810 0.20810 0.20810
0.04800 0.21592 0.21592 0.21592 0.21592
0.05200 0.22481 0.22481 0.22481 0.22481
0.05600 0.23488 0.23488 0.23488 0.23488
0.06000 0.24630 0.24630 0.24630 0.24630
0.06400 0.25923 0.25923 0.25923 0.25923
0.06800 0.27388 0.27388 0.27388 0.27388
0.07200 0.29050 0.29050 0.29050 0.29050
0.07600 0.30940 0.30940 0.30940 0.30940
0.08000 0.33093 0.33093 0.33093 0.33093
0.08400 0.35555 0.35555 0.35555 0.35555
0.08800 0.38379 0.38379 0.38379 0.38379
0.09200 0.41633 0.41633 0.41633 0.41633
0.09600 0.45400 0.45400 0.45400 0.45400
0.10000 0.49784 0.49784 0.49784 0.49784
0.10400 0.54918 0.54918 0.54918 0.54918
0.10800 0.60969 0.60969 0.60969 0.60969
0.11200 0.68153 0.68153 0.68153 0.68153
0.11600 0.76748 0.76748 0.76748 0.76748
0.12000 0.87120 0.87120 0.87120 0.87120
0.12400 0.99750 0.99750 0.99750 0.99750
0.12800 1.15273 1.15273 1.15273 1.15273
0.13200 1.34534 1.34534 1.34534 1.34534
0.13600 1.58647 1.58647 1.58647 1.58647
0.14000 1.89055 1.89055 1.89055 1.89055
0.14400 2.27547 2.27547 2.27547 2.27547
0.14800 2.76110 2.76110 2.76110 2.76110
0.15200 3.36376 3.36376 3.36376 3.36376
0.15600 4.08180 4.08180 4.08180 4.08180
0.16000 4.86785 4.86785 4.86785 4.86785
0.16400 5.59559 5.59559 5.59559 5.59559
0.16800 6.06393 6.06393 6.06393 6.06393
0.17200 6.09535 6.09535 6.09535 6.09535
0.17600 5.67642 5.67642 5.67642 5.67642
0.18000 4.96999 4.96999 4.96999 4.96999
0.18400 4.18191 4.18191 4.18191 4.18191
0.18800 3.45023 3.45023 3.45023 3.45023
0.19200 2.83106 2.83106 2.83106 2.83106
0.19600 2.33018 2.33018 2.33018 2.33018
0.20000 1.93258 1.93258 1.93258 1.93258
0.20400 1.61839 1.61839 1.61839 1.61839
0.20800 1.36934 1.36934 1.36934 1.36934
0.21200 1.17052 1.17052 1.17052 1.17052
0.21600 1.01038 1.01038 1.01038 1.01038
0.22000 0.88017 0.88017 0.88017 0.88017
0.22400 0.77328 0.77328 0.77328 0.77328
0.22800 0.68473 0.68473 0.68473 0.68473
0.23200 0.61073 0.61073 0.61073 0.61073
0.23600 0.54840 0.54840 0.54840 0.54840
0.24000 0.49551 0.49551 0.49551 0.49551
0.24400 0.45033 0.45033 0.45033 0.45033
0.24800 0.41149 0.41149 0.41149 0.41149
0.25200 0.37794 0.37794 0.37794 0.37794
0.25600 0.34881 0.34881 0.34881 0.34881
0.26000 0.32343 0.32343 0.32343 0.32343
0.26400 0.30123 0.30123 0.30123 0.30123
0.26800 0.28178 0.28178 0.28178 0.28178
0.27200 0.26470 0.26470 0.26470 0.26470
0.27600 0.24970 0.24970 0.24970 0.24970
0.28000 0.23653 0.23653 0.23653 0.23653
0.28400 0.22501 0.22501 0.22501 0.22501
0.28800 0.21497 0.21497 0.21497 0.21497
0.29200 0.20629 0.20629 0.20629 0.20629
0.29600 0.19887 0.19887 0.19887 0.19887
0.30000 0.19265 0.19265 0.19265 0.19265
0.30400 0.18758 0.18758 0.18758 0.18758
0.30800 0.18366 0.18366 0.18366 0.18366
0.31200 0.18089 0.18089 0.18089 0.18089
0.31600 0.17933 0.17933 0.17933 0.17933
0.32000 0.17905 0.17905 0.17905 0.17905
0.32400 0.18019 0.18019 0.18019 0.18019
0.32800 0.18293 0.18293 0.18293 0.18293
0.33200 0.18751 0.18751 0.18751 0.18751
0.33600 0.19429 0.19429 0.19429 0.19429
0.34000 0.20372 0.20372 0.20372 0.20372
0.34400 0.21637 0.21637 0.21637 0.21637
0.34800 0.23296 0.23296 0.23296 0.23296
0.35200 0.25422 0.25422 0.25422 0.25422
0.35600 0.28075 0.28075 0.28075 0.28075
0.36000 0.31255 0.31255 0.31255 0.31255
0.36400 0.34874 0.34874 0.34874 0.34874
0.36800 0.38789 0.38789 0.38789 0.38789
0.37200 0.42991 0.42991 0.42991 0.42991
0.37600 0.47771 0.47771 0.47771 0.47771
0.38000 0.53627 0.53627 0.53627 0.53627
0.38400 0.60907 0.60907 0.60907 0.60907
0.38800 0.69371 0.69371 0.69371 0.69371
0.39200 0.77758 0.77758 0.77758 0.77758
0.39600 0.83713 0.83713 0.83713 0.83713
0.40000 0.84754 0.84754 0.84754 0.84754
0.40400 0.80104 0.80104 0.80104 0.80104
0.40800 0.71371 0.71371 0.71371 0.71371
0.41200 0.61145 0.61145 0.61145 0.61145
0.41600 0.51385 0.51385 0.51385 0.51385
0.42000 0.42991 0.42991 0.42991 0.42991
0.42400 0.36131 0.36131 0.36131 0.36131
0.42800 0.30647 0.30647 0.30647 0.30647
0.43200 0.26290 0.26290 0.26290 0.26290
0.43600 0.22818 0.22818 0.22818 0.22818
0.44000 0.20032 0.20032 0.20032 0.20032
0.44400 0.17775 0.17775 0.17775 0.17775
0.44800 0.15929 0.15929 0.15929 0.15929
0.45200 0.14404 0.14404 0.14404 0.14404
0.45600 0.13132 0.13132 0.13132 0.13132
0.46000 0.12061 0.12061 0.12061 0.12061
0.46400 0.11153 0.11153 0.11153 0.11153
0.46800 0.10377 0.10377 0.10377 0.10377
0.47200 0.09709 0.09709 0.09709 0.09709
0.47600 0.09131 0.09131 0.09131 0.09131
0.48000 0.08628 0.08628 0.08628 0.08628
0.48400 0.08190 0.08190 0.08190 0.08190
0.48800 0.07806 0.07806 0.07806 0.07806
0.49200 0.07470 0.07470 0.07470 0.07470
0.49600 0.07175 0.07175 0.07175 0.07175
0.50000 0.06917 0.06917 0.06917 0.06917
0.50400 0.06692 0.06692 0.06692 0.06692
0.50800 0.06496 0.06496 0.06496 0.06496
0.51200 0.06329 0.06329 0.06329 0.06329
0.51600 0.06187 0.06187 0.06187 0.06187
0.52000 0.06069 0.06069 0.06069 0.06069
0.52400 0.05975 0.05975 0.05975 0.05975
0.52800 0.05905 0.05905 0.05905 0.05905
0.53200 0.05858 0.05858 0.05858 0.05858
0.53600 0.05836 0.05836 0.05836 0.05836
0.54000 0.05840 0.05840 0.05840 0.05840
0.54400 0.05872 0.05872 0.05872 0.05872
0.54800 0.05935 0.05935 0.05935 0.05935
0.55200 0.06032 0.06032 0.06032 0.06032
0.55600 0.06170 0.06170 0.06170 0.06170
0.56000 0.06354 0.06354 0.06354 0.06354
0.56400 0.06594 0.06594 0.06594 0.06594
0.56800 0.06902 0.06902 0.06902 0.06902
0.57200 0.07294 0.07294 0.07294 0.07294
0.57600 0.07790 0.07790 0.07790 0.07790
0.58000 0.08416 0.08416 0.08416 0.08416
0.58400 0.09206 0.09206 0.09206 0.09206
0.58800 0.10196 0.10196 0.10196 0.10196
0.59200 0.11421 0.11421 0.11421 0.11421
0.59600 0.12893 0.12893 0.12893 0.12893
0.60000 0.14566 0.14566 0.14566 0.14566
0.60400 0.16303 0.16303 0.16303 0.16303
0.60800 0.17899 0.17899 0.17899 0.17899
0.61200 0.19211 0.19211 0.19211 0.19211
0.61600 0.20296 0.20296 0.20296 0.20296
0.62000 0.21414 0.21414 0.21414 0.21414
0.62400 0.22901 0.22901 0.22901 0.22901
0.62800 0.25045 0.25045 0.25045 0.25045
0.63200 0.27986 0.27986 0.27986 0.27986
0.63600 0.31593 0.31593 0.31593 0.31593
0.64000 0.35304 0.35304 0.35304 0.35304
0.64400 0.38065 0.38065 0.38065 0.38065
0.64800 0.38709 0.38709 0.38709 0.38709
0.65200 0.36776 0.36776 0.36776 0.36776
0.65600 0.32905 0.32905 0.32905 0.32905
0.66000 0.28262 0.28262 0.28262 0.28262
0.66400 0.23776 0.23776 0.23776 0.23776
0.66800 0.19893 0.19893 0.19893 0.19893
0.67200 0.16711 0.16711 0.16711 0.16711
0.67600 0.14166 0.14166 0.14166 0.14166
0.68000 0.12144 0.12144 0.12144 0.12144
0.68400 0.10535 0.10535 0.10535 0.10535
0.68800 0.09246 0.09246 0.09246 0.09246
0.69200 0.08203 0.08203 0.08203 0.08203
0.69600 0.07352 0.07352 0.07352 0.07352
0.70000 0.06651 0.06651 0.06651 0.06651
0.70400 0.06067 0.06067 0.06067 0.06067
0.70800 0.05576 0.05576 0.05576 0.05576
0.71200 0.05161 0.05161 0.05161 0.05161
0.71600 0.04806 0.04806 0.04806 0.04806
0.72000 0.04502 0.04502 0.04502 0.04502
0.72400 0.04238 0.04238 0.04238 0.04238
0.72800 0.04009 0.04009 0.04009 0.04009
0.73200 0.03810 0.03810 0.03810 0.03810
0.73600 0.03635 0.03635 0.03635 0.03635
0.74000 0.03481 0.03481 0.03481 0.03481
0.74400 0.03346 0.03346 0.03346 0.03346
0.74800 0.03227 0.03227 0.03227 0.03227
0.75200 0.03122 0.03122 0.03122 0.03122
0.75600 0.03030 0.03030 0.03030 0.03030
0.76000 0.02950 0.02950 0.02950 0.02950
0.76400 0.02881 0.02881 0.02881 0.02881
0.76800 0.02821 0.02821 0.02821 0.02821
0.77200 0.02771 0.02771 0.02771 0.02771
0.77600 0.02730 0.02730 0.02730 0.02730
0.78000 0.02697 0.02697 0.02697 0.02697
0.78400 0.02674 0.02674 0.02674 0.02674
0.78800 0.02660 0.02660 0.02660 0.02660
0.79200 0.02655 0.02655 0.02655 0.02655
0.79600 0.02660 0.02660 0.02660 0.02660
0.80000 0.02677 0.02677 0.02677 0.02677
0.80400 0.02705 0.02705 0.02705 0.02705
0.80800 0.02747 0.02747 0.02747 0.02747
0.81200 0.02806 0.02806 0.02806 0.02806
0.81600 0.02883 0.02883 0.02883 0.02883
0.82000 0.02982 0.02982 0.02982 0.02982
0.82400 0.03109 0.03109 0.03109 0.03109
0.82800 0.03270 0.03270 0.03270 0.03270
0.83200 0.03473 0.03473 0.03473 0.03473
0.83600 0.03730 0.03730 0.03730 0.03730
0.84000 0.04052 0.04052 0.04052 0.04052
0.84400 0.04458 0.04458 0.04458 0.04458
0.84800 0.04964 0.04964 0.04964 0.04964
0.85200 0.05591 0.05591 0.05591 0.05591
0.85600 0.06360 0.06360 0.06360 0.06360
0.86000 0.07288 0.07288 0.07288 0.07288
0.86400 0.08362 0.08362 0.08362 0.08362
0.86800 0.09489 0.09489 0.09489 0.09489
0.87200 0.10460 0.10460 0.10460 0.10460
0.87600 0.10991 0.10991 0.10991 0.10991
0.88000 0.10895 0.10895 0.10895 0.10895
0.88400 0.10231 0.10231 0.10231 0.10231
0.88800 0.09262 0.09262 0.09262 0.09262
0.89200 0.08259 0.08259 0.08259 0.08259
0.89600 0.07390 0.07390 0.07390 0.07390
0.90000 0.06717 0.06717 0.06717 0.06717
0.90400 0.06248 0.06248 0.06248 0.06248
0.90800 0.05969 0.05969 0.05969 0.05969
0.91200 0.05863 0.05863 0.05863 0.05863
0.91600 0.05923 0.05923 0.05923 0.05923
0.92000 0.06152 0.06152 0.06152 0.06152
0.92400 0.06563 0.06563 0.06563 0.06563
0.92800 0.07183 0.07183 0.07183 0.07183
0.93200 0.08047 0.08047 0.08047 0.08047
0.93600 0.09198 0.09198 0.09198 0.09198
0.94000 0.10661 0.10661 0.10661 0.10661
0.94400 0.12409 0.12409 0.12409 0.12409
0.94800 0.14292 0.14292 0.14292 0.14292
0.95200 0.15977 0.15977 0.15977 0.15977
0.95600 0.16978 0.16978 0.16978 0.16978
0.96000 0.16890 0.16890 0.16890 0.16890
0.96400 0.15712 0.15712 0.15712 0.15712
0.96800 0.13854 0.13854 0.13854 0.13854
0.97200 0.11821 0.11821 0.11821 0.11821
0.97600 0.09944 0.09944 0.09944 0.09944
0.98000 0.08359 0.08359 0.08359 0.08359
0.98400 0.07074 0.07074 0.07074 0.07074
0.98800 0.06053 0.06053 0.06053 0.06053
0.99200 0.05243 0.05243 0.05243 0.05243
0.99600 0.04599 0.04599 0.04599 0.04599
1.00000 0.04083 0.04083 0.04083 0.04083
1.00400 0.03665 0.03665 0.03665 0.03665
1.00800 0.03324 0.03324 0.03324 0.03324
1.01200 0.03043 0.03043 0.03043 0.03043
1.01600 0.02810 0.02810 0.02810 0.02810
1.02000 0.02613 0.02613 0.02613 0.02613
1.02400 0.02446 0.02446 0.02446 0.02446
1.02800 0.02303 0.02303 0.02303 0.02303
1.03200 0.02181 0.02181 0.02181 0.02181
1.03600 0.02077 0.02077 0.02077 0.02077
1.04000 0.01988 0.01988 0.01988 0.01988
1.04400 0.01912 0.01912 0.01912 0.01912
1.04800 0.01849 0.01849 0.01849 0.01849
1.05200 0.01797 0.01797 0.01797 0.01797
1.05600 0.01754 0.01754 0.01754 0.01754
1.06000 0.01721 0.01721 0.01721 0.01721
1.06400 0.01697 0.01697 0.01697 0.01697
1.06800 0.01683 0.01683 0.01683 0.01683
1.07200 0.01679 0.01679 0.01679 0.01679
1.07600 0.01685 0.01685 0.01685 0.01685
1.08000 0.01703 0.01703 0.01703 0.01703
1.08400 0.01735 0.01735 0.01735 0.01735
1.08800 0.01780 0.01780 0.01780 0.01780
1.09200 0.01837 0.01837 0.01837 0.01837
1.09600 0.01903 0.01903 0.01903 0.01903
1.10000 0.01966 0.01966 0.01966 0.01966
1.10400 0.02019 0.02019 0.02019 0.02019
1.10800 0.02061 0.02061 0.02061 0.02061
1.11200 0.02101 0.02101 0.02101 0.02101
1.11600 0.02155 0.02155 0.02155 0.02155
1.12000 0.02237 0.02237 0.02237 0.02237
1.12400 0.02358 0.02358 0.02358 0.02358
1.12800 0.02528 0.02528 0.02528 0.02528
1.13200 0.02758 0.02758 0.02758 0.02758
1.13600 0.03064 0.03064 0.03064 0.03064
1.14000 0.03463 0.03463 0.03463 0.03463
1.14400 0.03974 0.03974 0.03974 0.03974
1.14800 0.04610 0.04610 0.04610 0.04610
1.15200 0.05359 0.05359 0.05359 0.05359
1.15600 0.06152 0.06152 0.06152 0.06152
1.16000 0.06837 0.06837 0.06837 0.06837
1.16400 0.07203 0.07203 0.07203 0.07203
1.16800 0.07106 0.07106 0.07106 0.07106
1.17200 0.06587 0.06587 0.06587 0.06587
1.17600 0.05834 0.05834 0.05834 0.05834
1.18000 0.05044 0.05044 0.05044 0.05044
1.18400 0.04336 0.04336 0.04336 0.04336
1.18800 0.03752 0.03752 0.03752 0.03752
1.19200 0.03289 0.03289 0.03289 0.03289
1.19600 0.02933 0.02933 0.02933 0.02933
1.20000 0.02664 0.02664 0.02664 0.02664
1.20400 0.02465 0.02465 0.02465 0.02465
1.20800 0.02323 0.02323 0.02323 0.02323
1.21200 0.02228 0.02228 0.02228 0.02228
1.21600 0.02168 0.02168 0.02168 0.02168
1.22000 0.02131 0.02131 0.02131 0.02131
1.22400 0.02104 0.02104 0.02104 0.02104
1.22800 0.02077 0.02077 0.02077 0.02077
1.23200 0.02051 0.02051 0.02051 0.02051
1.23600 0.02034 0.02034 0.02034 0.02034
1.24000 0.02037 0.02037 0.02037 0.02037
1.24400 0.02067 0.02067 0.02067 0.02067
1.24800 0.02129 0.02129 0.02129 0.02129
1.25200 0.02229 0.02229 0.02229 0.02229
1.25600 0.02373 0.02373 0.02373 0.02373
1.26000 0.02568 0.02568 0.02568 0.02568
1.26400 0.02828 0.02828 0.02828 0.02828
1.26800 0.03166 0.03166 0.03166 0.03166
1.27200 0.03603 0.03603 0.03603 0.03603
1.27600 0.04161 0.04161 0.04161 0.04161
1.28000 0.04860 0.04860 0.04860 0.04860
1.28400 0.05699 0.05699 0.05699 0.05699
1.28800 0.06626 0.06626 0.06626 0.06626
1.29200 0.07497 0.07497 0.07497 0.07497
1.29600 0.08077 0.08077 0.08077 0.08077
1.30000 0.08158 0.08158 0.08158 0.08158
1.30400 0.07722 0.07722 0.07722 0.07722
1.30800 0.06960 0.06960 0.06960 0.06960
1.31200 0.06115 0.06115 0.06115 0.06115
1.31600 0.05353 0.05353 0.05353 0.05353
1.32000 0.04742 0.04742 0.04742 0.04742
1.32400 0.04287 0.04287 0.04287 0.04287
1.32800 0.03955 0.03955 0.03955 0.03955
1.33200 0.03690 0.03690 0.03690 0.03690
1.33600 0.03432 0.03432 0.03432 0.03432
1.34000 0.03146 0.03146 0.03146 0.03146
1.34400 0.02839 0.02839 0.02839 0.02839
1.34800 0.02539 0.02539 0.02539 0.02539
1.35200 0.02272 0.02272 0.02272 0.02272
1.35600 0.02046 0.02046 0.02046 0.02046
1.36000 0.01863 0.01863 0.01863 0.01863
1.36400 0.01716 0.01716 0.01716 0.01716
1.36800 0.01600 0.01600 0.01600 0.01600
1.37200 0.01509 0.01509 0.01509 0.01509
1.37600 0.01437 0.01437 0.01437 0.01437
1.38000 0.01382 0.01382 0.01382 0.01382
1.38400 0.01341 0.01341 0.01341 0.01341
1.38800 0.01314 0.01314 0.01314 0.01314
1.39200 0.01301 0.01301 0.01301 0.01301
1.39600 0.01302 0.01302 0.01302 0.01302
1.40000 0.01318 0.01318 0.01318 0.01318
1.40400 0.01351 0.01351 0.01351 0.01351
1.40800 0.01402 0.01402 0.01402 0.01402
1.41200 0.01477 0.01477 0.01477 0.01477
1.41600 0.01579 0.01579 0.01579 0.01579
1.42000 0.01716 0.01716 0.01716 0.01716
1.42400 0.01897 0.01897 0.01897 0.01897
1.42800 0.02132 0.02132 0.02132 0.02132
1.43200 0.02428 0.02428 0.02428 0.02428
1.43600 0.02784 0.02784 0.02784 0.02784
1.44000 0.03178 0.03178 0.03178 0.03178
1.44400 0.03555 0.03555 0.03555 0.03555
1.44800 0.03826 0.03826 0.03826 0.03826
1.45200 0.03903 0.03903 0.03903 0.03903
1.45600 0.03751 0.03751 0.03751 0.03751
1.46000 0.03421 0.03421 0.03421 0.03421
1.46400 0.03009 0.03009 0.03009 0.03009
1.46800 0.02604 0.02604 0.02604 0.02604
1.47200 0.02249 0.02249 0.02249 0.02249
1.47600 0.01958 0.01958 0.01958 0.01958
1.48000 0.01726 0.01726 0.01726 0.01726
1.48400 0.01545 0.01545 0.01545 0.01545
1.48800 0.01404 0.01404 0.01404 0.01404
1.49200 0.01295 0.01295 0.01295 0.01295
1.49600 0.01211 0.01211 0.01211 0.01211
1.50000 0.01149 0.01149 0.01149 0.01149
1.50400 0.01103 0.01103 0.01103 0.01103
1.50800 0.01073 0.01073 0.01073 0.01073
1.51200 0.01057 0.01057 0.01057 0.01057
1.51600 0.01055 0.01055 0.01055 0.01055
1.52000 0.01068 0.01068 0.01068 0.01068
1.52400 0.01096 0.01096 0.01096 0.01096
1.52800 0.01142 0.01142 0.01142 0.01142
1.53200 0.01205 0.01205 0.01205 0.01205
1.53600 0.01282 0.01282 0.01282 0.01282
1.54000 0.01365 0.01365 0.01365 0.01365
1.54400 0.01434 0.01434 0.01434 0.01434
1.54800 0.01468 0.01468 0.01468 0.01468
1.55200 0.01456 0.01456 0.01456 0.01456
1.55600 0.01410 0.01410 0.01410 0.01410
1.56000 0.01351 0.01351 0.01351 0.01351
1.56400 0.01300 0.01300 0.01300 0.01300
1.56800 0.01268 0.01268 0.01268 0.01268
1.57200 0.01259 0.01259 0.01259 0.01259
1.57600 0.01275 0.01275 0.01275 0.01275
1.58000 0.01316 0.01316 0.01316 0.01316
1.58400 0.01385 0.01385 0.01385 0.01385
1.58800 0.01485 0.01485 0.01485 0.01485
1.59200 0.01623 0.01623 0.01623 0.01623
1.59600 0.01806 0.01806 0.01806 0.01806
1.60000 0.02046 0.02046 0.02046 0.02046
1.60400 0.02356 0.02356 0.02356 0.02356
1.60800 0.02746 0.02746 0.02746 0.02746
1.61200 0.03214 0.03214 0.03214 0.03214
1.61600 0.03732 0.03732 0.03732 0.03732
1.62000 0.04215 0.04215 0.04215 0.04215
1.62400 0.04532 0.04532 0.04532 0.04532
1.62800 0.04565 0.04565 0.04565 0.04565
1.63200 0.04302 0.04302 0.04302 0.04302
1.63600 0.03848 0.03848 0.03848 0.03848
1.64000 0.03342 0.03342 0.03342 0.03342
1.64400 0.02875 0.02875 0.02875 0.02875
1.64800 0.02488 0.02488 0.02488 0.02488
1.65200 0.02184 0.02184 0.02184 0.02184
1.65600 0.01956 0.01956 0.01956 0.01956
1.66000 0.01793 0.01793 0.01793 0.01793
1.66400 0.01685 0.01685 0.01685 0.01685
1.66800 0.01625 0.01625 0.01625 0.01625
1.67200 0.01611 0.01611 0.01611 0.01611
1.67600 0.01641 0.01641 0.01641 0.01641
1.68000 0.01716 0.01716 0.01716 0.01716
1.68400 0.01839 0.01839 0.01839 0.01839
1.68800 0.02007 0.02007 0.02007 0.02007
1.69200 0.02209 0.02209 0.02209 0.02209
1.69600 0.02420 0.02420 0.02420 0.02420
1.70000 0.02602 0.02602 0.02602 0.02602
1.70400 0.02707 0.02707 0.02707 0.02707
1.70800 0.02695 0.02695 0.02695 0.02695
1.71200 0.02557 0.02557 0.02557 0.02557
1.71600 0.02323 0.02323 0.02323 0.02323
1.72000 0.02047 0.02047 0.02047 0.02047
1.72400 0.01779 0.01779 0.01779 0.01779
1.72800 0.01546 0.01546 0.01546 0.01546
1.73200 0.01354 0.01354 0.01354 0.01354
1.73600 0.01201 0.01201 0.01201 0.01201
1.74000 0.01081 0.01081 0.01081 0.01081
1.74400 0.00987 0.00987 0.00987 0.00987
1.74800 0.00915 0.00915 0.00915 0.00915
1.75200 0.00861 0.00861 0.00861 0.00861
1.75600 0.00822 0.00822 0.00822 0.00822
1.76000 0.00797 0.00797 0.00797 0.00797
1.76400 0.00784 0.00784 0.00784 0.00784
1.76800 0.00783 0.00783 0.00783 0.00783
1.77200 0.00793 0.00793 0.00793 0.00793
1.77600 0.00812 0.00812 0.00812 0.00812
1.78000 0.00833 0.00833 0.00833 0.00833
1.78400 0.00845 0.00845 0.00845 0.00845
1.78800 0.00839 0.00839 0.00839 0.00839
1.79200 0.00811 0.00811 0.00811 0.00811
1.79600 0.00768 0.00768 0.00768 0.00768
1.80000 0.00720 0.00720 0.00720 0.00720
1.80400 0.00676 0.00676 0.00676 0.00676
1.80800 0.00638 0.00638 0.00638 0.00638
1.81200 0.00609 0.00609 0.00609 0.00609
1.81600 0.00587 0.00587 0.00587 0.00587
1.82000 0.00572 0.00572 0.00572 0.00572
1.82400 0.00562 0.00562 0.00562 0.00562
1.82800 0.00557 0.00557 0.00557 0.00557
1.83200 0.00556 0.00556 0.00556 0.00556
1.83600 0.00559 0.00559 0.00559 0.00559
1.84000 0.00567 0.00567 0.00567 0.00567
1.84400 0.00578 0.00578 0.00578 0.00578
1.84800 0.00595 0.00595 0.00595 0.00595
1.85200 0.00617 0.00617 0.00617 0.00617
1.85600 0.00646 0.00646 0.00646 0.00646
1.86000 0.00682 0.00682 0.00682 0.00682
1.86400 0.00727 0.00727 0.00727 0.00727
1.86800 0.00784 0.00784 0.00784 0.00784
1.87200 0.00855 0.00855 0.00855 0.00855
1.87600 0.00943 0.00943 0.00943 0.00943
1.88000 0.01052 0.01052 0.01052 0.01052
1.88400 0.01185 0.01185 0.01185 0.01185
1.88800 0.01351 0.01351 0.01351 0.01351
1.89200 0.01557 0.01557 0.01557 0.01557
1.89600 0.01813 0.01813 0.01813 0.01813
1.90000 0.02117 0.02117 0.02117 0.02117
1.90400 0.02451 0.02451 0.02451 0.02451
1.90800 0.02765 0.02765 0.02765 0.02765
1.91200 0.02986 0.02986 0.02986 0.02986
1.91600 0.03061 0.03061 0.03061 0.03061
1.92000 0.02990 0.02990 0.02990 0.02990
1.92400 0.02815 0.02815 0.02815 0.02815
1.92800 0.02573 0.02573 0.02573 0.02573
1.93200 0.02288 0.02288 0.02288 0.02288
1.93600 0.01990 0.01990 0.01990 0.01990
1.94000 0.01709 0.01709 0.01709 0.01709
1.94400 0.01465 0.01465 0.01465 0.01465
1.94800 0.01263 0.01263 0.01263 0.01263
1.95200 0.01101 0.01101 0.01101 0.01101
1.95600 0.00972 0.00972 0.00972 0.00972
1.96000 0.00871 0.00871 0.00871 0.00871
1.96400 0.00792 0.00792 0.00792 0.00792
1.96800 0.00730 0.00730 0.00730 0.00730
1.97200 0.00683 0.00683 0.00683 0.00683
1.97600 0.00648 0.00648 0.00648 0.00648
1.98000 0.00625 0.00625 0.00625 0.00625
1.98400 0.00611 0.00611 0.00611 0.00611
1.98800 0.00607 0.00607 0.00607 0.00607
1.99200 0.00613 0.00613 0.00613 0.00613
1.99600 0.00625 0.00625 0.00625 0.00625
2.00000 0.00639 0.00639 0.00639 0.00639
