-2.00000 0.02155 0.02155 0.02155 0.02155
-1.99600 0.01878 0.01878 0.01878 0.01878
-1.99200 0.01665 0.01665 0.01665 0.01665
-1.98800 0.01514 0.01514 0.01514 0.01514
-1.98400 0.01419 0.01419 0.01419 0.01419
-1.98000 0.01376 0.01376 0.01376 0.01376
-1.97600 0.01380 0.01380 0.01380 0.01380
-1.97200 0.01426 0.01426 0.01426 0.01426
-1.96800 0.01501 0.01501 0.01501 0.01501
-1.96400 0.01585 0.01585 0.01585 0.01585
-1.96000 0.01638 0.01638 0.01638 0.01638
-1.95600 0.01626 0.01626 0.01626 0.01626
-1.95200 0.01537 0.01537 0.01537 0.01537
-1.94800 0.01394 0.01394 0.01394 0.01394
-1.94400 0.01234 0.01234 0.01234 0.01234
-1.94000 0.01084 0.01084 0.01084 0.01084
-1.93600 0.00956 0.00956 0.00956 0.00956
-1.93200 0.00851 0.00851 0.00851 0.00851
-1.92800 0.00768 0.00768 0.00768 0.00768
-1.92400 0.00703 0.00703 0.00703 0.00703
-1.92000 0.00652 0.00652 0.00652 0.00652
-1.91600 0.00611 0.00611 0.00611 0.00611
-1.91200 0.00580 0.00580 0.00580 0.00580
-1.90800 0.00555 0.00555 0.00555 0.00555
-1.90400 0.00536 0.00536 0.00536 0.00536
-1.90000 0.00522 0.00522 0.00522 0.00522
-1.89600 0.00512 0.00512 0.00512 0.00512
-1.89200 0.00506 0.00506 0.00506 0.00506
-1.88800 0.00504 0.00504 0.00504 0.00504
-1.88400 0.00504 0.00504 0.00504 0.00504
-1.88000 0.00508 0.00508 0.00508 0.00508
-1.87600 0.00515 0.00515 0.00515 0.00515
-1.87200 0.00526 0.00526 0.00526 0.00526
-1.86800 0.00541 0.00541 0.00541 0.00541
-1.86400 0.00561 0.00561 0.00561 0.00561
-1.86000 0.00586 0.00586 0.00586 0.00586
-1.85600 0.00617 0.00617 0.00617 0.00617
-1.85200 0.00657 0.00657 0.00657 0.00657
-1.84800 0.00708 0.00708 0.00708 0.00708
-1.84400 0.00772 0.00772 0.00772 0.00772
-1.84000 0.00852 0.00852 0.00852 0.00852
-1.83600 0.00954 0.00954 0.00954 0.00954
-1.83200 0.01083 0.01083 0.01083 0.01083
-1.82800 0.01244 0.01244 0.01244 0.01244
-1.82400 0.01439 0.01439 0.01439 0.01439
-1.82000 0.01661 0.01661 0.01661 0.01661
-1.81600 0.01888 0.01888 0.01888 0.01888
-1.81200 0.02082 0.02082 0.02082 0.02082
-1.80800 0.02198 0.02198 0.02198 0.02198
-1.80400 0.02203 0.02203 0.02203 0.02203
-1.80000 0.02099 0.02099 0.02099 0.02099
-1.79600 0.01921 0.01921 0.01921 0.01921
-1.79200 0.01721 0.01721 0.01721 0.01721
-1.78800 0.01537 0.01537 0.01537 0.01537
-1.78400 0.01385 0.01385 0.01385 0.01385
-1.78000 0.01265 0.01265 0.01265 0.01265
-1.77600 0.01167 0.01167 0.01167 0.01167
-1.77200 0.01084 0.01084 0.01084 0.01084
-1.76800 0.01012 0.01012 0.01012 0.01012
-1.76400 0.00955 0.00955 0.00955 0.00955
-1.76000 0.00915 0.00915 0.00915 0.00915
-1.75600 0.00891 0.00891 0.00891 0.00891
-1.75200 0.00878 0.00878 0.00878 0.00878
-1.74800 0.00867 0.00867 0.00867 0.00867
-1.74400 0.00847 0.00847 0.00847 0.00847
-1.74000 0.00811 0.00811 0.00811 0.00811
-1.73600 0.00764 0.00764 0.00764 0.00764
-1.73200 0.00714 0.00714 0.00714 0.00714
-1.72800 0.00668 0.00668 0.00668 0.00668
-1.72400 0.00628 0.00628 0.00628 0.00628
-1.72000 0.00597 0.00597 0.00597 0.00597
-1.71600 0.00572 0.00572 0.00572 0.00572
-1.71200 0.00553 0.00553 0.00553 0.00553
-1.70800 0.00538 0.00538 0.00538 0.00538
-1.70400 0.00528 0.00528 0.00528 0.00528
-1.70000 0.00521 0.00521 0.00521 0.00521
-1.69600 0.00516 0.00516 0.00516 0.00516
-1.69200 0.00515 0.00515 0.00515 0.00515
-1.68800 0.00515 0.00515 0.00515 0.00515
-1.68400 0.00517 0.00517 0.00517 0.00517
-1.68000 0.00522 0.00522 0.00522 0.00522
-1.67600 0.00529 0.00529 0.00529 0.00529
-1.67200 0.00539 0.00539 0.00539 0.00539
-1.66800 0.00551 0.00551 0.00551 0.00551
-1.66400 0.00566 0.00566 0.00566 0.00566
-1.66000 0.00586 0.00586 0.00586 0.00586
-1.65600 0.00610 0.00610 0.00610 0.00610
-1.65200 0.00639 0.00639 0.00639 0.00639
-1.64800 0.00676 0.00676 0.00676 0.00676
-1.64400 0.00719 0.00719 0.00719 0.00719
-1.64000 0.00768 0.00768 0.00768 0.00768
-1.63600 0.00822 0.00822 0.00822 0.00822
-1.63200 0.00878 0.00878 0.00878 0.00878
-1.62800 0.00931 0.00931 0.00931 0.00931
-1.62400 0.00977 0.00977 0.00977 0.00977
-1.62000 0.01007 0.01007 0.01007 0.01007
-1.61600 0.01012 0.01012 0.01012 0.01012
-1.61200 0.00994 0.00994 0.00994 0.00994
-1.60800 0.00965 0.00965 0.00965 0.00965
-1.60400 0.00936 0.00936 0.00936 0.00936
-1.60000 0.00915 0.00915 0.00915 0.00915
-1.59600 0.00907 0.00907 0.00907 0.00907
-1.59200 0.00912 0.00912 0.00912 0.00912
-1.58800 0.00929 0.00929 0.00929 0.00929
-1.58400 0.00959 0.00959 0.00959 0.00959
-1.58000 0.01003 0.01003 0.01003 0.01003
-1.57600 0.01061 0.01061 0.01061 0.01061
-1.57200 0.01136 0.01136 0.01136 0.01136
-1.56800 0.01233 0.01233 0.01233 0.01233
-1.56400 0.01355 0.01355 0.01355 0.01355
-1.56000 0.01509 0.01509 0.01509 0.01509
-1.55600 0.01705 0.01705 0.01705 0.01705
-1.55200 0.01953 0.01953 0.01953 0.01953
-1.54800 0.02263 0.02263 0.02263 0.02263
-1.54400 0.02640 0.02640 0.02640 0.02640
-1.54000 0.03073 0.03073 0.03073 0.03073
-1.53600 0.03517 0.03517 0.03517 0.03517
-1.53200 0.03885 0.03885 0.03885 0.03885
-1.52800 0.04069 0.04069 0.04069 0.04069
-1.52400 0.04006 0.04006 0.04006 0.04006
-1.52000 0.03724 0.03724 0.03724 0.03724
-1.51600 0.03324 0.03324 0.03324 0.03324
-1.51200 0.02909 0.02909 0.02909 0.02909
-1.50800 0.02540 0.02540 0.02540 0.02540
-1.50400 0.02238 0.02238 0.02238 0.02238
-1.50000 0.02003 0.02003 0.02003 0.02003
-1.49600 0.01825 0.01825 0.01825 0.01825
-1.49200 0.01695 0.01695 0.01695 0.01695
-1.48800 0.01603 0.01603 0.01603 0.01603
-1.48400 0.01541 0.01541 0.01541 0.01541
-1.48000 0.01506 0.01506 0.01506 0.01506
-1.47600 0.01494 0.01494 0.01494 0.01494
-1.47200 0.01502 0.01502 0.01502 0.01502
-1.46800 0.01529 0.01529 0.01529 0.01529
-1.46400 0.01575 0.01575 0.01575 0.01575
-1.46000 0.01639 0.01639 0.01639 0.01639
-1.45600 0.01721 0.01721 0.01721 0.01721
-1.45200 0.01822 0.01822 0.01822 0.01822
-1.44800 0.01947 0.01947 0.01947 0.01947
-1.44400 0.02104 0.02104 0.02104 0.02104
-1.44000 0.02301 0.02301 0.02301 0.02301
-1.43600 0.02549 0.02549 0.02549 0.02549
-1.43200 0.02858 0.02858 0.02858 0.02858
-1.42800 0.03234 0.03234 0.03234 0.03234
-1.42400 0.03672 0.03672 0.03672 0.03672
-1.42000 0.04142 0.04142 0.04142 0.04142
-1.41600 0.04591 0.04591 0.04591 0.04591
-1.41200 0.04964 0.04964 0.04964 0.04964
-1.40800 0.05258 0.05258 0.05258 0.05258
-1.40400 0.05543 0.05543 0.05543 0.05543
-1.40000 0.05918 0.05918 0.05918 0.05918
-1.39600 0.06476 0.06476 0.06476 0.06476
-1.39200 0.07281 0.07281 0.07281 0.07281
-1.38800 0.08360 0.08360 0.08360 0.08360
-1.38400 0.09683 0.09683 0.09683 0.09683
-1.38000 0.11104 0.11104 0.11104 0.11104
-1.37600 0.12312 0.12312 0.12312 0.12312
-1.37200 0.12894 0.12894 0.12894 0.12894
-1.36800 0.12585 0.12585 0.12585 0.12585
-1.36400 0.11490 0.11490 0.11490 0.11490
-1.36000 0.09987 0.09987 0.09987 0.09987
-1.35600 0.08446 0.08446 0.08446 0.08446
-1.35200 0.07074 0.07074 0.07074 0.07074
-1.34800 0.05938 0.05938 0.05938 0.05938
-1.34400 0.05030 0.05030 0.05030 0.05030
-1.34000 0.04314 0.04314 0.04314 0.04314
-1.33600 0.03752 0.03752 0.03752 0.03752
-1.33200 0.03311 0.03311 0.03311 0.03311
-1.32800 0.02962 0.02962 0.02962 0.02962
-1.32400 0.02687 0.02687 0.02687 0.02687
-1.32000 0.02470 0.02470 0.02470 0.02470
-1.31600 0.02299 0.02299 0.02299 0.02299
-1.31200 0.02167 0.02167 0.02167 0.02167
-1.30800 0.02067 0.02067 0.02067 0.02067
-1.30400 0.01996 0.01996 0.01996 0.01996
-1.30000 0.01950 0.01950 0.01950 0.01950
-1.29600 0.01929 0.01929 0.01929 0.01929
-1.29200 0.01930 0.01930 0.01930 0.01930
-1.28800 0.01954 0.01954 0.01954 0.01954
-1.28400 0.01999 0.01999 0.01999 0.01999
-1.28000 0.02066 0.02066 0.02066 0.02066
-1.27600 0.02163 0.02163 0.02163 0.02163
-1.27200 0.02296 0.02296 0.02296 0.02296
-1.26800 0.02478 0.02478 0.02478 0.02478
-1.26400 0.02719 0.02719 0.02719 0.02719
-1.26000 0.03032 0.03032 0.03032 0.03032
-1.25600 0.03422 0.03422 0.03422 0.03422
-1.25200 0.03882 0.03882 0.03882 0.03882
-1.24800 0.04381 0.04381 0.04381 0.04381
-1.24400 0.04866 0.04866 0.04866 0.04866
-1.24000 0.05292 0.05292 0.05292 0.05292
-1.23600 0.05637 0.05637 0.05637 0.05637
-1.23200 0.05873 0.05873 0.05873 0.05873
-1.22800 0.05933 0.05933 0.05933 0.05933
-1.22400 0.05756 0.05756 0.05756 0.05756
-1.22000 0.05355 0.05355 0.05355 0.05355
-1.21600 0.04825 0.04825 0.04825 0.04825
-1.21200 0.04263 0.04263 0.04263 0.04263
-1.20800 0.03727 0.03727 0.03727 0.03727
-1.20400 0.03249 0.03249 0.03249 0.03249
-1.20000 0.02840 0.02840 0.02840 0.02840
-1.19600 0.02504 0.02504 0.02504 0.02504
-1.19200 0.02232 0.02232 0.02232 0.02232
-1.18800 0.02015 0.02015 0.02015 0.02015
-1.18400 0.01842 0.01842 0.01842 0.01842
-1.18000 0.01704 0.01704 0.01704 0.01704
-1.17600 0.01593 0.01593 0.01593 0.01593
-1.17200 0.01504 0.01504 0.01504 0.01504
-1.16800 0.01432 0.01432 0.01432 0.01432
-1.16400 0.01374 0.01374 0.01374 0.01374
-1.16000 0.01329 0.01329 0.01329 0.01329
-1.15600 0.01293 0.01293 0.01293 0.01293
-1.15200 0.01266 0.01266 0.01266 0.01266
-1.14800 0.01248 0.01248 0.01248 0.01248
-1.14400 0.01237 0.01237 0.01237 0.01237
-1.14000 0.01234 0.01234 0.01234 0.01234
-1.13600 0.01238 0.01238 0.01238 0.01238
-1.13200 0.01251 0.01251 0.01251 0.01251
-1.12800 0.01272 0.01272 0.01272 0.01272
-1.12400 0.01301 0.01301 0.01301 0.01301
-1.12000 0.01334 0.01334 0.01334 0.01334
-1.11600 0.01365 0.01365 0.01365 0.01365
-1.11200 0.01387 0.01387 0.01387 0.01387
-1.10800 0.01397 0.01397 0.01397 0.01397
-1.10400 0.01401 0.01401 0.01401 0.01401
-1.10000 0.01406 0.01406 0.01406 0.01406
-1.09600 0.01422 0.01422 0.01422 0.01422
-1.09200 0.01452 0.01452 0.01452 0.01452
-1.08800 0.01502 0.01502 0.01502 0.01502
-1.08400 0.01571 0.01571 0.01571 0.01571
-1.08000 0.01658 0.01658 0.01658 0.01658
-1.07600 0.01754 0.01754 0.01754 0.01754
-1.07200 0.01841 0.01841 0.01841 0.01841
-1.06800 0.01894 0.01894 0.01894 0.01894
-1.06400 0.01896 0.01896 0.01896 0.01896
-1.06000 0.01851 0.01851 0.01851 0.01851
-1.05600 0.01782 0.01782 0.01782 0.01782
-1.05200 0.01709 0.01709 0.01709 0.01709
-1.04800 0.01647 0.01647 0.01647 0.01647
-1.04400 0.01601 0.01601 0.01601 0.01601
-1.04000 0.01572 0.01572 0.01572 0.01572
-1.03600 0.01559 0.01559 0.01559 0.01559
-1.03200 0.01560 0.01560 0.01560 0.01560
-1.02800 0.01573 0.01573 0.01573 0.01573
-1.02400 0.01597 0.01597 0.01597 0.01597
-1.02000 0.01632 0.01632 0.01632 0.01632
-1.01600 0.01678 0.01678 0.01678 0.01678
-1.01200 0.01735 0.01735 0.01735 0.01735
-1.00800 0.01805 0.01805 0.01805 0.01805
-1.00400 0.01889 0.01889 0.01889 0.01889
-1.00000 0.01990 0.01990 0.01990 0.01990
-0.99600 0.02111 0.02111 0.02111 0.02111
-0.99200 0.02257 0.02257 0.02257 0.02257
-0.98800 0.02433 0.02433 0.02433 0.02433
-0.98400 0.02648 0.02648 0.02648 0.02648
-0.98000 0.02912 0.02912 0.02912 0.02912
-0.97600 0.03239 0.03239 0.03239 0.03239
-0.97200 0.03647 0.03647 0.03647 0.03647
-0.96800 0.04158 0.04158 0.04158 0.04158
-0.96400 0.04796 0.04796 0.04796 0.04796
-0.96000 0.05582 0.05582 0.05582 0.05582
-0.95600 0.06516 0.06516 0.06516 0.06516
-0.95200 0.07553 0.07553 0.07553 0.07553
-0.94800 0.08574 0.08574 0.08574 0.08574
-0.94400 0.09393 0.09393 0.09393 0.09393
-0.94000 0.09829 0.09829 0.09829 0.09829
-0.93600 0.09776 0.09776 0.09776 0.09776
-0.93200 0.09245 0.09245 0.09245 0.09245
-0.92800 0.08373 0.08373 0.08373 0.08373
-0.92400 0.07366 0.07366 0.07366 0.07366
-0.92000 0.06397 0.06397 0.06397 0.06397
-0.91600 0.05560 0.05560 0.05560 0.05560
-0.91200 0.04879 0.04879 0.04879 0.04879
-0.90800 0.04343 0.04343 0.04343 0.04343
-0.90400 0.03930 0.03930 0.03930 0.03930
-0.90000 0.03613 0.03613 0.03613 0.03613
-0.89600 0.03374 0.03374 0.03374 0.03374
-0.89200 0.03196 0.03196 0.03196 0.03196
-0.88800 0.03066 0.03066 0.03066 0.03066
-0.88400 0.02973 0.02973 0.02973 0.02973
-0.88000 0.02907 0.02907 0.02907 0.02907
-0.87600 0.02862 0.02862 0.02862 0.02862
-0.87200 0.02831 0.02831 0.02831 0.02831
-0.86800 0.02816 0.02816 0.02816 0.02816
-0.86400 0.02817 0.02817 0.02817 0.02817
-0.86000 0.02835 0.02835 0.02835 0.02835
-0.85600 0.02870 0.02870 0.02870 0.02870
-0.85200 0.02922 0.02922 0.02922 0.02922
-0.84800 0.02992 0.02992 0.02992 0.02992
-0.84400 0.03080 0.03080 0.03080 0.03080
-0.84000 0.03189 0.03189 0.03189 0.03189
-0.83600 0.03319 0.03319 0.03319 0.03319
-0.83200 0.03474 0.03474 0.03474 0.03474
-0.82800 0.03658 0.03658 0.03658 0.03658
-0.82400 0.03876 0.03876 0.03876 0.03876
-0.82000 0.04132 0.04132 0.04132 0.04132
-0.81600 0.04433 0.04433 0.04433 0.04433
-0.81200 0.04780 0.04780 0.04780 0.04780
-0.80800 0.05168 0.05168 0.05168 0.05168
-0.80400 0.05582 0.05582 0.05582 0.05582
-0.80000 0.06003 0.06003 0.06003 0.06003
-0.79600 0.06429 0.06429 0.06429 0.06429
-0.79200 0.06887 0.06887 0.06887 0.06887
-0.78800 0.07423 0.07423 0.07423 0.07423
-0.78400 0.08088 0.08088 0.08088 0.08088
-0.78000 0.08929 0.08929 0.08929 0.08929
-0.77600 0.09994 0.09994 0.09994 0.09994
-0.77200 0.11345 0.11345 0.11345 0.11345
-0.76800 0.13058 0.13058 0.13058 0.13058
-0.76400 0.15234 0.15234 0.15234 0.15234
-0.76000 0.17998 0.17998 0.17998 0.17998
-0.75600 0.21491 0.21491 0.21491 0.21491
-0.75200 0.25826 0.25826 0.25826 0.25826
-0.74800 0.30988 0.30988 0.30988 0.30988
-0.74400 0.36629 0.36629 0.36629 0.36629
-0.74000 0.41843 0.41843 0.41843 0.41843
-0.73600 0.45199 0.45199 0.45199 0.45199
-0.73200 0.45460 0.45460 0.45460 0.45460
-0.72800 0.42571 0.42571 0.42571 0.42571
-0.72400 0.37711 0.37711 0.37711 0.37711
-0.72000 0.32343 0.32343 0.32343 0.32343
-0.71600 0.27441 0.27441 0.27441 0.27441
-0.71200 0.23404 0.23404 0.23404 0.23404
-0.70800 0.20285 0.20285 0.20285 0.20285
-0.70400 0.17995 0.17995 0.17995 0.17995
-0.70000 0.16410 0.16410 0.16410 0.16410
-0.69600 0.15398 0.15398 0.15398 0.15398
-0.69200 0.14818 0.14818 0.14818 0.14818
-0.68800 0.14491 0.14491 0.14491 0.14491
-0.68400 0.14195 0.14195 0.14195 0.14195
-0.68000 0.13705 0.13705 0.13705 0.13705
-0.67600 0.12890 0.12890 0.12890 0.12890
-0.67200 0.11794 0.11794 0.11794 0.11794
-0.66800 0.10585 0.10585 0.10585 0.10585
-0.66400 0.09431 0.09431 0.09431 0.09431
-0.66000 0.08424 0.08424 0.08424 0.08424
-0.65600 0.07587 0.07587 0.07587 0.07587
-0.65200 0.06907 0.06907 0.06907 0.06907
-0.64800 0.06360 0.06360 0.06360 0.06360
-0.64400 0.05920 0.05920 0.05920 0.05920
-0.64000 0.05567 0.05567 0.05567 0.05567
-0.63600 0.05282 0.05282 0.05282 0.05282
-0.63200 0.05052 0.05052 0.05052 0.05052
-0.62800 0.04867 0.04867 0.04867 0.04867
-0.62400 0.04720 0.04720 0.04720 0.04720
-0.62000 0.04604 0.04604 0.04604 0.04604
-0.61600 0.04515 0.04515 0.04515 0.04515
-0.61200 0.04450 0.04450 0.04450 0.04450
-0.60800 0.04405 0.04405 0.04405 0.04405
-0.60400 0.04380 0.04380 0.04380 0.04380
-0.60000 0.04371 0.04371 0.04371 0.04371
-0.59600 0.04380 0.04380 0.04380 0.04380
-0.59200 0.04404 0.04404 0.04404 0.04404
-0.58800 0.04444 0.04444 0.04444 0.04444
-0.58400 0.04501 0.04501 0.04501 0.04501
-0.58000 0.04574 0.04574 0.04574 0.04574
-0.57600 0.04664 0.04664 0.04664 0.04664
-0.57200 0.04774 0.04774 0.04774 0.04774
-0.56800 0.04905 0.04905 0.04905 0.04905
-0.56400 0.05060 0.05060 0.05060 0.05060
-0.56000 0.05243 0.05243 0.05243 0.05243
-0.55600 0.05457 0.05457 0.05457 0.05457
-0.55200 0.05708 0.05708 0.05708 0.05708
-0.54800 0.06005 0.06005 0.06005 0.06005
-0.54400 0.06358 0.06358 0.06358 0.06358
-0.54000 0.06778 0.06778 0.06778 0.06778
-0.53600 0.07284 0.07284 0.07284 0.07284
-0.53200 0.07899 0.07899 0.07899 0.07899
-0.52800 0.08651 0.08651 0.08651 0.08651
-0.52400 0.09582 0.09582 0.09582 0.09582
-0.52000 0.10741 0.10741 0.10741 0.10741
-0.51600 0.12188 0.12188 0.12188 0.12188
-0.51200 0.13983 0.13983 0.13983 0.13983
-0.50800 0.16161 0.16161 0.16161 0.16161
-0.50400 0.18671 0.18671 0.18671 0.18671
-0.50000 0.21281 0.21281 0.21281 0.21281
-0.49600 0.23530 0.23530 0.23530 0.23530
-0.49200 0.24861 0.24861 0.24861 0.24861
-0.48800 0.24970 0.24970 0.24970 0.24970
-0.48400 0.24001 0.24001 0.24001 0.24001
-0.48000 0.22336 0.22336 0.22336 0.22336
-0.47600 0.20341 0.20341 0.20341 0.20341
-0.47200 0.18313 0.18313 0.18313 0.18313
-0.46800 0.16477 0.16477 0.16477 0.16477
-0.46400 0.14954 0.14954 0.14954 0.14954
-0.46000 0.13773 0.13773 0.13773 0.13773
-0.45600 0.12908 0.12908 0.12908 0.12908
-0.45200 0.12313 0.12313 0.12313 0.12313
-0.44800 0.11944 0.11944 0.11944 0.11944
-0.44400 0.11765 0.11765 0.11765 0.11765
-0.44000 0.11751 0.11751 0.11751 0.11751
-0.43600 0.11884 0.11884 0.11884 0.11884
-0.43200 0.12157 0.12157 0.12157 0.12157
-0.42800 0.12569 0.12569 0.12569 0.12569
-0.42400 0.13126 0.13126 0.13126 0.13126
-0.42000 0.13840 0.13840 0.13840 0.13840
-0.41600 0.14734 0.14734 0.14734 0.14734
-0.41200 0.15839 0.15839 0.15839 0.15839
-0.40800 0.17198 0.17198 0.17198 0.17198
-0.40400 0.18870 0.18870 0.18870 0.18870
-0.40000 0.20935 0.20935 0.20935 0.20935
-0.39600 0.23501 0.23501 0.23501 0.23501
-0.39200 0.26710 0.26710 0.26710 0.26710
-0.38800 0.30744 0.30744 0.30744 0.30744
-0.38400 0.35828 0.35828 0.35828 0.35828
-0.38000 0.42202 0.42202 0.42202 0.42202
-0.37600 0.50038 0.50038 0.50038 0.50038
-0.37200 0.59239 0.59239 0.59239 0.59239
-0.36800 0.69068 0.69068 0.69068 0.69068
-0.36400 0.77796 0.77796 0.77796 0.77796
-0.36000 0.82957 0.82957 0.82957 0.82957
-0.35600 0.82762 0.82762 0.82762 0.82762
-0.35200 0.77609 0.77609 0.77609 0.77609
-0.34800 0.69737 0.69737 0.69737 0.69737
-0.34400 0.61498 0.61498 0.61498 0.61498
-0.34000 0.54266 0.54266 0.54266 0.54266
-0.33600 0.48426 0.48426 0.48426 0.48426
-0.33200 0.43790 0.43790 0.43790 0.43790
-0.32800 0.39979 0.39979 0.39979 0.39979
-0.32400 0.36680 0.36680 0.36680 0.36680
-0.32000 0.33755 0.33755 0.33755 0.33755
-0.31600 0.31220 0.31220 0.31220 0.31220
-0.31200 0.29136 0.29136 0.29136 0.29136
-0.30800 0.27528 0.27528 0.27528 0.27528
-0.30400 0.26373 0.26373 0.26373 0.26373
-0.30000 0.25623 0.25623 0.25623 0.25623
-0.29600 0.25224 0.25224 0.25224 0.25224
-0.29200 0.25132 0.25132 0.25132 0.25132
-0.28800 0.25313 0.25313 0.25313 0.25313
-0.28400 0.25744 0.25744 0.25744 0.25744
-0.28000 0.26414 0.26414 0.26414 0.26414
-0.27600 0.27318 0.27318 0.27318 0.27318
-0.27200 0.28461 0.28461 0.28461 0.28461
-0.26800 0.29856 0.29856 0.29856 0.29856
-0.26400 0.31521 0.31521 0.31521 0.31521
-0.26000 0.33487 0.33487 0.33487 0.33487
-0.25600 0.35790 0.35790 0.35790 0.35790
-0.25200 0.38479 0.38479 0.38479 0.38479
-0.24800 0.41618 0.41618 0.41618 0.41618
-0.24400 0.45287 0.45287 0.45287 0.45287
-0.24000 0.49586 0.49586 0.49586 0.49586
-0.23600 0.54645 0.54645 0.54645 0.54645
-0.23200 0.60629 0.60629 0.60629 0.60629
-0.22800 0.67754 0.67754 0.67754 0.67754
-0.22400 0.76295 0.76295 0.76295 0.76295
-0.22000 0.86618 0.86618 0.86618 0.86618
-0.21600 0.99203 0.99203 0.99203 0.99203
-0.21200 1.14686 1.14686 1.14686 1.14686
-0.20800 1.33911 1.33911 1.33911 1.33911
-0.20400 1.57993 1.57993 1.57993 1.57993
-0.20000 1.88373 1.88373 1.88373 1.88373
-0.19600 2.26829 2.26829 2.26829 2.26829
-0.19200 2.75322 2.75322 2.75322 2.75322
-0.18800 3.35407 3.35407 3.35407 3.35407
-0.18400 4.06754 4.06754 4.06754 4.06754
-0.18000 4.84337 4.84337 4.84337 4.84337
-0.17600 5.55216 5.55216 5.55216 5.55216
-0.17200 5.99350 5.99350 5.99350 5.99350
-0.16800 5.99828 5.99828 5.99828 5.99828
-0.16400 5.56449 5.56449 5.56449 5.56449
-0.16000 4.85909 4.85909 4.85909 4.85909
-0.15600 4.08318 4.08318 4.08318 4.08318
-0.15200 3.36790 3.36790 3.36790 3.36790
-0.14800 2.76480 2.76480 2.76480 2.76480
-0.14400 2.27780 2.27780 2.27780 2.27780
-0.14000 1.89152 1.89152 1.89152 1.89152
-0.13600 1.58636 1.58636 1.58636 1.58636
-0.13200 1.34447 1.34447 1.34447 1.34447
-0.12800 1.15137 1.15137 1.15137 1.15137
-0.12400 0.99584 0.99584 0.99584 0.99584
-0.12000 0.86938 0.86938 0.86938 0.86938
-0.11600 0.76560 0.76560 0.76560 0.76560
-0.11200 0.67964 0.67964 0.67964 0.67964
-0.10800 0.60784 0.60784 0.60784 0.60784
-0.10400 0.54739 0.54739 0.54739 0.54739
-0.10000 0.49613 0.49613 0.49613 0.49613
-0.09600 0.45237 0.45237 0.45237 0.45237
-0.09200 0.41478 0.41478 0.41478 0.41478
-0.08800 0.38233 0.38233 0.38233 0.38233
-0.08400 0.35417 0.35417 0.35417 0.35417
-0.08000 0.32963 0.32963 0.32963 0.32963
-0.07600 0.30817 0.30817 0.30817 0.30817
-0.07200 0.28934 0.28934 0.28934 0.28934
-0.06800 0.27278 0.27278 0.27278 0.27278
-0.06400 0.25819 0.25819 0.25819 0.25819
-0.06000 0.24531 0.24531 0.24531 0.24531
-0.05600 0.23395 0.23395 0.23395 0.23395
-0.05200 0.22391 0.22391 0.22391 0.22391
-0.04800 0.21506 0.21506 0.21506 0.21506
-0.04400 0.20728 0.20728 0.20728 0.20728
-0.04000 0.20045 0.20045 0.20045 0.20045
-0.03600 0.19450 0.19450 0.19450 0.19450
-0.03200 0.18934 0.18934 0.18934 0.18934
-0.02800 0.18491 0.18491 0.18491 0.18491
-0.02400 0.18118 0.18118 0.18118 0.18118
-0.02000 0.17808 0.17808 0.17808 0.17808
-0.01600 0.17559 0.17559 0.17559 0.17559
-0.01200 0.17368 0.17368 0.17368 0.17368
-0.00800 0.17233 0.17233 0.17233 0.17233
-0.00400 0.17152 0.17152 0.17152 0.17152
0.00000 0.17126 0.17126 0.17126 0.17126
0.00400 0.17152 0.17152 0.17152 0.17152
0.00800 0.17232 0.17232 0.17232 0.17232
0.01200 0.17367 0.17367 0.17367 0.17367
0.01600 0.17558 0.17558 0.17558 0.17558
0.02000 0.17806 0.17806 0.17806 0.17806
0.02400 0.18116 0.18116 0.18116 0.18116
0.02800 0.18489 0.18489 0.18489 0.18489
0.03200 0.18931 0.18931 0.18931 0.18931
0.03600 0.19446 0.19446 0.19446 0.19446
0.04000 0.20041 0.20041 0.20041 0.20041
0.04400 0.20723 0.20723 0.20723 0.20723
0.04800 0.21500 0.21500 0.21500 0.21500
0.05200 0.22384 0.22384 0.22384 0.22384
0.05600 0.23386 0.23386 0.23386 0.23386
0.06000 0.24520 0.24520 0.24520 0.24520
0.06400 0.25806 0.25806 0.25806 0.25806
0.06800 0.27262 0.27262 0.27262 0.27262
0.07200 0.28915 0.28915 0.28915 0.28915
0.07600 0.30793 0.30793 0.30793 0.30793
0.08000 0.32934 0.32934 0.32934 0.32934
0.08400 0.35382 0.35382 0.35382 0.35382
0.08800 0.38190 0.38190 0.38190 0.38190
0.09200 0.41426 0.41426 0.41426 0.41426
0.09600 0.45172 0.45172 0.45172 0.45172
0.10000 0.49533 0.49533 0.49533 0.49533
0.10400 0.54639 0.54639 0.54639 0.54639
0.10800 0.60658 0.60658 0.60658 0.60658
0.11200 0.67805 0.67805 0.67805 0.67805
0.11600 0.76358 0.76358 0.76358 0.76358
0.12000 0.86681 0.86681 0.86681 0.86681
0.12400 0.99252 0.99252 0.99252 0.99252
0.12800 1.14707 1.14707 1.14707 1.14707
0.13200 1.33887 1.33887 1.33887 1.33887
0.13600 1.57902 1.57902 1.57902 1.57902
0.14000 1.88191 1.88191 1.88191 1.88191
0.14400 2.26531 2.26531 2.26531 2.26531
0.14800 2.74891 2.74891 2.74891 2.74891
0.15200 3.34863 3.34863 3.34863 3.34863
0.15600 4.06209 4.06209 4.06209 4.06209
0.16000 4.84077 4.84077 4.84077 4.84077
0.16400 5.55739 5.55739 5.55739 5.55739
0.16800 6.01184 6.01184 6.01184 6.01184
0.17200 6.03097 6.03097 6.03097 6.03097
0.17600 5.60662 5.60662 5.60662 5.60662
0.18000 4.90300 4.90300 4.90300 4.90300
0.18400 4.12314 4.12314 4.12314 4.12314
0.18800 3.40145 3.40145 3.40145 3.40145
0.19200 2.79176 2.79176 2.79176 2.79176
0.19600 2.29897 2.29897 2.29897 2.29897
0.20000 1.90796 1.90796 1.90796 1.90796
0.20400 1.59903 1.59903 1.59903 1.59903
0.20800 1.35419 1.35419 1.35419 1.35419
0.21200 1.15877 1.15877 1.15877 1.15877
0.21600 1.00142 1.00142 1.00142 1.00142
0.22000 0.87354 0.87354 0.87354 0.87354
0.22400 0.76864 0.76864 0.76864 0.76864
0.22800 0.68183 0.68183 0.68183 0.68183
0.23200 0.60939 0.60939 0.60939 0.60939
0.23600 0.54849 0.54849 0.54849 0.54849
0.24000 0.49694 0.49694 0.49694 0.49694
0.24400 0.45307 0.45307 0.45307 0.45307
0.24800 0.41554 0.41554 0.41554 0.41554
0.25200 0.38331 0.38331 0.38331 0.38331
0.25600 0.35556 0.35556 0.35556 0.35556
0.26000 0.33164 0.33164 0.33164 0.33164
0.26400 0.31102 0.31102 0.31102 0.31102
0.26800 0.29330 0.29330 0.29330 0.29330
0.27200 0.27816 0.27816 0.27816 0.27816
0.27600 0.26535 0.26535 0.26535 0.26535
0.28000 0.25469 0.25469 0.25469 0.25469
0.28400 0.24606 0.24606 0.24606 0.24606
0.28800 0.23941 0.23941 0.23941 0.23941
0.29200 0.23473 0.23473 0.23473 0.23473
0.29600 0.23209 0.23209 0.23209 0.23209
0.30000 0.23163 0.23163 0.23163 0.23163
0.30400 0.23357 0.23357 0.23357 0.23357
0.30800 0.23826 0.23826 0.23826 0.23826
0.31200 0.24617 0.24617 0.24617 0.24617
0.31600 0.25789 0.25789 0.25789 0.25789
0.32000 0.27419 0.27419 0.27419 0.27419
0.32400 0.29588 0.29588 0.29588 0.29588
0.32800 0.32367 0.32367 0.32367 0.32367
0.33200 0.35800 0.35800 0.35800 0.35800
0.33600 0.39915 0.39915 0.39915 0.39915
0.34000 0.44803 0.44803 0.44803 0.44803
0.34400 0.50695 0.50695 0.50695 0.50695
0.34800 0.57838 0.57838 0.57838 0.57838
0.35200 0.66125 0.66125 0.66125 0.66125
0.35600 0.74608 0.74608 0.74608 0.74608
0.36000 0.81236 0.81236 0.81236 0.81236
0.36400 0.83513 0.83513 0.83513 0.83513
0.36800 0.80209 0.80209 0.80209 0.80209
0.37200 0.72439 0.72439 0.72439 0.72439
0.37600 0.62671 0.62671 0.62671 0.62671
0.38000 0.53017 0.53017 0.53017 0.53017
0.38400 0.44561 0.44561 0.44561 0.44561
0.38800 0.37589 0.37589 0.37589 0.37589
0.39200 0.31992 0.31992 0.31992 0.31992
0.39600 0.27539 0.27539 0.27539 0.27539
0.40000 0.23990 0.23990 0.23990 0.23990
0.40400 0.21144 0.21144 0.21144 0.21144
0.40800 0.18841 0.18841 0.18841 0.18841
0.41200 0.16960 0.16960 0.16960 0.16960
0.41600 0.15408 0.15408 0.15408 0.15408
0.42000 0.14115 0.14115 0.14115 0.14115
0.42400 0.13030 0.13030 0.13030 0.13030
0.42800 0.12112 0.12112 0.12112 0.12112
0.43200 0.11330 0.11330 0.11330 0.11330
0.43600 0.10661 0.10661 0.10661 0.10661
0.44000 0.10086 0.10086 0.10086 0.10086
0.44400 0.09591 0.09591 0.09591 0.09591
0.44800 0.09165 0.09165 0.09165 0.09165
0.45200 0.08799 0.08799 0.08799 0.08799
0.45600 0.08485 0.08485 0.08485 0.08485
0.46000 0.08220 0.08220 0.08220 0.08220
0.46400 0.07998 0.07998 0.07998 0.07998
0.46800 0.07818 0.07818 0.07818 0.07818
0.47200 0.07678 0.07678 0.07678 0.07678
0.47600 0.07577 0.07577 0.07577 0.07577
0.48000 0.07517 0.07517 0.07517 0.07517
0.48400 0.07498 0.07498 0.07498 0.07498
0.48800 0.07524 0.07524 0.07524 0.07524
0.49200 0.07601 0.07601 0.07601 0.07601
0.49600 0.07735 0.07735 0.07735 0.07735
0.50000 0.07936 0.07936 0.07936 0.07936
0.50400 0.08218 0.08218 0.08218 0.08218
0.50800 0.08598 0.08598 0.08598 0.08598
0.51200 0.09100 0.09100 0.09100 0.09100
0.51600 0.09755 0.09755 0.09755 0.09755
0.52000 0.10601 0.10601 0.10601 0.10601
0.52400 0.11681 0.11681 0.11681 0.11681
0.52800 0.13031 0.13031 0.13031 0.13031
0.53200 0.14656 0.14656 0.14656 0.14656
0.53600 0.16479 0.16479 0.16479 0.16479
0.54000 0.18304 0.18304 0.18304 0.18304
0.54400 0.19828 0.19828 0.19828 0.19828
0.54800 0.20770 0.20770 0.20770 0.20770
0.55200 0.21007 0.21007 0.21007 0.21007
0.55600 0.20642 0.20642 0.20642 0.20642
0.56000 0.19980 0.19980 0.19980 0.19980
0.56400 0.19398 0.19398 0.19398 0.19398
0.56800 0.19206 0.19206 0.19206 0.19206
0.57200 0.19601 0.19601 0.19601 0.19601
0.57600 0.20702 0.20702 0.20702 0.20702
0.58000 0.22600 0.22600 0.22600 0.22600
0.58400 0.25362 0.25362 0.25362 0.25362
0.58800 0.28966 0.28966 0.28966 0.28966
0.59200 0.33157 0.33157 0.33157 0.33157
0.59600 0.37243 0.37243 0.37243 0.37243
0.60000 0.40056 0.40056 0.40056 0.40056
0.60400 0.40437 0.40437 0.40437 0.40437
0.60800 0.38101 0.38101 0.38101 0.38101
0.61200 0.33881 0.33881 0.33881 0.33881
0.61600 0.29018 0.29018 0.29018 0.29018
0.62000 0.24415 0.24415 0.24415 0.24415
0.62400 0.20473 0.20473 0.20473 0.20473
0.62800 0.17257 0.17257 0.17257 0.17257
0.63200 0.14689 0.14689 0.14689 0.14689
0.63600 0.12649 0.12649 0.12649 0.12649
0.64000 0.11022 0.11022 0.11022 0.11022
0.64400 0.09717 0.09717 0.09717 0.09717
0.64800 0.08659 0.08659 0.08659 0.08659
0.65200 0.07793 0.07793 0.07793 0.07793
0.65600 0.07078 0.07078 0.07078 0.07078
0.66000 0.06481 0.06481 0.06481 0.06481
0.66400 0.05979 0.05979 0.05979 0.05979
0.66800 0.05553 0.05553 0.05553 0.05553
0.67200 0.05189 0.05189 0.05189 0.05189
0.67600 0.04876 0.04876 0.04876 0.04876
0.68000 0.04605 0.04605 0.04605 0.04605
0.68400 0.04370 0.04370 0.04370 0.04370
0.68800 0.04165 0.04165 0.04165 0.04165
0.69200 0.03986 0.03986 0.03986 0.03986
0.69600 0.03829 0.03829 0.03829 0.03829
0.70000 0.03692 0.03692 0.03692 0.03692
0.70400 0.03572 0.03572 0.03572 0.03572
0.70800 0.03468 0.03468 0.03468 0.03468
0.71200 0.03378 0.03378 0.03378 0.03378
0.71600 0.03301 0.03301 0.03301 0.03301
0.72000 0.03236 0.03236 0.03236 0.03236
0.72400 0.03183 0.03183 0.03183 0.03183
0.72800 0.03142 0.03142 0.03142 0.03142
0.73200 0.03112 0.03112 0.03112 0.03112
0.73600 0.03095 0.03095 0.03095 0.03095
0.74000 0.03089 0.03089 0.03089 0.03089
0.74400 0.03097 0.03097 0.03097 0.03097
0.74800 0.03119 0.03119 0.03119 0.03119
0.75200 0.03157 0.03157 0.03157 0.03157
0.75600 0.03213 0.03213 0.03213 0.03213
0.76000 0.03291 0.03291 0.03291 0.03291
0.76400 0.03395 0.03395 0.03395 0.03395
0.76800 0.03529 0.03529 0.03529 0.03529
0.77200 0.03701 0.03701 0.03701 0.03701
0.77600 0.03921 0.03921 0.03921 0.03921
0.78000 0.04200 0.04200 0.04200 0.04200
0.78400 0.04555 0.04555 0.04555 0.04555
0.78800 0.05009 0.05009 0.05009 0.05009
0.79200 0.05589 0.05589 0.05589 0.05589
0.79600 0.06329 0.06329 0.06329 0.06329
0.80000 0.07264 0.07264 0.07264 0.07264
0.80400 0.08419 0.08419 0.08419 0.08419
0.80800 0.09773 0.09773 0.09773 0.09773
0.81200 0.11207 0.11207 0.11207 0.11207
0.81600 0.12455 0.12455 0.12455 0.12455
0.82000 0.13155 0.13155 0.13155 0.13155
0.82400 0.13048 0.13048 0.13048 0.13048
0.82800 0.12188 0.12188 0.12188 0.12188
0.83200 0.10892 0.10892 0.10892 0.10892
0.83600 0.09511 0.09511 0.09511 0.09511
0.84000 0.08265 0.08265 0.08265 0.08265
0.84400 0.07238 0.07238 0.07238 0.07238
0.84800 0.06435 0.06435 0.06435 0.06435
0.85200 0.05830 0.05830 0.05830 0.05830
0.85600 0.05389 0.05389 0.05389 0.05389
0.86000 0.05084 0.05084 0.05084 0.05084
0.86400 0.04894 0.04894 0.04894 0.04894
0.86800 0.04805 0.04805 0.04805 0.04805
0.87200 0.04810 0.04810 0.04810 0.04810
0.87600 0.04908 0.04908 0.04908 0.04908
0.88000 0.05102 0.05102 0.05102 0.05102
0.88400 0.05401 0.05401 0.05401 0.05401
0.88800 0.05817 0.05817 0.05817 0.05817
0.89200 0.06370 0.06370 0.06370 0.06370
0.89600 0.07088 0.07088 0.07088 0.07088
0.90000 0.08017 0.08017 0.08017 0.08017
0.90400 0.09217 0.09217 0.09217 0.09217
0.90800 0.10737 0.10737 0.10737 0.10737
0.91200 0.12588 0.12588 0.12588 0.12588
0.91600 0.14663 0.14663 0.14663 0.14663
0.92000 0.16660 0.16660 0.16660 0.16660
0.92400 0.18073 0.18073 0.18073 0.18073
0.92800 0.18403 0.18403 0.18403 0.18403
0.93200 0.17503 0.17503 0.17503 0.17503
0.93600 0.15699 0.15699 0.15699 0.15699
0.94000 0.13526 0.13526 0.13526 0.13526
0.94400 0.11416 0.11416 0.11416 0.11416
0.94800 0.09581 0.09581 0.09581 0.09581
0.95200 0.08076 0.08076 0.08076 0.08076
0.95600 0.06871 0.06871 0.06871 0.06871
0.96000 0.05916 0.05916 0.05916 0.05916
0.96400 0.05157 0.05157 0.05157 0.05157
0.96800 0.04551 0.04551 0.04551 0.04551
0.97200 0.04063 0.04063 0.04063 0.04063
0.97600 0.03667 0.03667 0.03667 0.03667
0.98000 0.03342 0.03342 0.03342 0.03342
0.98400 0.03074 0.03074 0.03074 0.03074
0.98800 0.02852 0.02852 0.02852 0.02852
0.99200 0.02665 0.02665 0.02665 0.02665
0.99600 0.02508 0.02508 0.02508 0.02508
1.00000 0.02375 0.02375 0.02375 0.02375
1.00400 0.02261 0.02261 0.02261 0.02261
1.00800 0.02164 0.02164 0.02164 0.02164
1.01200 0.02083 0.02083 0.02083 0.02083
1.01600 0.02015 0.02015 0.02015 0.02015
1.02000 0.01960 0.01960 0.01960 0.01960
1.02400 0.01917 0.01917 0.01917 0.01917
1.02800 0.01885 0.01885 0.01885 0.01885
1.03200 0.01865 0.01865 0.01865 0.01865
1.03600 0.01858 0.01858 0.01858 0.01858
1.04000 0.01863 0.01863 0.01863 0.01863
1.04400 0.01882 0.01882 0.01882 0.01882
1.04800 0.01914 0.01914 0.01914 0.01914
1.05200 0.01958 0.01958 0.01958 0.01958
1.05600 0.02010 0.02010 0.02010 0.02010
1.06000 0.02063 0.02063 0.02063 0.02063
1.06400 0.02113 0.02113 0.02113 0.02113
1.06800 0.02163 0.02163 0.02163 0.02163
1.07200 0.02225 0.02225 0.02225 0.02225
1.07600 0.02312 0.02312 0.02312 0.02312
1.08000 0.02436 0.02436 0.02436 0.02436
1.08400 0.02603 0.02603 0.02603 0.02603
1.08800 0.02817 0.02817 0.02817 0.02817
1.09200 0.03070 0.03070 0.03070 0.03070
1.09600 0.03341 0.03341 0.03341 0.03341
1.10000 0.03599 0.03599 0.03599 0.03599
1.10400 0.03824 0.03824 0.03824 0.03824
1.10800 0.04036 0.04036 0.04036 0.04036
1.11200 0.04284 0.04284 0.04284 0.04284
1.11600 0.04622 0.04622 0.04622 0.04622
1.12000 0.05075 0.05075 0.05075 0.05075
1.12400 0.05625 0.05625 0.05625 0.05625
1.12800 0.06196 0.06196 0.06196 0.06196
1.13200 0.06669 0.06669 0.06669 0.06669
1.13600 0.06935 0.06935 0.06935 0.06935
1.14000 0.06949 0.06949 0.06949 0.06949
1.14400 0.06719 0.06719 0.06719 0.06719
1.14800 0.06284 0.06284 0.06284 0.06284
1.15200 0.05701 0.05701 0.05701 0.05701
1.15600 0.05048 0.05048 0.05048 0.05048
1.16000 0.04405 0.04405 0.04405 0.04405
1.16400 0.03830 0.03830 0.03830 0.03830
1.16800 0.03347 0.03347 0.03347 0.03347
1.17200 0.02957 0.02957 0.02957 0.02957
1.17600 0.02648 0.02648 0.02648 0.02648
1.18000 0.02407 0.02407 0.02407 0.02407
1.18400 0.02220 0.02220 0.02220 0.02220
1.18800 0.02076 0.02076 0.02076 0.02076
1.19200 0.01967 0.01967 0.01967 0.01967
1.19600 0.01889 0.01889 0.01889 0.01889
1.20000 0.01836 0.01836 0.01836 0.01836
1.20400 0.01807 0.01807 0.01807 0.01807
1.20800 0.01801 0.01801 0.01801 0.01801
1.21200 0.01818 0.01818 0.01818 0.01818
1.21600 0.01856 0.01856 0.01856 0.01856
1.22000 0.01913 0.01913 0.01913 0.01913
1.22400 0.01982 0.01982 0.01982 0.01982
1.22800 0.02052 0.02052 0.02052 0.02052
1.23200 0.02111 0.02111 0.02111 0.02111
1.23600 0.02155 0.02155 0.02155 0.02155
1.24000 0.02196 0.02196 0.02196 0.02196
1.24400 0.02250 0.02250 0.02250 0.02250
1.24800 0.02335 0.02335 0.02335 0.02335
1.25200 0.02465 0.02465 0.02465 0.02465
1.25600 0.02649 0.02649 0.02649 0.02649
1.26000 0.02902 0.02902 0.02902 0.02902
1.26400 0.03238 0.03238 0.03238 0.03238
1.26800 0.03680 0.03680 0.03680 0.03680
1.27200 0.04252 0.04252 0.04252 0.04252
1.27600 0.04981 0.04981 0.04981 0.04981
1.28000 0.05883 0.05883 0.05883 0.05883
1.28400 0.06935 0.06935 0.06935 0.06935
1.28800 0.08030 0.08030 0.08030 0.08030
1.29200 0.08939 0.08939 0.08939 0.08939
1.29600 0.09366 0.09366 0.09366 0.09366
1.30000 0.09133 0.09133 0.09133 0.09133
1.30400 0.08333 0.08333 0.08333 0.08333
1.30800 0.07248 0.07248 0.07248 0.07248
1.31200 0.06141 0.06141 0.06141 0.06141
1.31600 0.05158 0.05158 0.05158 0.05158
1.32000 0.04345 0.04345 0.04345 0.04345
1.32400 0.03693 0.03693 0.03693 0.03693
1.32800 0.03178 0.03178 0.03178 0.03178
1.33200 0.02771 0.02771 0.02771 0.02771
1.33600 0.02449 0.02449 0.02449 0.02449
1.34000 0.02191 0.02191 0.02191 0.02191
1.34400 0.01985 0.01985 0.01985 0.01985
1.34800 0.01818 0.01818 0.01818 0.01818
1.35200 0.01682 0.01682 0.01682 0.01682
1.35600 0.01572 0.01572 0.01572 0.01572
1.36000 0.01482 0.01482 0.01482 0.01482
1.36400 0.01410 0.01410 0.01410 0.01410
1.36800 0.01352 0.01352 0.01352 0.01352
1.37200 0.01307 0.01307 0.01307 0.01307
1.37600 0.01274 0.01274 0.01274 0.01274
1.38000 0.01253 0.01253 0.01253 0.01253
1.38400 0.01242 0.01242 0.01242 0.01242
1.38800 0.01242 0.01242 0.01242 0.01242
1.39200 0.01255 0.01255 0.01255 0.01255
1.39600 0.01281 0.01281 0.01281 0.01281
1.40000 0.01323 0.01323 0.01323 0.01323
1.40400 0.01383 0.01383 0.01383 0.01383
1.40800 0.01462 0.01462 0.01462 0.01462
1.41200 0.01560 0.01560 0.01560 0.01560
1.41600 0.01673 0.01673 0.01673 0.01673
1.42000 0.01790 0.01790 0.01790 0.01790
1.42400 0.01902 0.01902 0.01902 0.01902
1.42800 0.02010 0.02010 0.02010 0.02010
1.43200 0.02129 0.02129 0.02129 0.02129
1.43600 0.02281 0.02281 0.02281 0.02281
1.44000 0.02483 0.02483 0.02483 0.02483
1.44400 0.02732 0.02732 0.02732 0.02732
1.44800 0.03005 0.03005 0.03005 0.03005
1.45200 0.03259 0.03259 0.03259 0.03259
1.45600 0.03457 0.03457 0.03457 0.03457
1.46000 0.03600 0.03600 0.03600 0.03600
1.46400 0.03723 0.03723 0.03723 0.03723
1.46800 0.03851 0.03851 0.03851 0.03851
1.47200 0.03953 0.03953 0.03953 0.03953
1.47600 0.03952 0.03952 0.03952 0.03952
1.48000 0.03785 0.03785 0.03785 0.03785
1.48400 0.03461 0.03461 0.03461 0.03461
1.48800 0.03054 0.03054 0.03054 0.03054
1.49200 0.02647 0.02647 0.02647 0.02647
1.49600 0.02285 0.02285 0.02285 0.02285
1.50000 0.01985 0.01985 0.01985 0.01985
1.50400 0.01745 0.01745 0.01745 0.01745
1.50800 0.01554 0.01554 0.01554 0.01554
1.51200 0.01404 0.01404 0.01404 0.01404
1.51600 0.01286 0.01286 0.01286 0.01286
1.52000 0.01192 0.01192 0.01192 0.01192
1.52400 0.01119 0.01119 0.01119 0.01119
1.52800 0.01063 0.01063 0.01063 0.01063
1.53200 0.01020 0.01020 0.01020 0.01020
1.53600 0.00989 0.00989 0.00989 0.00989
1.54000 0.00969 0.00969 0.00969 0.00969
1.54400 0.00960 0.00960 0.00960 0.00960
1.54800 0.00961 0.00961 0.00961 0.00961
1.55200 0.00974 0.00974 0.00974 0.00974
1.55600 0.01000 0.01000 0.01000 0.01000
1.56000 0.01040 0.01040 0.01040 0.01040
1.56400 0.01096 0.01096 0.01096 0.01096
1.56800 0.01168 0.01168 0.01168 0.01168
1.57200 0.01252 0.01252 0.01252 0.01252
1.57600 0.01334 0.01334 0.01334 0.01334
1.58000 0.01395 0.01395 0.01395 0.01395
1.58400 0.01418 0.01418 0.01418 0.01418
1.58800 0.01400 0.01400 0.01400 0.01400
1.59200 0.01358 0.01358 0.01358 0.01358
1.59600 0.01310 0.01310 0.01310 0.01310
1.60000 0.01273 0.01273 0.01273 0.01273
1.60400 0.01254 0.01254 0.01254 0.01254
1.60800 0.01257 0.01257 0.01257 0.01257
1.61200 0.01286 0.01286 0.01286 0.01286
1.61600 0.01342 0.01342 0.01342 0.01342
1.62000 0.01430 0.01430 0.01430 0.01430
1.62400 0.01554 0.01554 0.01554 0.01554
1.62800 0.01723 0.01723 0.01723 0.01723
1.63200 0.01947 0.01947 0.01947 0.01947
1.63600 0.02237 0.02237 0.02237 0.02237
1.64000 0.02603 0.02603 0.02603 0.02603
1.64400 0.03044 0.03044 0.03044 0.03044
1.64800 0.03532 0.03532 0.03532 0.03532
1.65200 0.03990 0.03990 0.03990 0.03990
1.65600 0.04295 0.04295 0.04295 0.04295
1.66000 0.04335 0.04335 0.04335 0.04335
1.66400 0.04100 0.04100 0.04100 0.04100
1.66800 0.03686 0.03686 0.03686 0.03686
1.67200 0.03215 0.03215 0.03215 0.03215
1.67600 0.02768 0.02768 0.02768 0.02768
1.68000 0.02381 0.02381 0.02381 0.02381
1.68400 0.02063 0.02063 0.02063 0.02063
1.68800 0.01808 0.01808 0.01808 0.01808
1.69200 0.01610 0.01610 0.01610 0.01610
1.69600 0.01459 0.01459 0.01459 0.01459
1.70000 0.01346 0.01346 0.01346 0.01346
1.70400 0.01266 0.01266 0.01266 0.01266
1.70800 0.01213 0.01213 0.01213 0.01213
1.71200 0.01185 0.01185 0.01185 0.01185
1.71600 0.01181 0.01181 0.01181 0.01181
1.72000 0.01201 0.01201 0.01201 0.01201
1.72400 0.01247 0.01247 0.01247 0.01247
1.72800 0.01324 0.01324 0.01324 0.01324
1.73200 0.01433 0.01433 0.01433 0.01433
1.73600 0.01578 0.01578 0.01578 0.01578
1.74000 0.01755 0.01755 0.01755 0.01755
1.74400 0.01951 0.01951 0.01951 0.01951
1.74800 0.02144 0.02144 0.02144 0.02144
1.75200 0.02309 0.02309 0.02309 0.02309
1.75600 0.02429 0.02429 0.02429 0.02429
1.76000 0.02488 0.02488 0.02488 0.02488
1.76400 0.02460 0.02460 0.02460 0.02460
1.76800 0.02326 0.02326 0.02326 0.02326
1.77200 0.02107 0.02107 0.02107 0.02107
1.77600 0.01852 0.01852 0.01852 0.01852
1.78000 0.01604 0.01604 0.01604 0.01604
1.78400 0.01389 0.01389 0.01389 0.01389
1.78800 0.01211 0.01211 0.01211 0.01211
1.79200 0.01069 0.01069 0.01069 0.01069
1.79600 0.00955 0.00955 0.00955 0.00955
1.80000 0.00865 0.00865 0.00865 0.00865
1.80400 0.00794 0.00794 0.00794 0.00794
1.80800 0.00736 0.00736 0.00736 0.00736
1.81200 0.00690 0.00690 0.00690 0.00690
1.81600 0.00653 0.00653 0.00653 0.00653
1.82000 0.00623 0.00623 0.00623 0.00623
1.82400 0.00599 0.00599 0.00599 0.00599
1.82800 0.00581 0.00581 0.00581 0.00581
1.83200 0.00568 0.00568 0.00568 0.00568
1.83600 0.00559 0.00559 0.00559 0.00559
1.84000 0.00554 0.00554 0.00554 0.00554
1.84400 0.00554 0.00554 0.00554 0.00554
1.84800 0.00559 0.00559 0.00559 0.00559
1.85200 0.00569 0.00569 0.00569 0.00569
1.85600 0.00586 0.00586 0.00586 0.00586
1.86000 0.00609 0.00609 0.00609 0.00609
1.86400 0.00641 0.00641 0.00641 0.00641
1.86800 0.00680 0.00680 0.00680 0.00680
1.87200 0.00726 0.00726 0.00726 0.00726
1.87600 0.00775 0.00775 0.00775 0.00775
1.88000 0.00826 0.00826 0.00826 0.00826
1.88400 0.00873 0.00873 0.00873 0.00873
1.88800 0.00907 0.00907 0.00907 0.00907
1.89200 0.00918 0.00918 0.00918 0.00918
1.89600 0.00902 0.00902 0.00902 0.00902
1.90000 0.00866 0.00866 0.00866 0.00866
1.90400 0.00826 0.00826 0.00826 0.00826
1.90800 0.00792 0.00792 0.00792 0.00792
1.91200 0.00772 0.00772 0.00772 0.00772
1.91600 0.00767 0.00767 0.00767 0.00767
1.92000 0.00778 0.00778 0.00778 0.00778
1.92400 0.00806 0.00806 0.00806 0.00806
1.92800 0.00853 0.00853 0.00853 0.00853
1.93200 0.00921 0.00921 0.00921 0.00921
1.93600 0.01014 0.01014 0.01014 0.01014
1.94000 0.01139 0.01139 0.01139 0.01139
1.94400 0.01300 0.01300 0.01300 0.01300
1.94800 0.01500 0.01500 0.01500 0.01500
1.95200 0.01735 0.01735 0.01735 0.01735
1.95600 0.01981 0.01981 0.01981 0.01981
1.96000 0.02189 0.02189 0.02189 0.02189
1.96400 0.02295 0.02295 0.02295 0.02295
1.96800 0.02265 0.02265 0.02265 0.02265
1.97200 0.02122 0.02122 0.02122 0.02122
1.97600 0.01931 0.01931 0.01931 0.01931
1.98000 0.01748 0.01748 0.01748 0.01748
1.98400 0.01608 0.01608 0.01608 0.01608
1.98800 0.01518 0.01518 0.01518 0.01518
1.99200 0.01474 0.01474 0.01474 0.01474
1.99600 0.01456 0.01456 0.01456 0.01456
2.00000 0.01435 0.01435 0.01435 0.01435
