-2.00000 0.03819 0.03819 0.03819 0.03819
-1.99600 0.03283 0.03283 0.03283 0.03283
-1.99200 0.02776 0.02776 0.02776 0.02776
-1.98800 0.02337 0.02337 0.02337 0.02337
-1.98400 0.01977 0.01977 0.01977 0.01977
-1.98000 0.01690 0.01690 0.01690 0.01690
-1.97600 0.01463 0.01463 0.01463 0.01463
-1.97200 0.01285 0.01285 0.01285 0.01285
-1.96800 0.01146 0.01146 0.01146 0.01146
-1.96400 0.01037 0.01037 0.01037 0.01037
-1.96000 0.00954 0.00954 0.00954 0.00954
-1.95600 0.00891 0.00891 0.00891 0.00891
-1.95200 0.00846 0.00846 0.00846 0.00846
-1.94800 0.00818 0.00818 0.00818 0.00818
-1.94400 0.00803 0.00803 0.00803 0.00803
-1.94000 0.00799 0.00799 0.00799 0.00799
-1.93600 0.00799 0.00799 0.00799 0.00799
-1.93200 0.00794 0.00794 0.00794 0.00794
-1.92800 0.00774 0.00774 0.00774 0.00774
-1.92400 0.00737 0.00737 0.00737 0.00737
-1.92000 0.00688 0.00688 0.00688 0.00688
-1.91600 0.00638 0.00638 0.00638 0.00638
-1.91200 0.00591 0.00591 0.00591 0.00591
-1.90800 0.00551 0.00551 0.00551 0.00551
-1.90400 0.00517 0.00517 0.00517 0.00517
-1.90000 0.00490 0.00490 0.00490 0.00490
-1.89600 0.00468 0.00468 0.00468 0.00468
-1.89200 0.00450 0.00450 0.00450 0.00450
-1.88800 0.00436 0.00436 0.00436 0.00436
-1.88400 0.00424 0.00424 0.00424 0.00424
-1.88000 0.00414 0.00414 0.00414 0.00414
-1.87600 0.00406 0.00406 0.00406 0.00406
-1.87200 0.00400 0.00400 0.00400 0.00400
-1.86800 0.00395 0.00395 0.00395 0.00395
-1.86400 0.00391 0.00391 0.00391 0.00391
-1.86000 0.00389 0.00389 0.00389 0.00389
-1.85600 0.00388 0.00388 0.00388 0.00388
-1.85200 0.00388 0.00388 0.00388 0.00388
-1.84800 0.00389 0.00389 0.00389 0.00389
-1.84400 0.00391 0.00391 0.00391 0.00391
-1.84000 0.00395 0.00395 0.00395 0.00395
-1.83600 0.00401 0.00401 0.00401 0.00401
-1.83200 0.00409 0.00409 0.00409 0.00409
-1.82800 0.00419 0.00419 0.00419 0.00419
-1.82400 0.00432 0.00432 0.00432 0.00432
-1.82000 0.00448 0.00448 0.00448 0.00448
-1.81600 0.00467 0.00467 0.00467 0.00467
-1.81200 0.00487 0.00487 0.00487 0.00487
-1.80800 0.00506 0.00506 0.00506 0.00506
-1.80400 0.00520 0.00520 0.00520 0.00520
-1.80000 0.00527 0.00527 0.00527 0.00527
-1.79600 0.00529 0.00529 0.00529 0.00529
-1.79200 0.00530 0.00530 0.00530 0.00530
-1.78800 0.00535 0.00535 0.00535 0.00535
-1.78400 0.00546 0.00546 0.00546 0.00546
-1.78000 0.00565 0.00565 0.00565 0.00565
-1.77600 0.00590 0.00590 0.00590 0.00590
-1.77200 0.00616 0.00616 0.00616 0.00616
-1.76800 0.00638 0.00638 0.00638 0.00638
-1.76400 0.00648 0.00648 0.00648 0.00648
-1.76000 0.00643 0.00643 0.00643 0.00643
-1.75600 0.00627 0.00627 0.00627 0.00627
-1.75200 0.00607 0.00607 0.00607 0.00607
-1.74800 0.00590 0.00590 0.00590 0.00590
-1.74400 0.00578 0.00578 0.00578 0.00578
-1.74000 0.00572 0.00572 0.00572 0.00572
-1.73600 0.00570 0.00570 0.00570 0.00570
-1.73200 0.00570 0.00570 0.00570 0.00570
-1.72800 0.00572 0.00572 0.00572 0.00572
-1.72400 0.00575 0.00575 0.00575 0.00575
-1.72000 0.00580 0.00580 0.00580 0.00580
-1.71600 0.00589 0.00589 0.00589 0.00589
-1.71200 0.00603 0.00603 0.00603 0.00603
-1.70800 0.00619 0.00619 0.00619 0.00619
-1.70400 0.00636 0.00636 0.00636 0.00636
-1.70000 0.00649 0.00649 0.00649 0.00649
-1.69600 0.00653 0.00653 0.00653 0.00653
-1.69200 0.00649 0.00649 0.00649 0.00649
-1.68800 0.00642 0.00642 0.00642 0.00642
-1.68400 0.00635 0.00635 0.00635 0.00635
-1.68000 0.00631 0.00631 0.00631 0.00631
-1.67600 0.00632 0.00632 0.00632 0.00632
-1.67200 0.00636 0.00636 0.00636 0.00636
-1.66800 0.00645 0.00645 0.00645 0.00645
-1.66400 0.00658 0.00658 0.00658 0.00658
-1.66000 0.00674 0.00674 0.00674 0.00674
-1.65600 0.00694 0.00694 0.00694 0.00694
-1.65200 0.00717 0.00717 0.00717 0.00717
-1.64800 0.00745 0.00745 0.00745 0.00745
-1.64400 0.00777 0.00777 0.00777 0.00777
-1.64000 0.00814 0.00814 0.00814 0.00814
-1.63600 0.00857 0.00857 0.00857 0.00857
-1.63200 0.00905 0.00905 0.00905 0.00905
-1.62800 0.00958 0.00958 0.00958 0.00958
-1.62400 0.01015 0.01015 0.01015 0.01015
-1.62000 0.01076 0.01076 0.01076 0.01076
-1.61600 0.01140 0.01140 0.01140 0.01140
-1.61200 0.01212 0.01212 0.01212 0.01212
-1.60800 0.01295 0.01295 0.01295 0.01295
-1.60400 0.01393 0.01393 0.01393 0.01393
-1.60000 0.01511 0.01511 0.01511 0.01511
-1.59600 0.01653 0.01653 0.01653 0.01653
-1.59200 0.01826 0.01826 0.01826 0.01826
-1.58800 0.02035 0.02035 0.02035 0.02035
-1.58400 0.02293 0.02293 0.02293 0.02293
-1.58000 0.02610 0.02610 0.02610 0.02610
-1.57600 0.03006 0.03006 0.03006 0.03006
-1.57200 0.03501 0.03501 0.03501 0.03501
-1.56800 0.04123 0.04123 0.04123 0.04123
-1.56400 0.04903 0.04903 0.04903 0.04903
-1.56000 0.05863 0.05863 0.05863 0.05863
-1.55600 0.07001 0.07001 0.07001 0.07001
-1.55200 0.08241 0.08241 0.08241 0.08241
-1.54800 0.09393 0.09393 0.09393 0.09393
-1.54400 0.10174 0.10174 0.10174 0.10174
-1.54000 0.10367 0.10367 0.10367 0.10367
-1.53600 0.10006 0.10006 0.10006 0.10006
-1.53200 0.09356 0.09356 0.09356 0.09356
-1.52800 0.08710 0.08710 0.08710 0.08710
-1.52400 0.08235 0.08235 0.08235 0.08235
-1.52000 0.07957 0.07957 0.07957 0.07957
-1.51600 0.07786 0.07786 0.07786 0.07786
-1.51200 0.07565 0.07565 0.07565 0.07565
-1.50800 0.07148 0.07148 0.07148 0.07148
-1.50400 0.06498 0.06498 0.06498 0.06498
-1.50000 0.05707 0.05707 0.05707 0.05707
-1.49600 0.04906 0.04906 0.04906 0.04906
-1.49200 0.04187 0.04187 0.04187 0.04187
-1.48800 0.03583 0.03583 0.03583 0.03583
-1.48400 0.03094 0.03094 0.03094 0.03094
-1.48000 0.02703 0.02703 0.02703 0.02703
-1.47600 0.02393 0.02393 0.02393 0.02393
-1.47200 0.02147 0.02147 0.02147 0.02147
-1.46800 0.01953 0.01953 0.01953 0.01953
-1.46400 0.01801 0.01801 0.01801 0.01801
-1.46000 0.01684 0.01684 0.01684 0.01684
-1.45600 0.01597 0.01597 0.01597 0.01597
-1.45200 0.01537 0.01537 0.01537 0.01537
-1.44800 0.01503 0.01503 0.01503 0.01503
-1.44400 0.01492 0.01492 0.01492 0.01492
-1.44000 0.01499 0.01499 0.01499 0.01499
-1.43600 0.01514 0.01514 0.01514 0.01514
-1.43200 0.01517 0.01517 0.01517 0.01517
-1.42800 0.01491 0.01491 0.01491 0.01491
-1.42400 0.01428 0.01428 0.01428 0.01428
-1.42000 0.01339 0.01339 0.01339 0.01339
-1.41600 0.01242 0.01242 0.01242 0.01242
-1.41200 0.01151 0.01151 0.01151 0.01151
-1.40800 0.01072 0.01072 0.01072 0.01072
-1.40400 0.01006 0.01006 0.01006 0.01006
-1.40000 0.00952 0.00952 0.00952 0.00952
-1.39600 0.00908 0.00908 0.00908 0.00908
-1.39200 0.00872 0.00872 0.00872 0.00872
-1.38800 0.00842 0.00842 0.00842 0.00842
-1.38400 0.00817 0.00817 0.00817 0.00817
-1.38000 0.00797 0.00797 0.00797 0.00797
-1.37600 0.00780 0.00780 0.00780 0.00780
-1.37200 0.00765 0.00765 0.00765 0.00765
-1.36800 0.00753 0.00753 0.00753 0.00753
-1.36400 0.00743 0.00743 0.00743 0.00743
-1.36000 0.00735 0.00735 0.00735 0.00735
-1.35600 0.00729 0.00729 0.00729 0.00729
-1.35200 0.00723 0.00723 0.00723 0.00723
-1.34800 0.00719 0.00719 0.00719 0.00719
-1.34400 0.00716 0.00716 0.00716 0.00716
-1.34000 0.00714 0.00714 0.00714 0.00714
-1.33600 0.00713 0.00713 0.00713 0.00713
-1.33200 0.00713 0.00713 0.00713 0.00713
-1.32800 0.00714 0.00714 0.00714 0.00714
-1.32400 0.00715 0.00715 0.00715 0.00715
-1.32000 0.00718 0.00718 0.00718 0.00718
-1.31600 0.00721 0.00721 0.00721 0.00721
-1.31200 0.00725 0.00725 0.00725 0.00725
-1.30800 0.00729 0.00729 0.00729 0.00729
-1.30400 0.00735 0.00735 0.00735 0.00735
-1.30000 0.00742 0.00742 0.00742 0.00742
-1.29600 0.00749 0.00749 0.00749 0.00749
-1.29200 0.00758 0.00758 0.00758 0.00758
-1.28800 0.00768 0.00768 0.00768 0.00768
-1.28400 0.00779 0.00779 0.00779 0.00779
-1.28000 0.00792 0.00792 0.00792 0.00792
-1.27600 0.00807 0.00807 0.00807 0.00807
-1.27200 0.00825 0.00825 0.00825 0.00825
-1.26800 0.00844 0.00844 0.00844 0.00844
-1.26400 0.00866 0.00866 0.00866 0.00866
-1.26000 0.00889 0.00889 0.00889 0.00889
-1.25600 0.00914 0.00914 0.00914 0.00914
-1.25200 0.00939 0.00939 0.00939 0.00939
-1.24800 0.00966 0.00966 0.00966 0.00966
-1.24400 0.00995 0.00995 0.00995 0.00995
-1.24000 0.01023 0.01023 0.01023 0.01023
-1.23600 0.01047 0.01047 0.01047 0.01047
-1.23200 0.01066 0.01066 0.01066 0.01066
-1.22800 0.01081 0.01081 0.01081 0.01081
-1.22400 0.01095 0.01095 0.01095 0.01095
-1.22000 0.01109 0.01109 0.01109 0.01109
-1.21600 0.01124 0.01124 0.01124 0.01124
-1.21200 0.01144 0.01144 0.01144 0.01144
-1.20800 0.01168 0.01168 0.01168 0.01168
-1.20400 0.01199 0.01199 0.01199 0.01199
-1.20000 0.01236 0.01236 0.01236 0.01236
-1.19600 0.01277 0.01277 0.01277 0.01277
-1.19200 0.01318 0.01318 0.01318 0.01318
-1.18800 0.01352 0.01352 0.01352 0.01352
-1.18400 0.01378 0.01378 0.01378 0.01378
-1.18000 0.01397 0.01397 0.01397 0.01397
-1.17600 0.01414 0.01414 0.01414 0.01414
-1.17200 0.01435 0.01435 0.01435 0.01435
-1.16800 0.01463 0.01463 0.01463 0.01463
-1.16400 0.01500 0.01500 0.01500 0.01500
-1.16000 0.01545 0.01545 0.01545 0.01545
-1.15600 0.01599 0.01599 0.01599 0.01599
-1.15200 0.01662 0.01662 0.01662 0.01662
-1.14800 0.01735 0.01735 0.01735 0.01735
-1.14400 0.01819 0.01819 0.01819 0.01819
-1.14000 0.01914 0.01914 0.01914 0.01914
-1.13600 0.02022 0.02022 0.02022 0.02022
-1.13200 0.02145 0.02145 0.02145 0.02145
-1.12800 0.02286 0.02286 0.02286 0.02286
-1.12400 0.02447 0.02447 0.02447 0.02447
-1.12000 0.02633 0.02633 0.02633 0.02633
-1.11600 0.02849 0.02849 0.02849 0.02849
-1.11200 0.03100 0.03100 0.03100 0.03100
-1.10800 0.03396 0.03396 0.03396 0.03396
-1.10400 0.03746 0.03746 0.03746 0.03746
-1.10000 0.04165 0.04165 0.04165 0.04165
-1.09600 0.04670 0.04670 0.04670 0.04670
-1.09200 0.05285 0.05285 0.05285 0.05285
-1.08800 0.06042 0.06042 0.06042 0.06042
-1.08400 0.06980 0.06980 0.06980 0.06980
-1.08000 0.08153 0.08153 0.08153 0.08153
-1.07600 0.09620 0.09620 0.09620 0.09620
-1.07200 0.11445 0.11445 0.11445 0.11445
-1.06800 0.13663 0.13663 0.13663 0.13663
-1.06400 0.16226 0.16226 0.16226 0.16226
-1.06000 0.18917 0.18917 0.18917 0.18917
-1.05600 0.21316 0.21316 0.21316 0.21316
-1.05200 0.22960 0.22960 0.22960 0.22960
-1.04800 0.23673 0.23673 0.23673 0.23673
-1.04400 0.23674 0.23674 0.23674 0.23674
-1.04000 0.23268 0.23268 0.23268 0.23268
-1.03600 0.22562 0.22562 0.22562 0.22562
-1.03200 0.21552 0.21552 0.21552 0.21552
-1.02800 0.20353 0.20353 0.20353 0.20353
-1.02400 0.19189 0.19189 0.19189 0.19189
-1.02000 0.18168 0.18168 0.18168 0.18168
-1.01600 0.17172 0.17172 0.17172 0.17172
-1.01200 0.15959 0.15959 0.15959 0.15959
-1.00800 0.14409 0.14409 0.14409 0.14409
-1.00400 0.12637 0.12637 0.12637 0.12637
-1.00000 0.10869 0.10869 0.10869 0.10869
-0.99600 0.09280 0.09280 0.09280 0.09280
-0.99200 0.07940 0.07940 0.07940 0.07940
-0.98800 0.06844 0.06844 0.06844 0.06844
-0.98400 0.05961 0.05961 0.05961 0.05961
-0.98000 0.05249 0.05249 0.05249 0.05249
-0.97600 0.04673 0.04673 0.04673 0.04673
-0.97200 0.04204 0.04204 0.04204 0.04204
-0.96800 0.03819 0.03819 0.03819 0.03819
-0.96400 0.03499 0.03499 0.03499 0.03499
-0.96000 0.03232 0.03232 0.03232 0.03232
-0.95600 0.03007 0.03007 0.03007 0.03007
-0.95200 0.02816 0.02816 0.02816 0.02816
-0.94800 0.02654 0.02654 0.02654 0.02654
-0.94400 0.02514 0.02514 0.02514 0.02514
-0.94000 0.02394 0.02394 0.02394 0.02394
-0.93600 0.02290 0.02290 0.02290 0.02290
-0.93200 0.02200 0.02200 0.02200 0.02200
-0.92800 0.02122 0.02122 0.02122 0.02122
-0.92400 0.02053 0.02053 0.02053 0.02053
-0.92000 0.01994 0.01994 0.01994 0.01994
-0.91600 0.01942 0.01942 0.01942 0.01942
-0.91200 0.01897 0.01897 0.01897 0.01897
-0.90800 0.01857 0.01857 0.01857 0.01857
-0.90400 0.01823 0.01823 0.01823 0.01823
-0.90000 0.01793 0.01793 0.01793 0.01793
-0.89600 0.01768 0.01768 0.01768 0.01768
-0.89200 0.01746 0.01746 0.01746 0.01746
-0.88800 0.01728 0.01728 0.01728 0.01728
-0.88400 0.01713 0.01713 0.01713 0.01713
-0.88000 0.01700 0.01700 0.01700 0.01700
-0.87600 0.01691 0.01691 0.01691 0.01691
-0.87200 0.01683 0.01683 0.01683 0.01683
-0.86800 0.01678 0.01678 0.01678 0.01678
-0.86400 0.01675 0.01675 0.01675 0.01675
-0.86000 0.01675 0.01675 0.01675 0.01675
-0.85600 0.01676 0.01676 0.01676 0.01676
-0.85200 0.01678 0.01678 0.01678 0.01678
-0.84800 0.01683 0.01683 0.01683 0.01683
-0.84400 0.01689 0.01689 0.01689 0.01689
-0.84000 0.01697 0.01697 0.01697 0.01697
-0.83600 0.01707 0.01707 0.01707 0.01707
-0.83200 0.01718 0.01718 0.01718 0.01718
-0.82800 0.01730 0.01730 0.01730 0.01730
-0.82400 0.01744 0.01744 0.01744 0.01744
-0.82000 0.01760 0.01760 0.01760 0.01760
-0.81600 0.01777 0.01777 0.01777 0.01777
-0.81200 0.01795 0.01795 0.01795 0.01795
-0.80800 0.01816 0.01816 0.01816 0.01816
-0.80400 0.01837 0.01837 0.01837 0.01837
-0.80000 0.01861 0.01861 0.01861 0.01861
-0.79600 0.01886 0.01886 0.01886 0.01886
-0.79200 0.01912 0.01912 0.01912 0.01912
-0.78800 0.01941 0.01941 0.01941 0.01941
-0.78400 0.01971 0.01971 0.01971 0.01971
-0.78000 0.02003 0.02003 0.02003 0.02003
-0.77600 0.02037 0.02037 0.02037 0.02037
-0.77200 0.02073 0.02073 0.02073 0.02073
-0.76800 0.02112 0.02112 0.02112 0.02112
-0.76400 0.02152 0.02152 0.02152 0.02152
-0.76000 0.02195 0.02195 0.02195 0.02195
-0.75600 0.02241 0.02241 0.02241 0.02241
-0.75200 0.02290 0.02290 0.02290 0.02290
-0.74800 0.02341 0.02341 0.02341 0.02341
-0.74400 0.02396 0.02396 0.02396 0.02396
-0.74000 0.02453 0.02453 0.02453 0.02453
-0.73600 0.02515 0.02515 0.02515 0.02515
-0.73200 0.02581 0.02581 0.02581 0.02581
-0.72800 0.02651 0.02651 0.02651 0.02651
-0.72400 0.02725 0.02725 0.02725 0.02725
-0.72000 0.02805 0.02805 0.02805 0.02805
-0.71600 0.02890 0.02890 0.02890 0.02890
-0.71200 0.02981 0.02981 0.02981 0.02981
-0.70800 0.03078 0.03078 0.03078 0.03078
-0.70400 0.03183 0.03183 0.03183 0.03183
-0.70000 0.03297 0.03297 0.03297 0.03297
-0.69600 0.03419 0.03419 0.03419 0.03419
-0.69200 0.03551 0.03551 0.03551 0.03551
-0.68800 0.03694 0.03694 0.03694 0.03694
-0.68400 0.03849 0.03849 0.03849 0.03849
-0.68000 0.04019 0.04019 0.04019 0.04019
-0.67600 0.04204 0.04204 0.04204 0.04204
-0.67200 0.04408 0.04408 0.04408 0.04408
-0.66800 0.04632 0.04632 0.04632 0.04632
-0.66400 0.04879 0.04879 0.04879 0.04879
-0.66000 0.05153 0.05153 0.05153 0.05153
-0.65600 0.05458 0.05458 0.05458 0.05458
-0.65200 0.05799 0.05799 0.05799 0.05799
-0.64800 0.06183 0.06183 0.06183 0.06183
-0.64400 0.06616 0.06616 0.06616 0.06616
-0.64000 0.07108 0.07108 0.07108 0.07108
-0.63600 0.07671 0.07671 0.07671 0.07671
-0.63200 0.08318 0.08318 0.08318 0.08318
-0.62800 0.09067 0.09067 0.09067 0.09067
-0.62400 0.09942 0.09942 0.09942 0.09942
-0.62000 0.10971 0.10971 0.10971 0.10971
-0.61600 0.12192 0.12192 0.12192 0.12192
-0.61200 0.13655 0.13655 0.13655 0.13655
-0.60800 0.15424 0.15424 0.15424 0.15424
-0.60400 0.17585 0.17585 0.17585 0.17585
-0.60000 0.20252 0.20252 0.20252 0.20252
-0.59600 0.23575 0.23575 0.23575 0.23575
-0.59200 0.27745 0.27745 0.27745 0.27745
-0.58800 0.33001 0.33001 0.33001 0.33001
-0.58400 0.39597 0.39597 0.39597 0.39597
-0.58000 0.47729 0.47729 0.47729 0.47729
-0.57600 0.57323 0.57323 0.57323 0.57323
-0.57200 0.67662 0.67662 0.67662 0.67662
-0.56800 0.76986 0.76986 0.76986 0.76986
-0.56400 0.82687 0.82687 0.82687 0.82687
-0.56000 0.82739 0.82739 0.82739 0.82739
-0.55600 0.77373 0.77373 0.77373 0.77373
-0.55200 0.68899 0.68899 0.68899 0.68899
-0.54800 0.59910 0.59910 0.59910 0.59910
-0.54400 0.52052 0.52052 0.52052 0.52052
-0.54000 0.45987 0.45987 0.45987 0.45987
-0.53600 0.41806 0.41806 0.41806 0.41806
-0.53200 0.39362 0.39362 0.39362 0.39362
-0.52800 0.38384 0.38384 0.38384 0.38384
-0.52400 0.38435 0.38435 0.38435 0.38435
-0.52000 0.38811 0.38811 0.38811 0.38811
-0.51600 0.38573 0.38573 0.38573 0.38573
-0.51200 0.36967 0.36967 0.36967 0.36967
-0.50800 0.33936 0.33936 0.33936 0.33936
-0.50400 0.30092 0.30092 0.30092 0.30092
-0.50000 0.26176 0.26176 0.26176 0.26176
-0.49600 0.22658 0.22658 0.22658 0.22658
-0.49200 0.19704 0.19704 0.19704 0.19704
-0.48800 0.17302 0.17302 0.17302 0.17302
-0.48400 0.15375 0.15375 0.15375 0.15375
-0.48000 0.13832 0.13832 0.13832 0.13832
-0.47600 0.12592 0.12592 0.12592 0.12592
-0.47200 0.11591 0.11591 0.11591 0.11591
-0.46800 0.10779 0.10779 0.10779 0.10779
-0.46400 0.10115 0.10115 0.10115 0.10115
-0.46000 0.09572 0.09572 0.09572 0.09572
-0.45600 0.09126 0.09126 0.09126 0.09126
-0.45200 0.08760 0.08760 0.08760 0.08760
-0.44800 0.08460 0.08460 0.08460 0.08460
-0.44400 0.08217 0.08217 0.08217 0.08217
-0.44000 0.08021 0.08021 0.08021 0.08021
-0.43600 0.07867 0.07867 0.07867 0.07867
-0.43200 0.07748 0.07748 0.07748 0.07748
-0.42800 0.07662 0.07662 0.07662 0.07662
-0.42400 0.07604 0.07604 0.07604 0.07604
-0.42000 0.07572 0.07572 0.07572 0.07572
-0.41600 0.07563 0.07563 0.07563 0.07563
-0.41200 0.07577 0.07577 0.07577 0.07577
-0.40800 0.07611 0.07611 0.07611 0.07611
-0.40400 0.07665 0.07665 0.07665 0.07665
-0.40000 0.07738 0.07738 0.07738 0.07738
-0.39600 0.07830 0.07830 0.07830 0.07830
-0.39200 0.07939 0.07939 0.07939 0.07939
-0.38800 0.08067 0.08067 0.08067 0.08067
-0.38400 0.08213 0.08213 0.08213 0.08213
-0.38000 0.08378 0.08378 0.08378 0.08378
-0.37600 0.08561 0.08561 0.08561 0.08561
-0.37200 0.08764 0.08764 0.08764 0.08764
-0.36800 0.08986 0.08986 0.08986 0.08986
-0.36400 0.09231 0.09231 0.09231 0.09231
-0.36000 0.09497 0.09497 0.09497 0.09497
-0.35600 0.09787 0.09787 0.09787 0.09787
-0.35200 0.10102 0.10102 0.10102 0.10102
-0.34800 0.10444 0.10444 0.10444 0.10444
-0.34400 0.10815 0.10815 0.10815 0.10815
-0.34000 0.11216 0.11216 0.11216 0.11216
-0.33600 0.11652 0.11652 0.11652 0.11652
-0.33200 0.12125 0.12125 0.12125 0.12125
-0.32800 0.12637 0.12637 0.12637 0.12637
-0.32400 0.13194 0.13194 0.13194 0.13194
-0.32000 0.13799 0.13799 0.13799 0.13799
-0.31600 0.14458 0.14458 0.14458 0.14458
-0.31200 0.15176 0.15176 0.15176 0.15176
-0.30800 0.15960 0.15960 0.15960 0.15960
-0.30400 0.16817 0.16817 0.16817 0.16817
-0.30000 0.17758 0.17758 0.17758 0.17758
-0.29600 0.18791 0.18791 0.18791 0.18791
-0.29200 0.19929 0.19929 0.19929 0.19929
-0.28800 0.21186 0.21186 0.21186 0.21186
-0.28400 0.22579 0.22579 0.22579 0.22579
-0.28000 0.24126 0.24126 0.24126 0.24126
-0.27600 0.25852 0.25852 0.25852 0.25852
-0.27200 0.27784 0.27784 0.27784 0.27784
-0.26800 0.29955 0.29955 0.29955 0.29955
-0.26400 0.32405 0.32405 0.32405 0.32405
-0.26000 0.35183 0.35183 0.35183 0.35183
-0.25600 0.38349 0.38349 0.38349 0.38349
-0.25200 0.41975 0.41975 0.41975 0.41975
-0.24800 0.46155 0.46155 0.46155 0.46155
-0.24400 0.51002 0.51002 0.51002 0.51002
-0.24000 0.56661 0.56661 0.56661 0.56661
-0.23600 0.63317 0.63317 0.63317 0.63317
-0.23200 0.71208 0.71208 0.71208 0.71208
-0.22800 0.80640 0.80640 0.80640 0.80640
-0.22400 0.92019 0.92019 0.92019 0.92019
-0.22000 1.05874 1.05874 1.05874 1.05874
-0.21600 1.22910 1.22910 1.22910 1.22910
-0.21200 1.44062 1.44062 1.44062 1.44062
-0.20800 1.70559 1.70559 1.70559 1.70559
-0.20400 2.03985 2.03985 2.03985 2.03985
-0.20000 2.46275 2.46275 2.46275 2.46275
-0.19600 2.99508 2.99508 2.99508 2.99508
-0.19200 3.65194 3.65194 3.65194 3.65194
-0.18800 4.42518 4.42518 4.42518 4.42518
-0.18400 5.25185 5.25185 5.25185 5.25185
-0.18000 5.98188 5.98188 5.98188 5.98188
-0.17600 6.39786 6.39786 6.39786 6.39786
-0.17200 6.33648 6.33648 6.33648 6.33648
-0.16800 5.82393 5.82393 5.82393 5.82393
-0.16400 5.05213 5.05213 5.05213 5.05213
-0.16000 4.22922 4.22922 4.22922 4.22922
-0.15600 3.48241 3.48241 3.48241 3.48241
-0.15200 2.85765 2.85765 2.85765 2.85765
-0.14800 2.35496 2.35496 2.35496 2.35496
-0.14400 1.95671 1.95671 1.95671 1.95671
-0.14000 1.64207 1.64207 1.64207 1.64207
-0.13600 1.39250 1.39250 1.39250 1.39250
-0.13200 1.19305 1.19305 1.19305 1.19305
-0.12800 1.03222 1.03222 1.03222 1.03222
-0.12400 0.90130 0.90130 0.90130 0.90130
-0.12000 0.79371 0.79371 0.79371 0.79371
-0.11600 0.70451 0.70451 0.70451 0.70451
-0.11200 0.62991 0.62991 0.62991 0.62991
-0.10800 0.56704 0.56704 0.56704 0.56704
-0.10400 0.51367 0.51367 0.51367 0.51367
-0.10000 0.46806 0.46806 0.46806 0.46806
-0.09600 0.42885 0.42885 0.42885 0.42885
-0.09200 0.39495 0.39495 0.39495 0.39495
-0.08800 0.36550 0.36550 0.36550 0.36550
-0.08400 0.33982 0.33982 0.33982 0.33982
-0.08000 0.31732 0.31732 0.31732 0.31732
-0.07600 0.29756 0.29756 0.29756 0.29756
-0.07200 0.28015 0.28015 0.28015 0.28015
-0.06800 0.26478 0.26478 0.26478 0.26478
-0.06400 0.25119 0.25119 0.25119 0.25119
-0.06000 0.23916 0.23916 0.23916 0.23916
-0.05600 0.22850 0.22850 0.22850 0.22850
-0.05200 0.21907 0.21907 0.21907 0.21907
-0.04800 0.21074 0.21074 0.21074 0.21074
-0.04400 0.20339 0.20339 0.20339 0.20339
-0.04000 0.19694 0.19694 0.19694 0.19694
-0.03600 0.19130 0.19130 0.19130 0.19130
-0.03200 0.18640 0.18640 0.18640 0.18640
-0.02800 0.18220 0.18220 0.18220 0.18220
-0.02400 0.17865 0.17865 0.17865 0.17865
-0.02000 0.17570 0.17570 0.17570 0.17570
-0.01600 0.17333 0.17333 0.17333 0.17333
-0.01200 0.17150 0.17150 0.17150 0.17150
-0.00800 0.17022 0.17022 0.17022 0.17022
-0.00400 0.16945 0.16945 0.16945 0.16945
0.00000 0.16919 0.16919 0.16919 0.16919
0.00400 0.16945 0.16945 0.16945 0.16945
0.00800 0.17021 0.17021 0.17021 0.17021
0.01200 0.17150 0.17150 0.17150 0.17150
0.01600 0.17332 0.17332 0.17332 0.17332
0.02000 0.17569 0.17569 0.17569 0.17569
0.02400 0.17863 0.17863 0.17863 0.17863
0.02800 0.18219 0.18219 0.18219 0.18219
0.03200 0.18639 0.18639 0.18639 0.18639
0.03600 0.19128 0.19128 0.19128 0.19128
0.04000 0.19692 0.19692 0.19692 0.19692
0.04400 0.20337 0.20337 0.20337 0.20337
0.04800 0.21071 0.21071 0.21071 0.21071
0.05200 0.21904 0.21904 0.21904 0.21904
0.05600 0.22847 0.22847 0.22847 0.22847
0.06000 0.23911 0.23911 0.23911 0.23911
0.06400 0.25114 0.25114 0.25114 0.25114
0.06800 0.26472 0.26472 0.26472 0.26472
0.07200 0.28009 0.28009 0.28009 0.28009
0.07600 0.29749 0.29749 0.29749 0.29749
0.08000 0.31724 0.31724 0.31724 0.31724
0.08400 0.33972 0.33972 0.33972 0.33972
0.08800 0.36539 0.36539 0.36539 0.36539
0.09200 0.39482 0.39482 0.39482 0.39482
0.09600 0.42869 0.42869 0.42869 0.42869
0.10000 0.46788 0.46788 0.46788 0.46788
0.10400 0.51345 0.51345 0.51345 0.51345
0.10800 0.56679 0.56679 0.56679 0.56679
0.11200 0.62960 0.62960 0.62960 0.62960
0.11600 0.70413 0.70413 0.70413 0.70413
0.12000 0.79326 0.79326 0.79326 0.79326
0.12400 0.90074 0.90074 0.90074 0.90074
0.12800 1.03152 1.03152 1.03152 1.03152
0.13200 1.19218 1.19218 1.19218 1.19218
0.13600 1.39140 1.39140 1.39140 1.39140
0.14000 1.64068 1.64068 1.64068 1.64068
0.14400 1.95492 1.95492 1.95492 1.95492
0.14800 2.35268 2.35268 2.35268 2.35268
0.15200 2.85477 2.85477 2.85477 2.85477
0.15600 3.47888 3.47888 3.47888 3.47888
0.16000 4.22517 4.22517 4.22517 4.22517
0.16400 5.04806 5.04806 5.04806 5.04806
0.16800 5.82091 5.82091 5.82091 5.82091
0.17200 6.33583 6.33583 6.33583 6.33583
0.17600 6.40028 6.40028 6.40028 6.40028
0.18000 5.98678 5.98678 5.98678 5.98678
0.18400 5.25784 5.25784 5.25784 5.25784
0.18800 4.43104 4.43104 4.43104 4.43104
0.19200 3.65705 3.65705 3.65705 3.65705
0.19600 2.99929 2.99929 2.99929 2.99929
0.20000 2.46612 2.46612 2.46612 2.46612
0.20400 2.04254 2.04254 2.04254 2.04254
0.20800 1.70773 1.70773 1.70773 1.70773
0.21200 1.44233 1.44233 1.44233 1.44233
0.21600 1.23049 1.23049 1.23049 1.23049
0.22000 1.05987 1.05987 1.05987 1.05987
0.22400 0.92111 0.92111 0.92111 0.92111
0.22800 0.80718 0.80718 0.80718 0.80718
0.23200 0.71272 0.71272 0.71272 0.71272
0.23600 0.63372 0.63372 0.63372 0.63372
0.24000 0.56708 0.56708 0.56708 0.56708
0.24400 0.51042 0.51042 0.51042 0.51042
0.24800 0.46190 0.46190 0.46190 0.46190
0.25200 0.42005 0.42005 0.42005 0.42005
0.25600 0.38374 0.38374 0.38374 0.38374
0.26000 0.35206 0.35206 0.35206 0.35206
0.26400 0.32425 0.32425 0.32425 0.32425
0.26800 0.29972 0.29972 0.29972 0.29972
0.27200 0.27799 0.27799 0.27799 0.27799
0.27600 0.25866 0.25866 0.25866 0.25866
0.28000 0.24138 0.24138 0.24138 0.24138
0.28400 0.22589 0.22589 0.22589 0.22589
0.28800 0.21195 0.21195 0.21195 0.21195
0.29200 0.19937 0.19937 0.19937 0.19937
0.29600 0.18798 0.18798 0.18798 0.18798
0.30000 0.17764 0.17764 0.17764 0.17764
0.30400 0.16823 0.16823 0.16823 0.16823
0.30800 0.15964 0.15964 0.15964 0.15964
0.31200 0.15180 0.15180 0.15180 0.15180
0.31600 0.14461 0.14461 0.14461 0.14461
0.32000 0.13802 0.13802 0.13802 0.13802
0.32400 0.13196 0.13196 0.13196 0.13196
0.32800 0.12639 0.12639 0.12639 0.12639
0.33200 0.12126 0.12126 0.12126 0.12126
0.33600 0.11653 0.11653 0.11653 0.11653
0.34000 0.11217 0.11217 0.11217 0.11217
0.34400 0.10814 0.10814 0.10814 0.10814
0.34800 0.10443 0.10443 0.10443 0.10443
0.35200 0.10100 0.10100 0.10100 0.10100
0.35600 0.09785 0.09785 0.09785 0.09785
0.36000 0.09495 0.09495 0.09495 0.09495
0.36400 0.09228 0.09228 0.09228 0.09228
0.36800 0.08983 0.08983 0.08983 0.08983
0.37200 0.08760 0.08760 0.08760 0.08760
0.37600 0.08556 0.08556 0.08556 0.08556
0.38000 0.08373 0.08373 0.08373 0.08373
0.38400 0.08208 0.08208 0.08208 0.08208
0.38800 0.08061 0.08061 0.08061 0.08061
0.39200 0.07933 0.07933 0.07933 0.07933
0.39600 0.07822 0.07822 0.07822 0.07822
0.40000 0.07730 0.07730 0.07730 0.07730
0.40400 0.07656 0.07656 0.07656 0.07656
0.40800 0.07601 0.07601 0.07601 0.07601
0.41200 0.07566 0.07566 0.07566 0.07566
0.41600 0.07551 0.07551 0.07551 0.07551
0.42000 0.07558 0.07558 0.07558 0.07558
0.42400 0.07589 0.07589 0.07589 0.07589
0.42800 0.07646 0.07646 0.07646 0.07646
0.43200 0.07731 0.07731 0.07731 0.07731
0.43600 0.07847 0.07847 0.07847 0.07847
0.44000 0.08000 0.08000 0.08000 0.08000
0.44400 0.08193 0.08193 0.08193 0.08193
0.44800 0.08434 0.08434 0.08434 0.08434
0.45200 0.08730 0.08730 0.08730 0.08730
0.45600 0.09093 0.09093 0.09093 0.09093
0.46000 0.09535 0.09535 0.09535 0.09535
0.46400 0.10074 0.10074 0.10074 0.10074
0.46800 0.10732 0.10732 0.10732 0.10732
0.47200 0.11538 0.11538 0.11538 0.11538
0.47600 0.12531 0.12531 0.12531 0.12531
0.48000 0.13761 0.13761 0.13761 0.13761
0.48400 0.15293 0.15293 0.15293 0.15293
0.48800 0.17206 0.17206 0.17206 0.17206
0.49200 0.19591 0.19591 0.19591 0.19591
0.49600 0.22527 0.22527 0.22527 0.22527
0.50000 0.26027 0.26027 0.26027 0.26027
0.50400 0.29927 0.29927 0.29927 0.29927
0.50800 0.33765 0.33765 0.33765 0.33765
0.51200 0.36799 0.36799 0.36799 0.36799
0.51600 0.38400 0.38400 0.38400 0.38400
0.52000 0.38607 0.38607 0.38607 0.38607
0.52400 0.38162 0.38162 0.38162 0.38162
0.52800 0.38004 0.38004 0.38004 0.38004
0.53200 0.38841 0.38841 0.38841 0.38841
0.53600 0.41110 0.41110 0.41110 0.41110
0.54000 0.45081 0.45081 0.45081 0.45081
0.54400 0.50915 0.50915 0.50915 0.50915
0.54800 0.58560 0.58560 0.58560 0.58560
0.55200 0.67450 0.67450 0.67450 0.67450
0.55600 0.76079 0.76079 0.76079 0.76079
0.56000 0.81942 0.81942 0.81942 0.81942
0.56400 0.82607 0.82607 0.82607 0.82607
0.56800 0.77536 0.77536 0.77536 0.77536
0.57200 0.68548 0.68548 0.68548 0.68548
0.57600 0.58267 0.58267 0.58267 0.58267
0.58000 0.48576 0.48576 0.48576 0.48576
0.58400 0.40298 0.40298 0.40298 0.40298
0.58800 0.33559 0.33559 0.33559 0.33559
0.59200 0.28183 0.28183 0.28183 0.28183
0.59600 0.23917 0.23917 0.23917 0.23917
0.60000 0.20521 0.20521 0.20521 0.20521
0.60400 0.17798 0.17798 0.17798 0.17798
0.60800 0.15593 0.15593 0.15593 0.15593
0.61200 0.13791 0.13791 0.13791 0.13791
0.61600 0.12303 0.12303 0.12303 0.12303
0.62000 0.11062 0.11062 0.11062 0.11062
0.62400 0.10017 0.10017 0.10017 0.10017
0.62800 0.09130 0.09130 0.09130 0.09130
0.63200 0.08371 0.08371 0.08371 0.08371
0.63600 0.07716 0.07716 0.07716 0.07716
0.64000 0.07147 0.07147 0.07147 0.07147
0.64400 0.06649 0.06649 0.06649 0.06649
0.64800 0.06212 0.06212 0.06212 0.06212
0.65200 0.05825 0.05825 0.05825 0.05825
0.65600 0.05480 0.05480 0.05480 0.05480
0.66000 0.05173 0.05173 0.05173 0.05173
0.66400 0.04896 0.04896 0.04896 0.04896
0.66800 0.04648 0.04648 0.04648 0.04648
0.67200 0.04422 0.04422 0.04422 0.04422
0.67600 0.04218 0.04218 0.04218 0.04218
0.68000 0.04031 0.04031 0.04031 0.04031
0.68400 0.03861 0.03861 0.03861 0.03861
0.68800 0.03704 0.03704 0.03704 0.03704
0.69200 0.03561 0.03561 0.03561 0.03561
0.69600 0.03428 0.03428 0.03428 0.03428
0.70000 0.03306 0.03306 0.03306 0.03306
0.70400 0.03192 0.03192 0.03192 0.03192
0.70800 0.03087 0.03087 0.03087 0.03087
0.71200 0.02989 0.02989 0.02989 0.02989
0.71600 0.02898 0.02898 0.02898 0.02898
0.72000 0.02812 0.02812 0.02812 0.02812
0.72400 0.02733 0.02733 0.02733 0.02733
0.72800 0.02658 0.02658 0.02658 0.02658
0.73200 0.02589 0.02589 0.02589 0.02589
0.73600 0.02523 0.02523 0.02523 0.02523
0.74000 0.02461 0.02461 0.02461 0.02461
0.74400 0.02404 0.02404 0.02404 0.02404
0.74800 0.02349 0.02349 0.02349 0.02349
0.75200 0.02298 0.02298 0.02298 0.02298
0.75600 0.02250 0.02250 0.02250 0.02250
0.76000 0.02204 0.02204 0.02204 0.02204
0.76400 0.02161 0.02161 0.02161 0.02161
0.76800 0.02121 0.02121 0.02121 0.02121
0.77200 0.02083 0.02083 0.02083 0.02083
0.77600 0.02047 0.02047 0.02047 0.02047
0.78000 0.02014 0.02014 0.02014 0.02014
0.78400 0.01982 0.01982 0.01982 0.01982
0.78800 0.01952 0.01952 0.01952 0.01952
0.79200 0.01924 0.01924 0.01924 0.01924
0.79600 0.01898 0.01898 0.01898 0.01898
0.80000 0.01874 0.01874 0.01874 0.01874
0.80400 0.01851 0.01851 0.01851 0.01851
0.80800 0.01831 0.01831 0.01831 0.01831
0.81200 0.01811 0.01811 0.01811 0.01811
0.81600 0.01793 0.01793 0.01793 0.01793
0.82000 0.01777 0.01777 0.01777 0.01777
0.82400 0.01763 0.01763 0.01763 0.01763
0.82800 0.01750 0.01750 0.01750 0.01750
0.83200 0.01739 0.01739 0.01739 0.01739
0.83600 0.01729 0.01729 0.01729 0.01729
0.84000 0.01721 0.01721 0.01721 0.01721
0.84400 0.01715 0.01715 0.01715 0.01715
0.84800 0.01710 0.01710 0.01710 0.01710
0.85200 0.01707 0.01707 0.01707 0.01707
0.85600 0.01707 0.01707 0.01707 0.01707
0.86000 0.01708 0.01708 0.01708 0.01708
0.86400 0.01711 0.01711 0.01711 0.01711
0.86800 0.01717 0.01717 0.01717 0.01717
0.87200 0.01725 0.01725 0.01725 0.01725
0.87600 0.01736 0.01736 0.01736 0.01736
0.88000 0.01749 0.01749 0.01749 0.01749
0.88400 0.01765 0.01765 0.01765 0.01765
0.88800 0.01785 0.01785 0.01785 0.01785
0.89200 0.01809 0.01809 0.01809 0.01809
0.89600 0.01836 0.01836 0.01836 0.01836
0.90000 0.01868 0.01868 0.01868 0.01868
0.90400 0.01905 0.01905 0.01905 0.01905
0.90800 0.01948 0.01948 0.01948 0.01948
0.91200 0.01996 0.01996 0.01996 0.01996
0.91600 0.02052 0.02052 0.02052 0.02052
0.92000 0.02117 0.02117 0.02117 0.02117
0.92400 0.02190 0.02190 0.02190 0.02190
0.92800 0.02275 0.02275 0.02275 0.02275
0.93200 0.02372 0.02372 0.02372 0.02372
0.93600 0.02484 0.02484 0.02484 0.02484
0.94000 0.02614 0.02614 0.02614 0.02614
0.94400 0.02765 0.02765 0.02765 0.02765
0.94800 0.02940 0.02940 0.02940 0.02940
0.95200 0.03146 0.03146 0.03146 0.03146
0.95600 0.03389 0.03389 0.03389 0.03389
0.96000 0.03677 0.03677 0.03677 0.03677
0.96400 0.04021 0.04021 0.04021 0.04021
0.96800 0.04436 0.04436 0.04436 0.04436
0.97200 0.04940 0.04940 0.04940 0.04940
0.97600 0.05558 0.05558 0.05558 0.05558
0.98000 0.06323 0.06323 0.06323 0.06323
0.98400 0.07276 0.07276 0.07276 0.07276
0.98800 0.08471 0.08471 0.08471 0.08471
0.99200 0.09967 0.09967 0.09967 0.09967
0.99600 0.11821 0.11821 0.11821 0.11821
1.00000 0.14055 0.14055 0.14055 0.14055
1.00400 0.16592 0.16592 0.16592 0.16592
1.00800 0.19188 0.19188 0.19188 0.19188
1.01200 0.21447 0.21447 0.21447 0.21447
1.01600 0.23023 0.23023 0.23023 0.23023
1.02000 0.23849 0.23849 0.23849 0.23849
1.02400 0.24058 0.24058 0.24058 0.24058
1.02800 0.23702 0.23702 0.23702 0.23702
1.03200 0.22734 0.22734 0.22734 0.22734
1.03600 0.21264 0.21264 0.21264 0.21264
1.04000 0.19631 0.19631 0.19631 0.19631
1.04400 0.18169 0.18169 0.18169 0.18169
1.04800 0.16988 0.16988 0.16988 0.16988
1.05200 0.15941 0.15941 0.15941 0.15941
1.05600 0.14769 0.14769 0.14769 0.14769
1.06000 0.13326 0.13326 0.13326 0.13326
1.06400 0.11690 0.11690 0.11690 0.11690
1.06800 0.10059 0.10059 0.10059 0.10059
1.07200 0.08587 0.08587 0.08587 0.08587
1.07600 0.07340 0.07340 0.07340 0.07340
1.08000 0.06316 0.06316 0.06316 0.06316
1.08400 0.05486 0.05486 0.05486 0.05486
1.08800 0.04813 0.04813 0.04813 0.04813
1.09200 0.04266 0.04266 0.04266 0.04266
1.09600 0.03816 0.03816 0.03816 0.03816
1.10000 0.03443 0.03443 0.03443 0.03443
1.10400 0.03131 0.03131 0.03131 0.03131
1.10800 0.02867 0.02867 0.02867 0.02867
1.11200 0.02643 0.02643 0.02643 0.02643
1.11600 0.02451 0.02451 0.02451 0.02451
1.12000 0.02285 0.02285 0.02285 0.02285
1.12400 0.02140 0.02140 0.02140 0.02140
1.12800 0.02013 0.02013 0.02013 0.02013
1.13200 0.01902 0.01902 0.01902 0.01902
1.13600 0.01803 0.01803 0.01803 0.01803
1.14000 0.01716 0.01716 0.01716 0.01716
1.14400 0.01639 0.01639 0.01639 0.01639
1.14800 0.01570 0.01570 0.01570 0.01570
1.15200 0.01509 0.01509 0.01509 0.01509
1.15600 0.01454 0.01454 0.01454 0.01454
1.16000 0.01407 0.01407 0.01407 0.01407
1.16400 0.01365 0.01365 0.01365 0.01365
1.16800 0.01329 0.01329 0.01329 0.01329
1.17200 0.01298 0.01298 0.01298 0.01298
1.17600 0.01274 0.01274 0.01274 0.01274
1.18000 0.01257 0.01257 0.01257 0.01257
1.18400 0.01246 0.01246 0.01246 0.01246
1.18800 0.01241 0.01241 0.01241 0.01241
1.19200 0.01242 0.01242 0.01242 0.01242
1.19600 0.01244 0.01244 0.01244 0.01244
1.20000 0.01243 0.01243 0.01243 0.01243
1.20400 0.01235 0.01235 0.01235 0.01235
1.20800 0.01222 0.01222 0.01222 0.01222
1.21200 0.01204 0.01204 0.01204 0.01204
1.21600 0.01185 0.01185 0.01185 0.01185
1.22000 0.01164 0.01164 0.01164 0.01164
1.22400 0.01143 0.01143 0.01143 0.01143
1.22800 0.01126 0.01126 0.01126 0.01126
1.23200 0.01115 0.01115 0.01115 0.01115
1.23600 0.01109 0.01109 0.01109 0.01109
1.24000 0.01105 0.01105 0.01105 0.01105
1.24400 0.01098 0.01098 0.01098 0.01098
1.24800 0.01083 0.01083 0.01083 0.01083
1.25200 0.01056 0.01056 0.01056 0.01056
1.25600 0.01020 0.01020 0.01020 0.01020
1.26000 0.00981 0.00981 0.00981 0.00981
1.26400 0.00943 0.00943 0.00943 0.00943
1.26800 0.00911 0.00911 0.00911 0.00911
1.27200 0.00884 0.00884 0.00884 0.00884
1.27600 0.00863 0.00863 0.00863 0.00863
1.28000 0.00848 0.00848 0.00848 0.00848
1.28400 0.00837 0.00837 0.00837 0.00837
1.28800 0.00829 0.00829 0.00829 0.00829
1.29200 0.00825 0.00825 0.00825 0.00825
1.29600 0.00821 0.00821 0.00821 0.00821
1.30000 0.00815 0.00815 0.00815 0.00815
1.30400 0.00807 0.00807 0.00807 0.00807
1.30800 0.00796 0.00796 0.00796 0.00796
1.31200 0.00784 0.00784 0.00784 0.00784
1.31600 0.00773 0.00773 0.00773 0.00773
1.32000 0.00763 0.00763 0.00763 0.00763
1.32400 0.00756 0.00756 0.00756 0.00756
1.32800 0.00750 0.00750 0.00750 0.00750
1.33200 0.00747 0.00747 0.00747 0.00747
1.33600 0.00745 0.00745 0.00745 0.00745
1.34000 0.00745 0.00745 0.00745 0.00745
1.34400 0.00746 0.00746 0.00746 0.00746
1.34800 0.00748 0.00748 0.00748 0.00748
1.35200 0.00752 0.00752 0.00752 0.00752
1.35600 0.00757 0.00757 0.00757 0.00757
1.36000 0.00764 0.00764 0.00764 0.00764
1.36400 0.00772 0.00772 0.00772 0.00772
1.36800 0.00782 0.00782 0.00782 0.00782
1.37200 0.00794 0.00794 0.00794 0.00794
1.37600 0.00808 0.00808 0.00808 0.00808
1.38000 0.00824 0.00824 0.00824 0.00824
1.38400 0.00843 0.00843 0.00843 0.00843
1.38800 0.00865 0.00865 0.00865 0.00865
1.39200 0.00890 0.00890 0.00890 0.00890
1.39600 0.00920 0.00920 0.00920 0.00920
1.40000 0.00955 0.00955 0.00955 0.00955
1.40400 0.00995 0.00995 0.00995 0.00995
1.40800 0.01043 0.01043 0.01043 0.01043
1.41200 0.01101 0.01101 0.01101 0.01101
1.41600 0.01169 0.01169 0.01169 0.01169
1.42000 0.01251 0.01251 0.01251 0.01251
1.42400 0.01350 0.01350 0.01350 0.01350
1.42800 0.01466 0.01466 0.01466 0.01466
1.43200 0.01600 0.01600 0.01600 0.01600
1.43600 0.01743 0.01743 0.01743 0.01743
1.44000 0.01881 0.01881 0.01881 0.01881
1.44400 0.01997 0.01997 0.01997 0.01997
1.44800 0.02084 0.02084 0.02084 0.02084
1.45200 0.02156 0.02156 0.02156 0.02156
1.45600 0.02236 0.02236 0.02236 0.02236
1.46000 0.02349 0.02349 0.02349 0.02349
1.46400 0.02510 0.02510 0.02510 0.02510
1.46800 0.02732 0.02732 0.02732 0.02732
1.47200 0.03028 0.03028 0.03028 0.03028
1.47600 0.03415 0.03415 0.03415 0.03415
1.48000 0.03915 0.03915 0.03915 0.03915
1.48400 0.04558 0.04558 0.04558 0.04558
1.48800 0.05377 0.05377 0.05377 0.05377
1.49200 0.06409 0.06409 0.06409 0.06409
1.49600 0.07672 0.07672 0.07672 0.07672
1.50000 0.09133 0.09133 0.09133 0.09133
1.50400 0.10655 0.10655 0.10655 0.10655
1.50800 0.11968 0.11968 0.11968 0.11968
1.51200 0.12753 0.12753 0.12753 0.12753
1.51600 0.12819 0.12819 0.12819 0.12819
1.52000 0.12211 0.12211 0.12211 0.12211
1.52400 0.11120 0.11120 0.11120 0.11120
1.52800 0.09769 0.09769 0.09769 0.09769
1.53200 0.08365 0.08365 0.08365 0.08365
1.53600 0.07066 0.07066 0.07066 0.07066
1.54000 0.05960 0.05960 0.05960 0.05960
1.54400 0.05066 0.05066 0.05066 0.05066
1.54800 0.04367 0.04367 0.04367 0.04367
1.55200 0.03834 0.03834 0.03834 0.03834
1.55600 0.03436 0.03436 0.03436 0.03436
1.56000 0.03143 0.03143 0.03143 0.03143
1.56400 0.02921 0.02921 0.02921 0.02921
1.56800 0.02734 0.02734 0.02734 0.02734
1.57200 0.02545 0.02545 0.02545 0.02545
1.57600 0.02336 0.02336 0.02336 0.02336
1.58000 0.02114 0.02114 0.02114 0.02114
1.58400 0.01897 0.01897 0.01897 0.01897
1.58800 0.01701 0.01701 0.01701 0.01701
1.59200 0.01532 0.01532 0.01532 0.01532
1.59600 0.01390 0.01390 0.01390 0.01390
1.60000 0.01270 0.01270 0.01270 0.01270
1.60400 0.01170 0.01170 0.01170 0.01170
1.60800 0.01085 0.01085 0.01085 0.01085
1.61200 0.01012 0.01012 0.01012 0.01012
1.61600 0.00948 0.00948 0.00948 0.00948
1.62000 0.00893 0.00893 0.00893 0.00893
1.62400 0.00845 0.00845 0.00845 0.00845
1.62800 0.00802 0.00802 0.00802 0.00802
1.63200 0.00765 0.00765 0.00765 0.00765
1.63600 0.00731 0.00731 0.00731 0.00731
1.64000 0.00702 0.00702 0.00702 0.00702
1.64400 0.00675 0.00675 0.00675 0.00675
1.64800 0.00651 0.00651 0.00651 0.00651
1.65200 0.00630 0.00630 0.00630 0.00630
1.65600 0.00610 0.00610 0.00610 0.00610
1.66000 0.00593 0.00593 0.00593 0.00593
1.66400 0.00577 0.00577 0.00577 0.00577
1.66800 0.00563 0.00563 0.00563 0.00563
1.67200 0.00551 0.00551 0.00551 0.00551
1.67600 0.00540 0.00540 0.00540 0.00540
1.68000 0.00531 0.00531 0.00531 0.00531
1.68400 0.00524 0.00524 0.00524 0.00524
1.68800 0.00519 0.00519 0.00519 0.00519
1.69200 0.00515 0.00515 0.00515 0.00515
1.69600 0.00512 0.00512 0.00512 0.00512
1.70000 0.00511 0.00511 0.00511 0.00511
1.70400 0.00509 0.00509 0.00509 0.00509
1.70800 0.00505 0.00505 0.00505 0.00505
1.71200 0.00500 0.00500 0.00500 0.00500
1.71600 0.00493 0.00493 0.00493 0.00493
1.72000 0.00486 0.00486 0.00486 0.00486
1.72400 0.00482 0.00482 0.00482 0.00482
1.72800 0.00479 0.00479 0.00479 0.00479
1.73200 0.00480 0.00480 0.00480 0.00480
1.73600 0.00485 0.00485 0.00485 0.00485
1.74000 0.00492 0.00492 0.00492 0.00492
1.74400 0.00503 0.00503 0.00503 0.00503
1.74800 0.00516 0.00516 0.00516 0.00516
1.75200 0.00530 0.00530 0.00530 0.00530
1.75600 0.00544 0.00544 0.00544 0.00544
1.76000 0.00561 0.00561 0.00561 0.00561
1.76400 0.00580 0.00580 0.00580 0.00580
1.76800 0.00597 0.00597 0.00597 0.00597
1.77200 0.00607 0.00607 0.00607 0.00607
1.77600 0.00602 0.00602 0.00602 0.00602
1.78000 0.00582 0.00582 0.00582 0.00582
1.78400 0.00553 0.00553 0.00553 0.00553
1.78800 0.00522 0.00522 0.00522 0.00522
1.79200 0.00494 0.00494 0.00494 0.00494
1.79600 0.00471 0.00471 0.00471 0.00471
1.80000 0.00453 0.00453 0.00453 0.00453
1.80400 0.00439 0.00439 0.00439 0.00439
1.80800 0.00430 0.00430 0.00430 0.00430
1.81200 0.00422 0.00422 0.00422 0.00422
1.81600 0.00416 0.00416 0.00416 0.00416
1.82000 0.00410 0.00410 0.00410 0.00410
1.82400 0.00404 0.00404 0.00404 0.00404
1.82800 0.00398 0.00398 0.00398 0.00398
1.83200 0.00393 0.00393 0.00393 0.00393
1.83600 0.00390 0.00390 0.00390 0.00390
1.84000 0.00388 0.00388 0.00388 0.00388
1.84400 0.00388 0.00388 0.00388 0.00388
1.84800 0.00389 0.00389 0.00389 0.00389
1.85200 0.00392 0.00392 0.00392 0.00392
1.85600 0.00396 0.00396 0.00396 0.00396
1.86000 0.00403 0.00403 0.00403 0.00403
1.86400 0.00412 0.00412 0.00412 0.00412
1.86800 0.00423 0.00423 0.00423 0.00423
1.87200 0.00437 0.00437 0.00437 0.00437
1.87600 0.00453 0.00453 0.00453 0.00453
1.88000 0.00470 0.00470 0.00470 0.00470
1.88400 0.00486 0.00486 0.00486 0.00486
1.88800 0.00496 0.00496 0.00496 0.00496
1.89200 0.00500 0.00500 0.00500 0.00500
1.89600 0.00499 0.00499 0.00499 0.00499
1.90000 0.00496 0.00496 0.00496 0.00496
1.90400 0.00496 0.00496 0.00496 0.00496
1.90800 0.00498 0.00498 0.00498 0.00498
1.91200 0.00505 0.00505 0.00505 0.00505
1.91600 0.00515 0.00515 0.00515 0.00515
1.92000 0.00530 0.00530 0.00530 0.00530
1.92400 0.00549 0.00549 0.00549 0.00549
1.92800 0.00572 0.00572 0.00572 0.00572
1.93200 0.00601 0.00601 0.00601 0.00601
1.93600 0.00635 0.00635 0.00635 0.00635
1.94000 0.00677 0.00677 0.00677 0.00677
1.94400 0.00726 0.00726 0.00726 0.00726
1.94800 0.00786 0.00786 0.00786 0.00786
1.95200 0.00858 0.00858 0.00858 0.00858
1.95600 0.00945 0.00945 0.00945 0.00945
1.96000 0.01052 0.01052 0.01052 0.01052
1.96400 0.01183 0.01183 0.01183 0.01183
1.96800 0.01347 0.01347 0.01347 0.01347
1.97200 0.01553 0.01553 0.01553 0.01553
1.97600 0.01812 0.01812 0.01812 0.01812
1.98000 0.02141 0.02141 0.02141 0.02141
1.98400 0.02556 0.02556 0.02556 0.02556
1.98800 0.03070 0.03070 0.03070 0.03070
1.99200 0.03681 0.03681 0.03681 0.03681
1.99600 0.04345 0.04345 0.04345 0.04345
2.00000 0.04953 0.04953 0.04953 0.04953
