-2.00000 0.00357 0.00357
-1.99600 0.00369 0.00369
-1.99200 0.00381 0.00381
-1.98800 0.00392 0.00392
-1.98400 0.00400 0.00400
-1.98000 0.00408 0.00408
-1.97600 0.00416 0.00416
-1.97200 0.00426 0.00426
-1.96800 0.00440 0.00440
-1.96400 0.00456 0.00456
-1.96000 0.00478 0.00478
-1.95600 0.00503 0.00503
-1.95200 0.00534 0.00534
-1.94800 0.00570 0.00570
-1.94400 0.00615 0.00615
-1.94000 0.00669 0.00669
-1.93600 0.00737 0.00737
-1.93200 0.00822 0.00822
-1.92800 0.00928 0.00928
-1.92400 0.01060 0.01060
-1.92000 0.01219 0.01219
-1.91600 0.01401 0.01401
-1.91200 0.01589 0.01589
-1.90800 0.01750 0.01750
-1.90400 0.01845 0.01845
-1.90000 0.01858 0.01858
-1.89600 0.01807 0.01807
-1.89200 0.01729 0.01729
-1.88800 0.01661 0.01661
-1.88400 0.01629 0.01629
-1.88000 0.01647 0.01647
-1.87600 0.01725 0.01725
-1.87200 0.01868 0.01868
-1.86800 0.02080 0.02080
-1.86400 0.02356 0.02356
-1.86000 0.02671 0.02671
-1.85600 0.02966 0.02966
-1.85200 0.03152 0.03152
-1.84800 0.03152 0.03152
-1.84400 0.02963 0.02963
-1.84000 0.02653 0.02653
-1.83600 0.02307 0.02307
-1.83200 0.01977 0.01977
-1.82800 0.01689 0.01689
-1.82400 0.01450 0.01450
-1.82000 0.01257 0.01257
-1.81600 0.01102 0.01102
-1.81200 0.00979 0.00979
-1.80800 0.00881 0.00881
-1.80400 0.00803 0.00803
-1.80000 0.00740 0.00740
-1.79600 0.00689 0.00689
-1.79200 0.00647 0.00647
-1.78800 0.00613 0.00613
-1.78400 0.00585 0.00585
-1.78000 0.00562 0.00562
-1.77600 0.00543 0.00543
-1.77200 0.00528 0.00528
-1.76800 0.00516 0.00516
-1.76400 0.00507 0.00507
-1.76000 0.00501 0.00501
-1.75600 0.00496 0.00496
-1.75200 0.00494 0.00494
-1.74800 0.00492 0.00492
-1.74400 0.00490 0.00490
-1.74000 0.00489 0.00489
-1.73600 0.00488 0.00488
-1.73200 0.00488 0.00488
-1.72800 0.00489 0.00489
-1.72400 0.00490 0.00490
-1.72000 0.00494 0.00494
-1.71600 0.00499 0.00499
-1.71200 0.00506 0.00506
-1.70800 0.00515 0.00515
-1.70400 0.00526 0.00526
-1.70000 0.00540 0.00540
-1.69600 0.00557 0.00557
-1.69200 0.00577 0.00577
-1.68800 0.00601 0.00601
-1.68400 0.00630 0.00630
-1.68000 0.00665 0.00665
-1.67600 0.00707 0.00707
-1.67200 0.00756 0.00756
-1.66800 0.00813 0.00813
-1.66400 0.00874 0.00874
-1.66000 0.00938 0.00938
-1.65600 0.01004 0.01004
-1.65200 0.01076 0.01076
-1.64800 0.01163 0.01163
-1.64400 0.01275 0.01275
-1.64000 0.01423 0.01423
-1.63600 0.01614 0.01614
-1.63200 0.01855 0.01855
-1.62800 0.02142 0.02142
-1.62400 0.02455 0.02455
-1.62000 0.02742 0.02742
-1.61600 0.02929 0.02929
-1.61200 0.02951 0.02951
-1.60800 0.02805 0.02805
-1.60400 0.02548 0.02548
-1.60000 0.02253 0.02253
-1.59600 0.01972 0.01972
-1.59200 0.01733 0.01733
-1.58800 0.01540 0.01540
-1.58400 0.01390 0.01390
-1.58000 0.01277 0.01277
-1.57600 0.01194 0.01194
-1.57200 0.01135 0.01135
-1.56800 0.01095 0.01095
-1.56400 0.01072 0.01072
-1.56000 0.01063 0.01063
-1.55600 0.01067 0.01067
-1.55200 0.01083 0.01083
-1.54800 0.01112 0.01112
-1.54400 0.01154 0.01154
-1.54000 0.01209 0.01209
-1.53600 0.01282 0.01282
-1.53200 0.01373 0.01373
-1.52800 0.01488 0.01488
-1.52400 0.01632 0.01632
-1.52000 0.01812 0.01812
-1.51600 0.02039 0.02039
-1.51200 0.02326 0.02326
-1.50800 0.02691 0.02691
-1.50400 0.03155 0.03155
-1.50000 0.03738 0.03738
-1.49600 0.04455 0.04455
-1.49200 0.05290 0.05290
-1.48800 0.06164 0.06164
-1.48400 0.06903 0.06903
-1.48000 0.07273 0.07273
-1.47600 0.07129 0.07129
-1.47200 0.06534 0.06534
-1.46800 0.05706 0.05706
-1.46400 0.04854 0.04854
-1.46000 0.04095 0.04095
-1.45600 0.03467 0.03467
-1.45200 0.02963 0.02963
-1.44800 0.02561 0.02561
-1.44400 0.02241 0.02241
-1.44000 0.01984 0.01984
-1.43600 0.01776 0.01776
-1.43200 0.01609 0.01609
-1.42800 0.01474 0.01474
-1.42400 0.01365 0.01365
-1.42000 0.01277 0.01277
-1.41600 0.01207 0.01207
-1.41200 0.01151 0.01151
-1.40800 0.01106 0.01106
-1.40400 0.01071 0.01071
-1.40000 0.01045 0.01045
-1.39600 0.01027 0.01027
-1.39200 0.01015 0.01015
-1.38800 0.01008 0.01008
-1.38400 0.01004 0.01004
-1.38000 0.01001 0.01001
-1.37600 0.00999 0.00999
-1.37200 0.00997 0.00997
-1.36800 0.00997 0.00997
-1.36400 0.01002 0.01002
-1.36000 0.01013 0.01013
-1.35600 0.01031 0.01031
-1.35200 0.01056 0.01056
-1.34800 0.01091 0.01091
-1.34400 0.01135 0.01135
-1.34000 0.01191 0.01191
-1.33600 0.01261 0.01261
-1.33200 0.01348 0.01348
-1.32800 0.01457 0.01457
-1.32400 0.01592 0.01592
-1.32000 0.01759 0.01759
-1.31600 0.01962 0.01962
-1.31200 0.02203 0.02203
-1.30800 0.02478 0.02478
-1.30400 0.02783 0.02783
-1.30000 0.03124 0.03124
-1.29600 0.03517 0.03517
-1.29200 0.03971 0.03971
-1.28800 0.04453 0.04453
-1.28400 0.04870 0.04870
-1.28000 0.05088 0.05088
-1.27600 0.05011 0.05011
-1.27200 0.04657 0.04657
-1.26800 0.04144 0.04144
-1.26400 0.03598 0.03598
-1.26000 0.03101 0.03101
-1.25600 0.02685 0.02685
-1.25200 0.02352 0.02352
-1.24800 0.02089 0.02089
-1.24400 0.01884 0.01884
-1.24000 0.01725 0.01725
-1.23600 0.01600 0.01600
-1.23200 0.01503 0.01503
-1.22800 0.01428 0.01428
-1.22400 0.01370 0.01370
-1.22000 0.01326 0.01326
-1.21600 0.01294 0.01294
-1.21200 0.01272 0.01272
-1.20800 0.01260 0.01260
-1.20400 0.01255 0.01255
-1.20000 0.01258 0.01258
-1.19600 0.01269 0.01269
-1.19200 0.01287 0.01287
-1.18800 0.01311 0.01311
-1.18400 0.01339 0.01339
-1.18000 0.01369 0.01369
-1.17600 0.01397 0.01397
-1.17200 0.01422 0.01422
-1.16800 0.01448 0.01448
-1.16400 0.01478 0.01478
-1.16000 0.01516 0.01516
-1.15600 0.01564 0.01564
-1.15200 0.01623 0.01623
-1.14800 0.01694 0.01694
-1.14400 0.01779 0.01779
-1.14000 0.01879 0.01879
-1.13600 0.01999 0.01999
-1.13200 0.02140 0.02140
-1.12800 0.02308 0.02308
-1.12400 0.02508 0.02508
-1.12000 0.02749 0.02749
-1.11600 0.03042 0.03042
-1.11200 0.03399 0.03399
-1.10800 0.03840 0.03840
-1.10400 0.04390 0.04390
-1.10000 0.05079 0.05079
-1.09600 0.05950 0.05950
-1.09200 0.07049 0.07049
-1.08800 0.08421 0.08421
-1.08400 0.10084 0.10084
-1.08000 0.11969 0.11969
-1.07600 0.13844 0.13844
-1.07200 0.15268 0.15268
-1.06800 0.15752 0.15752
-1.06400 0.15100 0.15100
-1.06000 0.13586 0.13586
-1.05600 0.11716 0.11716
-1.05200 0.09895 0.09895
-1.04800 0.08320 0.08320
-1.04400 0.07038 0.07038
-1.04000 0.06024 0.06024
-1.03600 0.05231 0.05231
-1.03200 0.04615 0.04615
-1.02800 0.04136 0.04136
-1.02400 0.03765 0.03765
-1.02000 0.03479 0.03479
-1.01600 0.03262 0.03262
-1.01200 0.03103 0.03103
-1.00800 0.02991 0.02991
-1.00400 0.02921 0.02921
-1.00000 0.02885 0.02885
-0.99600 0.02877 0.02877
-0.99200 0.02893 0.02893
-0.98800 0.02936 0.02936
-0.98400 0.03013 0.03013
-0.98000 0.03135 0.03135
-0.97600 0.03312 0.03312
-0.97200 0.03558 0.03558
-0.96800 0.03891 0.03891
-0.96400 0.04330 0.04330
-0.96000 0.04900 0.04900
-0.95600 0.05619 0.05619
-0.95200 0.06486 0.06486
-0.94800 0.07447 0.07447
-0.94400 0.08354 0.08354
-0.94000 0.08974 0.08974
-0.93600 0.09094 0.09094
-0.93200 0.08669 0.08669
-0.92800 0.07855 0.07855
-0.92400 0.06888 0.06888
-0.92000 0.05954 0.05954
-0.91600 0.05145 0.05145
-0.91200 0.04485 0.04485
-0.90800 0.03959 0.03959
-0.90400 0.03547 0.03547
-0.90000 0.03223 0.03223
-0.89600 0.02969 0.02969
-0.89200 0.02768 0.02768
-0.88800 0.02610 0.02610
-0.88400 0.02484 0.02484
-0.88000 0.02385 0.02385
-0.87600 0.02307 0.02307
-0.87200 0.02246 0.02246
-0.86800 0.02199 0.02199
-0.86400 0.02165 0.02165
-0.86000 0.02140 0.02140
-0.85600 0.02125 0.02125
-0.85200 0.02117 0.02117
-0.84800 0.02117 0.02117
-0.84400 0.02123 0.02123
-0.84000 0.02136 0.02136
-0.83600 0.02154 0.02154
-0.83200 0.02178 0.02178
-0.82800 0.02208 0.02208
-0.82400 0.02244 0.02244
-0.82000 0.02285 0.02285
-0.81600 0.02332 0.02332
-0.81200 0.02386 0.02386
-0.80800 0.02447 0.02447
-0.80400 0.02515 0.02515
-0.80000 0.02592 0.02592
-0.79600 0.02678 0.02678
-0.79200 0.02773 0.02773
-0.78800 0.02881 0.02881
-0.78400 0.03001 0.03001
-0.78000 0.03136 0.03136
-0.77600 0.03289 0.03289
-0.77200 0.03462 0.03462
-0.76800 0.03658 0.03658
-0.76400 0.03883 0.03883
-0.76000 0.04141 0.04141
-0.75600 0.04440 0.04440
-0.75200 0.04788 0.04788
-0.74800 0.05197 0.05197
-0.74400 0.05681 0.05681
-0.74000 0.06259 0.06259
-0.73600 0.06956 0.06956
-0.73200 0.07805 0.07805
-0.72800 0.08850 0.08850
-0.72400 0.10149 0.10149
-0.72000 0.11776 0.11776
-0.71600 0.13825 0.13825
-0.71200 0.16401 0.16401
-0.70800 0.19593 0.19593
-0.70400 0.23409 0.23409
-0.70000 0.27627 0.27627
-0.69600 0.31625 0.31625
-0.69200 0.34371 0.34371
-0.68800 0.34895 0.34895
-0.68400 0.33044 0.33044
-0.68000 0.29623 0.29623
-0.67600 0.25729 0.25729
-0.67200 0.22139 0.22139
-0.66800 0.19189 0.19189
-0.66400 0.16945 0.16945
-0.66000 0.15356 0.15356
-0.65600 0.14348 0.14348
-0.65200 0.13858 0.13858
-0.64800 0.13838 0.13838
-0.64400 0.14234 0.14234
-0.64000 0.14937 0.14937
-0.63600 0.15729 0.15729
-0.63200 0.16255 0.16255
-0.62800 0.16155 0.16155
-0.62400 0.15309 0.15309
-0.62000 0.13932 0.13932
-0.61600 0.12375 0.12375
-0.61200 0.10908 0.10908
-0.60800 0.09653 0.09653
-0.60400 0.08633 0.08633
-0.60000 0.07823 0.07823
-0.59600 0.07185 0.07185
-0.59200 0.06686 0.06686
-0.58800 0.06295 0.06295
-0.58400 0.05990 0.05990
-0.58000 0.05753 0.05753
-0.57600 0.05571 0.05571
-0.57200 0.05434 0.05434
-0.56800 0.05334 0.05334
-0.56400 0.05265 0.05265
-0.56000 0.05224 0.05224
-0.55600 0.05207 0.05207
-0.55200 0.05212 0.05212
-0.54800 0.05236 0.05236
-0.54400 0.05279 0.05279
-0.54000 0.05340 0.05340
-0.53600 0.05418 0.05418
-0.53200 0.05513 0.05513
-0.52800 0.05626 0.05626
-0.52400 0.05756 0.05756
-0.52000 0.05906 0.05906
-0.51600 0.06075 0.06075
-0.51200 0.06266 0.06266
-0.50800 0.06480 0.06480
-0.50400 0.06720 0.06720
-0.50000 0.06989 0.06989
-0.49600 0.07290 0.07290
-0.49200 0.07627 0.07627
-0.48800 0.08007 0.08007
-0.48400 0.08435 0.08435
-0.48000 0.08920 0.08920
-0.47600 0.09471 0.09471
-0.47200 0.10100 0.10100
-0.46800 0.10824 0.10824
-0.46400 0.11661 0.11661
-0.46000 0.12637 0.12637
-0.45600 0.13784 0.13784
-0.45200 0.15142 0.15142
-0.44800 0.16767 0.16767
-0.44400 0.18729 0.18729
-0.44000 0.21124 0.21124
-0.43600 0.24078 0.24078
-0.43200 0.27753 0.27753
-0.42800 0.32363 0.32363
-0.42400 0.38161 0.38161
-0.42000 0.45415 0.45415
-0.41600 0.54299 0.54299
-0.41200 0.64649 0.64649
-0.40800 0.75541 0.75541
-0.40400 0.84919 0.84919
-0.40000 0.90012 0.90012
-0.39600 0.89024 0.89024
-0.39200 0.82679 0.82679
-0.38800 0.73583 0.73583
-0.38400 0.64269 0.64269
-0.38000 0.56116 0.56116
-0.37600 0.49425 0.49425
-0.37200 0.43915 0.43915
-0.36800 0.39192 0.39192
-0.36400 0.35049 0.35049
-0.36000 0.31475 0.31475
-0.35600 0.28508 0.28508
-0.35200 0.26134 0.26134
-0.34800 0.24291 0.24291
-0.34400 0.22898 0.22898
-0.34000 0.21878 0.21878
-0.33600 0.21166 0.21166
-0.33200 0.20710 0.20710
-0.32800 0.20474 0.20474
-0.32400 0.20429 0.20429
-0.32000 0.20555 0.20555
-0.31600 0.20840 0.20840
-0.31200 0.21277 0.21277
-0.30800 0.21862 0.21862
-0.30400 0.22597 0.22597
-0.30000 0.23487 0.23487
-0.29600 0.24541 0.24541
-0.29200 0.25772 0.25772
-0.28800 0.27198 0.27198
-0.28400 0.28841 0.28841
-0.28000 0.30728 0.30728
-0.27600 0.32896 0.32896
-0.27200 0.35387 0.35387
-0.26800 0.38255 0.38255
-0.26400 0.41567 0.41567
-0.26000 0.45408 0.45408
-0.25600 0.49882 0.49882
-0.25200 0.55124 0.55124
-0.24800 0.61302 0.61302
-0.24400 0.68637 0.68637
-0.24000 0.77412 0.77412
-0.23600 0.87998 0.87998
-0.23200 1.00885 1.00885
-0.22800 1.16719 1.16719
-0.22400 1.36362 1.36362
-0.22000 1.60946 1.60946
-0.21600 1.91943 1.91943
-0.21200 2.31170 2.31170
-0.20800 2.80653 2.80653
-0.20400 3.42045 3.42045
-0.20000 4.15170 4.15170
-0.19600 4.95184 4.95184
-0.19200 5.69202 5.69202
-0.18800 6.16750 6.16750
-0.18400 6.19805 6.19805
-0.18000 5.77075 5.77075
-0.17600 5.05173 5.05173
-0.17200 4.25031 4.25031
-0.16800 3.50662 3.50662
-0.16400 2.87747 2.87747
-0.16000 2.36864 2.36864
-0.15600 1.96480 1.96480
-0.15200 1.64574 1.64574
-0.14800 1.39287 1.39287
-0.14400 1.19105 1.19105
-0.14000 1.02855 1.02855
-0.13600 0.89644 0.89644
-0.13200 0.78803 0.78803
-0.12800 0.69824 0.69824
-0.12400 0.62322 0.62322
-0.12000 0.56004 0.56004
-0.11600 0.50642 0.50642
-0.11200 0.46061 0.46061
-0.10800 0.42123 0.42123
-0.10400 0.38717 0.38717
-0.10000 0.35756 0.35756
-0.09600 0.33171 0.33171
-0.09200 0.30903 0.30903
-0.08800 0.28907 0.28907
-0.08400 0.27144 0.27144
-0.08000 0.25582 0.25582
-0.07600 0.24196 0.24196
-0.07200 0.22963 0.22963
-0.06800 0.21865 0.21865
-0.06400 0.20886 0.20886
-0.06000 0.20013 0.20013
-0.05600 0.19234 0.19234
-0.05200 0.18541 0.18541
-0.04800 0.17925 0.17925
-0.04400 0.17378 0.17378
-0.04000 0.16896 0.16896
-0.03600 0.16473 0.16473
-0.03200 0.16105 0.16105
-0.02800 0.15788 0.15788
-0.02400 0.15519 0.15519
-0.02000 0.15295 0.15295
-0.01600 0.15115 0.15115
-0.01200 0.14977 0.14977
-0.00800 0.14879 0.14879
-0.00400 0.14820 0.14820
0.00000 0.14801 0.14801
0.00400 0.14821 0.14821
0.00800 0.14879 0.14879
0.01200 0.14978 0.14978
0.01600 0.15117 0.15117
0.02000 0.15297 0.15297
0.02400 0.15521 0.15521
0.02800 0.15791 0.15791
0.03200 0.16109 0.16109
0.03600 0.16478 0.16478
0.04000 0.16901 0.16901
0.04400 0.17384 0.17384
0.04800 0.17931 0.17931
0.05200 0.18548 0.18548
0.05600 0.19243 0.19243
0.06000 0.20022 0.20022
0.06400 0.20897 0.20897
0.06800 0.21878 0.21878
0.07200 0.22978 0.22978
0.07600 0.24213 0.24213
0.08000 0.25602 0.25602
0.08400 0.27167 0.27167
0.08800 0.28934 0.28934
0.09200 0.30935 0.30935
0.09600 0.33208 0.33208
0.10000 0.35800 0.35800
0.10400 0.38769 0.38769
0.10800 0.42185 0.42185
0.11200 0.46135 0.46135
0.11600 0.50731 0.50731
0.12000 0.56112 0.56112
0.12400 0.62454 0.62454
0.12800 0.69987 0.69987
0.13200 0.79005 0.79005
0.13600 0.89898 0.89898
0.14000 1.03175 1.03175
0.14400 1.19514 1.19514
0.14800 1.39811 1.39811
0.15200 1.65250 1.65250
0.15600 1.97355 1.97355
0.16000 2.37990 2.37990
0.16400 2.89169 2.89169
0.16800 3.52380 3.52380
0.17200 4.26919 4.26919
0.17600 5.06862 5.06862
0.18000 5.77898 5.77898
0.18400 6.19048 6.19048
0.18800 6.14206 6.14206
0.19200 5.65422 5.65422
0.19600 4.91041 4.91041
0.20000 4.11317 4.11317
0.20400 3.38770 3.38770
0.20800 2.77993 2.77993
0.21200 2.29056 2.29056
0.21600 1.90274 1.90274
0.22000 1.59630 1.59630
0.22400 1.35322 1.35322
0.22800 1.15896 1.15896
0.23200 1.00233 1.00233
0.23600 0.87485 0.87485
0.24000 0.77011 0.77011
0.24400 0.68330 0.68330
0.24800 0.61074 0.61074
0.25200 0.54965 0.54965
0.25600 0.49785 0.49785
0.26000 0.45367 0.45367
0.26400 0.41579 0.41579
0.26800 0.38317 0.38317
0.27200 0.35499 0.35499
0.27600 0.33059 0.33059
0.28000 0.30945 0.30945
0.28400 0.29114 0.29114
0.28800 0.27533 0.27533
0.29200 0.26175 0.26175
0.29600 0.25021 0.25021
0.30000 0.24054 0.24054
0.30400 0.23266 0.23266
0.30800 0.22650 0.22650
0.31200 0.22205 0.22205
0.31600 0.21937 0.21937
0.32000 0.21857 0.21857
0.32400 0.21980 0.21980
0.32800 0.22334 0.22334
0.33200 0.22955 0.22955
0.33600 0.23895 0.23895
0.34000 0.25221 0.25221
0.34400 0.27020 0.27020
0.34800 0.29396 0.29396
0.35200 0.32458 0.32458
0.35600 0.36292 0.36292
0.36000 0.40924 0.40924
0.36400 0.46312 0.46312
0.36800 0.52448 0.52448
0.37200 0.59462 0.59462
0.37600 0.67448 0.67448
0.38000 0.75906 0.75906
0.38400 0.83211 0.83211
0.38800 0.86854 0.86854
0.39200 0.84969 0.84969
0.39600 0.77940 0.77940
0.40000 0.68061 0.68061
0.40400 0.57754 0.57754
0.40800 0.48468 0.48468
0.41200 0.40704 0.40704
0.41600 0.34435 0.34435
0.42000 0.29439 0.29439
0.42400 0.25462 0.25462
0.42800 0.22278 0.22278
0.43200 0.19708 0.19708
0.43600 0.17613 0.17613
0.44000 0.15887 0.15887
0.44400 0.14451 0.14451
0.44800 0.13245 0.13245
0.45200 0.12224 0.12224
0.45600 0.11352 0.11352
0.46000 0.10602 0.10602
0.46400 0.09954 0.09954
0.46800 0.09389 0.09389
0.47200 0.08896 0.08896
0.47600 0.08464 0.08464
0.48000 0.08084 0.08084
0.48400 0.07750 0.07750
0.48800 0.07456 0.07456
0.49200 0.07198 0.07198
0.49600 0.06972 0.06972
0.50000 0.06776 0.06776
0.50400 0.06608 0.06608
0.50800 0.06465 0.06465
0.51200 0.06349 0.06349
0.51600 0.06256 0.06256
0.52000 0.06189 0.06189
0.52400 0.06148 0.06148
0.52800 0.06134 0.06134
0.53200 0.06149 0.06149
0.53600 0.06197 0.06197
0.54000 0.06282 0.06282
0.54400 0.06409 0.06409
0.54800 0.06586 0.06586
0.55200 0.06824 0.06824
0.55600 0.07135 0.07135
0.56000 0.07539 0.07539
0.56400 0.08058 0.08058
0.56800 0.08720 0.08720
0.57200 0.09558 0.09558
0.57600 0.10600 0.10600
0.58000 0.11852 0.11852
0.58400 0.13261 0.13261
0.58800 0.14680 0.14680
0.59200 0.15881 0.15881
0.59600 0.16682 0.16682
0.60000 0.17095 0.17095
0.60400 0.17347 0.17347
0.60800 0.17752 0.17752
0.61200 0.18592 0.18592
0.61600 0.20064 0.20064
0.62000 0.22297 0.22297
0.62400 0.25331 0.25331
0.62800 0.29030 0.29030
0.63200 0.32908 0.32908
0.63600 0.36015 0.36015
0.64000 0.37193 0.37193
0.64400 0.35838 0.35838
0.64800 0.32412 0.32412
0.65200 0.28026 0.28026
0.65600 0.23658 0.23658
0.66000 0.19820 0.19820
0.66400 0.16652 0.16652
0.66800 0.14111 0.14111
0.67200 0.12092 0.12092
0.67600 0.10487 0.10487
0.68000 0.09203 0.09203
0.68400 0.08167 0.08167
0.68800 0.07323 0.07323
0.69200 0.06628 0.06628
0.69600 0.06051 0.06051
0.70000 0.05568 0.05568
0.70400 0.05159 0.05159
0.70800 0.04811 0.04811
0.71200 0.04513 0.04513
0.71600 0.04257 0.04257
0.72000 0.04035 0.04035
0.72400 0.03842 0.03842
0.72800 0.03675 0.03675
0.73200 0.03529 0.03529
0.73600 0.03402 0.03402
0.74000 0.03293 0.03293
0.74400 0.03199 0.03199
0.74800 0.03119 0.03119
0.75200 0.03053 0.03053
0.75600 0.03000 0.03000
0.76000 0.02960 0.02960
0.76400 0.02932 0.02932
0.76800 0.02919 0.02919
0.77200 0.02920 0.02920
0.77600 0.02938 0.02938
0.78000 0.02974 0.02974
0.78400 0.03032 0.03032
0.78800 0.03116 0.03116
0.79200 0.03232 0.03232
0.79600 0.03388 0.03388
0.80000 0.03593 0.03593
0.80400 0.03862 0.03862
0.80800 0.04212 0.04212
0.81200 0.04666 0.04666
0.81600 0.05247 0.05247
0.82000 0.05970 0.05970
0.82400 0.06828 0.06828
0.82800 0.07751 0.07751
0.83200 0.08579 0.08579
0.83600 0.09080 0.09080
0.84000 0.09075 0.09075
0.84400 0.08565 0.08565
0.84800 0.07727 0.07727
0.85200 0.06786 0.06786
0.85600 0.05903 0.05903
0.86000 0.05151 0.05151
0.86400 0.04542 0.04542
0.86800 0.04060 0.04060
0.87200 0.03684 0.03684
0.87600 0.03391 0.03391
0.88000 0.03164 0.03164
0.88400 0.02989 0.02989
0.88800 0.02856 0.02856
0.89200 0.02757 0.02757
0.89600 0.02688 0.02688
0.90000 0.02643 0.02643
0.90400 0.02622 0.02622
0.90800 0.02623 0.02623
0.91200 0.02645 0.02645
0.91600 0.02689 0.02689
0.92000 0.02756 0.02756
0.92400 0.02850 0.02850
0.92800 0.02974 0.02974
0.93200 0.03133 0.03133
0.93600 0.03334 0.03334
0.94000 0.03586 0.03586
0.94400 0.03902 0.03902
0.94800 0.04296 0.04296
0.95200 0.04787 0.04787
0.95600 0.05397 0.05397
0.96000 0.06157 0.06157
0.96400 0.07111 0.07111
0.96800 0.08313 0.08313
0.97200 0.09814 0.09814
0.97600 0.11629 0.11629
0.98000 0.13673 0.13673
0.98400 0.15676 0.15676
0.98800 0.17150 0.17150
0.99200 0.17573 0.17573
0.99600 0.16761 0.16761
1.00000 0.15032 0.15032
1.00400 0.12934 0.12934
1.00800 0.10900 0.10900
1.01200 0.09140 0.09140
1.01600 0.07703 0.07703
1.02000 0.06561 0.06561
1.02400 0.05662 0.05662
1.02800 0.04956 0.04956
1.03200 0.04400 0.04400
1.03600 0.03962 0.03962
1.04000 0.03616 0.03616
1.04400 0.03345 0.03345
1.04800 0.03134 0.03134
1.05200 0.02975 0.02975
1.05600 0.02862 0.02862
1.06000 0.02790 0.02790
1.06400 0.02760 0.02760
1.06800 0.02771 0.02771
1.07200 0.02829 0.02829
1.07600 0.02940 0.02940
1.08000 0.03113 0.03113
1.08400 0.03362 0.03362
1.08800 0.03703 0.03703
1.09200 0.04150 0.04150
1.09600 0.04704 0.04704
1.10000 0.05333 0.05333
1.10400 0.05943 0.05943
1.10800 0.06373 0.06373
1.11200 0.06460 0.06460
1.11600 0.06156 0.06156
1.12000 0.05566 0.05566
1.12400 0.04864 0.04864
1.12800 0.04184 0.04184
1.13200 0.03593 0.03593
1.13600 0.03107 0.03107
1.14000 0.02717 0.02717
1.14400 0.02405 0.02405
1.14800 0.02155 0.02155
1.15200 0.01954 0.01954
1.15600 0.01790 0.01790
1.16000 0.01656 0.01656
1.16400 0.01544 0.01544
1.16800 0.01450 0.01450
1.17200 0.01371 0.01371
1.17600 0.01303 0.01303
1.18000 0.01245 0.01245
1.18400 0.01195 0.01195
1.18800 0.01151 0.01151
1.19200 0.01113 0.01113
1.19600 0.01079 0.01079
1.20000 0.01050 0.01050
1.20400 0.01024 0.01024
1.20800 0.01001 0.01001
1.21200 0.00981 0.00981
1.21600 0.00964 0.00964
1.22000 0.00949 0.00949
1.22400 0.00937 0.00937
1.22800 0.00927 0.00927
1.23200 0.00918 0.00918
1.23600 0.00912 0.00912
1.24000 0.00908 0.00908
1.24400 0.00905 0.00905
1.24800 0.00903 0.00903
1.25200 0.00902 0.00902
1.25600 0.00901 0.00901
1.26000 0.00900 0.00900
1.26400 0.00900 0.00900
1.26800 0.00901 0.00901
1.27200 0.00904 0.00904
1.27600 0.00908 0.00908
1.28000 0.00915 0.00915
1.28400 0.00924 0.00924
1.28800 0.00937 0.00937
1.29200 0.00953 0.00953
1.29600 0.00972 0.00972
1.30000 0.00997 0.00997
1.30400 0.01026 0.01026
1.30800 0.01060 0.01060
1.31200 0.01099 0.01099
1.31600 0.01141 0.01141
1.32000 0.01187 0.01187
1.32400 0.01236 0.01236
1.32800 0.01292 0.01292
1.33200 0.01357 0.01357
1.33600 0.01435 0.01435
1.34000 0.01531 0.01531
1.34400 0.01648 0.01648
1.34800 0.01792 0.01792
1.35200 0.01968 0.01968
1.35600 0.02185 0.02185
1.36000 0.02452 0.02452
1.36400 0.02780 0.02780
1.36800 0.03179 0.03179
1.37200 0.03657 0.03657
1.37600 0.04217 0.04217
1.38000 0.04864 0.04864
1.38400 0.05617 0.05617
1.38800 0.06494 0.06494
1.39200 0.07479 0.07479
1.39600 0.08485 0.08485
1.40000 0.09372 0.09372
1.40400 0.10017 0.10017
1.40800 0.10344 0.10344
1.41200 0.10277 0.10277
1.41600 0.09748 0.09748
1.42000 0.08804 0.08804
1.42400 0.07635 0.07635
1.42800 0.06457 0.06457
1.43200 0.05407 0.05407
1.43600 0.04531 0.04531
1.44000 0.03824 0.03824
1.44400 0.03261 0.03261
1.44800 0.02813 0.02813
1.45200 0.02454 0.02454
1.45600 0.02165 0.02165
1.46000 0.01929 0.01929
1.46400 0.01736 0.01736
1.46800 0.01575 0.01575
1.47200 0.01441 0.01441
1.47600 0.01327 0.01327
1.48000 0.01231 0.01231
1.48400 0.01148 0.01148
1.48800 0.01076 0.01076
1.49200 0.01014 0.01014
1.49600 0.00960 0.00960
1.50000 0.00912 0.00912
1.50400 0.00871 0.00871
1.50800 0.00834 0.00834
1.51200 0.00801 0.00801
1.51600 0.00772 0.00772
1.52000 0.00746 0.00746
1.52400 0.00724 0.00724
1.52800 0.00704 0.00704
1.53200 0.00686 0.00686
1.53600 0.00671 0.00671
1.54000 0.00658 0.00658
1.54400 0.00648 0.00648
1.54800 0.00639 0.00639
1.55200 0.00632 0.00632
1.55600 0.00625 0.00625
1.56000 0.00617 0.00617
1.56400 0.00610 0.00610
1.56800 0.00602 0.00602
1.57200 0.00595 0.00595
1.57600 0.00590 0.00590
1.58000 0.00587 0.00587
1.58400 0.00586 0.00586
1.58800 0.00586 0.00586
1.59200 0.00588 0.00588
1.59600 0.00591 0.00591
1.60000 0.00595 0.00595
1.60400 0.00602 0.00602
1.60800 0.00611 0.00611
1.61200 0.00623 0.00623
1.61600 0.00639 0.00639
1.62000 0.00660 0.00660
1.62400 0.00687 0.00687
1.62800 0.00721 0.00721
1.63200 0.00765 0.00765
1.63600 0.00820 0.00820
1.64000 0.00890 0.00890
1.64400 0.00979 0.00979
1.64800 0.01092 0.01092
1.65200 0.01237 0.01237
1.65600 0.01418 0.01418
1.66000 0.01636 0.01636
1.66400 0.01880 0.01880
1.66800 0.02116 0.02116
1.67200 0.02285 0.02285
1.67600 0.02325 0.02325
1.68000 0.02222 0.02222
1.68400 0.02019 0.02019
1.68800 0.01781 0.01781
1.69200 0.01555 0.01555
1.69600 0.01363 0.01363
1.70000 0.01208 0.01208
1.70400 0.01085 0.01085
1.70800 0.00991 0.00991
1.71200 0.00920 0.00920
1.71600 0.00867 0.00867
1.72000 0.00831 0.00831
1.72400 0.00809 0.00809
1.72800 0.00799 0.00799
1.73200 0.00801 0.00801
1.73600 0.00814 0.00814
1.74000 0.00837 0.00837
1.74400 0.00868 0.00868
1.74800 0.00904 0.00904
1.75200 0.00942 0.00942
1.75600 0.00984 0.00984
1.76000 0.01035 0.01035
1.76400 0.01103 0.01103
1.76800 0.01197 0.01197
1.77200 0.01319 0.01319
1.77600 0.01471 0.01471
1.78000 0.01643 0.01643
1.78400 0.01814 0.01814
1.78800 0.01954 0.01954
1.79200 0.02047 0.02047
1.79600 0.02107 0.02107
1.80000 0.02173 0.02173
1.80400 0.02281 0.02281
1.80800 0.02446 0.02446
1.81200 0.02650 0.02650
1.81600 0.02841 0.02841
1.82000 0.02936 0.02936
1.82400 0.02871 0.02871
1.82800 0.02652 0.02652
1.83200 0.02345 0.02345
1.83600 0.02025 0.02025
1.84000 0.01736 0.01736
1.84400 0.01497 0.01497
1.84800 0.01305 0.01305
1.85200 0.01156 0.01156
1.85600 0.01041 0.01041
1.86000 0.00954 0.00954
1.86400 0.00889 0.00889
1.86800 0.00843 0.00843
1.87200 0.00814 0.00814
1.87600 0.00799 0.00799
1.88000 0.00800 0.00800
1.88400 0.00817 0.00817
1.88800 0.00852 0.00852
1.89200 0.00906 0.00906
1.89600 0.00981 0.00981
1.90000 0.01077 0.01077
1.90400 0.01186 0.01186
1.90800 0.01294 0.01294
1.91200 0.01382 0.01382
1.91600 0.01429 0.01429
1.92000 0.01420 0.01420
1.92400 0.01348 0.01348
1.92800 0.01229 0.01229
1.93200 0.01089 0.01089
1.93600 0.00953 0.00953
1.94000 0.00835 0.00835
1.94400 0.00737 0.00737
1.94800 0.00658 0.00658
1.95200 0.00595 0.00595
1.95600 0.00545 0.00545
1.96000 0.00504 0.00504
1.96400 0.00472 0.00472
1.96800 0.00445 0.00445
1.97200 0.00424 0.00424
1.97600 0.00407 0.00407
1.98000 0.00392 0.00392
1.98400 0.00381 0.00381
1.98800 0.00371 0.00371
1.99200 0.00362 0.00362
1.99600 0.00353 0.00353
2.00000 0.00345 0.00345
