-2.00000 0.00491 0.00491
-1.99600 0.00518 0.00518
-1.99200 0.00552 0.00552
-1.98800 0.00594 0.00594
-1.98400 0.00647 0.00647
-1.98000 0.00713 0.00713
-1.97600 0.00794 0.00794
-1.97200 0.00895 0.00895
-1.96800 0.01019 0.01019
-1.96400 0.01165 0.01165
-1.96000 0.01325 0.01325
-1.95600 0.01473 0.01473
-1.95200 0.01574 0.01574
-1.94800 0.01599 0.01599
-1.94400 0.01552 0.01552
-1.94000 0.01458 0.01458
-1.93600 0.01350 0.01350
-1.93200 0.01248 0.01248
-1.92800 0.01168 0.01168
-1.92400 0.01116 0.01116
-1.92000 0.01094 0.01094
-1.91600 0.01102 0.01102
-1.91200 0.01142 0.01142
-1.90800 0.01215 0.01215
-1.90400 0.01328 0.01328
-1.90000 0.01485 0.01485
-1.89600 0.01695 0.01695
-1.89200 0.01958 0.01958
-1.88800 0.02265 0.02265
-1.88400 0.02577 0.02577
-1.88000 0.02821 0.02821
-1.87600 0.02912 0.02912
-1.87200 0.02812 0.02812
-1.86800 0.02563 0.02563
-1.86400 0.02251 0.02251
-1.86000 0.01948 0.01948
-1.85600 0.01689 0.01689
-1.85200 0.01482 0.01482
-1.84800 0.01322 0.01322
-1.84400 0.01194 0.01194
-1.84000 0.01084 0.01084
-1.83600 0.00985 0.00985
-1.83200 0.00893 0.00893
-1.82800 0.00813 0.00813
-1.82400 0.00744 0.00744
-1.82000 0.00687 0.00687
-1.81600 0.00640 0.00640
-1.81200 0.00602 0.00602
-1.80800 0.00571 0.00571
-1.80400 0.00545 0.00545
-1.80000 0.00525 0.00525
-1.79600 0.00508 0.00508
-1.79200 0.00495 0.00495
-1.78800 0.00484 0.00484
-1.78400 0.00476 0.00476
-1.78000 0.00470 0.00470
-1.77600 0.00465 0.00465
-1.77200 0.00463 0.00463
-1.76800 0.00462 0.00462
-1.76400 0.00462 0.00462
-1.76000 0.00464 0.00464
-1.75600 0.00468 0.00468
-1.75200 0.00473 0.00473
-1.74800 0.00479 0.00479
-1.74400 0.00488 0.00488
-1.74000 0.00498 0.00498
-1.73600 0.00510 0.00510
-1.73200 0.00525 0.00525
-1.72800 0.00543 0.00543
-1.72400 0.00564 0.00564
-1.72000 0.00587 0.00587
-1.71600 0.00611 0.00611
-1.71200 0.00635 0.00635
-1.70800 0.00658 0.00658
-1.70400 0.00682 0.00682
-1.70000 0.00711 0.00711
-1.69600 0.00748 0.00748
-1.69200 0.00795 0.00795
-1.68800 0.00854 0.00854
-1.68400 0.00929 0.00929
-1.68000 0.01023 0.01023
-1.67600 0.01142 0.01142
-1.67200 0.01290 0.01290
-1.66800 0.01475 0.01475
-1.66400 0.01703 0.01703
-1.66000 0.01978 0.01978
-1.65600 0.02293 0.02293
-1.65200 0.02618 0.02618
-1.64800 0.02886 0.02886
-1.64400 0.03015 0.03015
-1.64000 0.02959 0.02959
-1.63600 0.02745 0.02745
-1.63200 0.02447 0.02447
-1.62800 0.02137 0.02137
-1.62400 0.01860 0.01860
-1.62000 0.01632 0.01632
-1.61600 0.01454 0.01454
-1.61200 0.01318 0.01318
-1.60800 0.01217 0.01217
-1.60400 0.01145 0.01145
-1.60000 0.01094 0.01094
-1.59600 0.01058 0.01058
-1.59200 0.01033 0.01033
-1.58800 0.01015 0.01015
-1.58400 0.01007 0.01007
-1.58000 0.01009 0.01009
-1.57600 0.01021 0.01021
-1.57200 0.01043 0.01043
-1.56800 0.01072 0.01072
-1.56400 0.01102 0.01102
-1.56000 0.01131 0.01131
-1.55600 0.01161 0.01161
-1.55200 0.01197 0.01197
-1.54800 0.01245 0.01245
-1.54400 0.01310 0.01310
-1.54000 0.01397 0.01397
-1.53600 0.01508 0.01508
-1.53200 0.01651 0.01651
-1.52800 0.01832 0.01832
-1.52400 0.02062 0.02062
-1.52000 0.02354 0.02354
-1.51600 0.02726 0.02726
-1.51200 0.03199 0.03199
-1.50800 0.03794 0.03794
-1.50400 0.04526 0.04526
-1.50000 0.05377 0.05377
-1.49600 0.06265 0.06265
-1.49200 0.07009 0.07009
-1.48800 0.07373 0.07373
-1.48400 0.07211 0.07211
-1.48000 0.06591 0.06591
-1.47600 0.05737 0.05737
-1.47200 0.04861 0.04861
-1.46800 0.04082 0.04082
-1.46400 0.03438 0.03438
-1.46000 0.02925 0.02925
-1.45600 0.02521 0.02521
-1.45200 0.02205 0.02205
-1.44800 0.01956 0.01956
-1.44400 0.01761 0.01761
-1.44000 0.01605 0.01605
-1.43600 0.01480 0.01480
-1.43200 0.01377 0.01377
-1.42800 0.01291 0.01291
-1.42400 0.01217 0.01217
-1.42000 0.01154 0.01154
-1.41600 0.01099 0.01099
-1.41200 0.01054 0.01054
-1.40800 0.01017 0.01017
-1.40400 0.00988 0.00988
-1.40000 0.00966 0.00966
-1.39600 0.00950 0.00950
-1.39200 0.00939 0.00939
-1.38800 0.00934 0.00934
-1.38400 0.00934 0.00934
-1.38000 0.00939 0.00939
-1.37600 0.00950 0.00950
-1.37200 0.00967 0.00967
-1.36800 0.00991 0.00991
-1.36400 0.01021 0.01021
-1.36000 0.01058 0.01058
-1.35600 0.01100 0.01100
-1.35200 0.01143 0.01143
-1.34800 0.01185 0.01185
-1.34400 0.01223 0.01223
-1.34000 0.01261 0.01261
-1.33600 0.01305 0.01305
-1.33200 0.01362 0.01362
-1.32800 0.01439 0.01439
-1.32400 0.01540 0.01540
-1.32000 0.01671 0.01671
-1.31600 0.01840 0.01840
-1.31200 0.02056 0.02056
-1.30800 0.02331 0.02331
-1.30400 0.02682 0.02682
-1.30000 0.03121 0.03121
-1.29600 0.03654 0.03654
-1.29200 0.04257 0.04257
-1.28800 0.04860 0.04860
-1.28400 0.05328 0.05328
-1.28000 0.05517 0.05517
-1.27600 0.05366 0.05366
-1.27200 0.04945 0.04945
-1.26800 0.04391 0.04391
-1.26400 0.03831 0.03831
-1.26000 0.03339 0.03339
-1.25600 0.02938 0.02938
-1.25200 0.02626 0.02626
-1.24800 0.02381 0.02381
-1.24400 0.02180 0.02180
-1.24000 0.02007 0.02007
-1.23600 0.01853 0.01853
-1.23200 0.01720 0.01720
-1.22800 0.01608 0.01608
-1.22400 0.01515 0.01515
-1.22000 0.01441 0.01441
-1.21600 0.01383 0.01383
-1.21200 0.01339 0.01339
-1.20800 0.01307 0.01307
-1.20400 0.01286 0.01286
-1.20000 0.01275 0.01275
-1.19600 0.01273 0.01273
-1.19200 0.01278 0.01278
-1.18800 0.01291 0.01291
-1.18400 0.01309 0.01309
-1.18000 0.01330 0.01330
-1.17600 0.01349 0.01349
-1.17200 0.01366 0.01366
-1.16800 0.01382 0.01382
-1.16400 0.01401 0.01401
-1.16000 0.01426 0.01426
-1.15600 0.01458 0.01458
-1.15200 0.01499 0.01499
-1.14800 0.01549 0.01549
-1.14400 0.01609 0.01609
-1.14000 0.01680 0.01680
-1.13600 0.01764 0.01764
-1.13200 0.01862 0.01862
-1.12800 0.01978 0.01978
-1.12400 0.02113 0.02113
-1.12000 0.02273 0.02273
-1.11600 0.02463 0.02463
-1.11200 0.02690 0.02690
-1.10800 0.02963 0.02963
-1.10400 0.03295 0.03295
-1.10000 0.03702 0.03702
-1.09600 0.04206 0.04206
-1.09200 0.04835 0.04835
-1.08800 0.05626 0.05626
-1.08400 0.06627 0.06627
-1.08000 0.07887 0.07887
-1.07600 0.09449 0.09449
-1.07200 0.11310 0.11310
-1.06800 0.13348 0.13348
-1.06400 0.15239 0.15239
-1.06000 0.16467 0.16467
-1.05600 0.16570 0.16570
-1.05200 0.15512 0.15512
-1.04800 0.13710 0.13710
-1.04400 0.11696 0.11696
-1.04000 0.09826 0.09826
-1.03600 0.08248 0.08248
-1.03200 0.06976 0.06976
-1.02800 0.05972 0.05972
-1.02400 0.05185 0.05185
-1.02000 0.04569 0.04569
-1.01600 0.04084 0.04084
-1.01200 0.03703 0.03703
-1.00800 0.03402 0.03402
-1.00400 0.03165 0.03165
-1.00000 0.02980 0.02980
-0.99600 0.02838 0.02838
-0.99200 0.02732 0.02732
-0.98800 0.02659 0.02659
-0.98400 0.02614 0.02614
-0.98000 0.02598 0.02598
-0.97600 0.02607 0.02607
-0.97200 0.02641 0.02641
-0.96800 0.02697 0.02697
-0.96400 0.02773 0.02773
-0.96000 0.02866 0.02866
-0.95600 0.02983 0.02983
-0.95200 0.03134 0.03134
-0.94800 0.03336 0.03336
-0.94400 0.03603 0.03603
-0.94000 0.03955 0.03955
-0.93600 0.04415 0.04415
-0.93200 0.05009 0.05009
-0.92800 0.05763 0.05763
-0.92400 0.06693 0.06693
-0.92000 0.07771 0.07771
-0.91600 0.08883 0.08883
-0.91200 0.09800 0.09800
-0.90800 0.10234 0.10234
-0.90400 0.10016 0.10016
-0.90000 0.09237 0.09237
-0.89600 0.08163 0.08163
-0.89200 0.07056 0.07056
-0.88800 0.06067 0.06067
-0.88400 0.05246 0.05246
-0.88000 0.04591 0.04591
-0.87600 0.04075 0.04075
-0.87200 0.03672 0.03672
-0.86800 0.03355 0.03355
-0.86400 0.03107 0.03107
-0.86000 0.02911 0.02911
-0.85600 0.02756 0.02756
-0.85200 0.02633 0.02633
-0.84800 0.02537 0.02537
-0.84400 0.02462 0.02462
-0.84000 0.02404 0.02404
-0.83600 0.02360 0.02360
-0.83200 0.02330 0.02330
-0.82800 0.02309 0.02309
-0.82400 0.02299 0.02299
-0.82000 0.02296 0.02296
-0.81600 0.02302 0.02302
-0.81200 0.02314 0.02314
-0.80800 0.02334 0.02334
-0.80400 0.02360 0.02360
-0.80000 0.02392 0.02392
-0.79600 0.02431 0.02431
-0.79200 0.02477 0.02477
-0.78800 0.02530 0.02530
-0.78400 0.02590 0.02590
-0.78000 0.02659 0.02659
-0.77600 0.02736 0.02736
-0.77200 0.02822 0.02822
-0.76800 0.02919 0.02919
-0.76400 0.03028 0.03028
-0.76000 0.03150 0.03150
-0.75600 0.03287 0.03287
-0.75200 0.03442 0.03442
-0.74800 0.03617 0.03617
-0.74400 0.03816 0.03816
-0.74000 0.04044 0.04044
-0.73600 0.04304 0.04304
-0.73200 0.04606 0.04606
-0.72800 0.04956 0.04956
-0.72400 0.05366 0.05366
-0.72000 0.05851 0.05851
-0.71600 0.06428 0.06428
-0.71200 0.07121 0.07121
-0.70800 0.07964 0.07964
-0.70400 0.08997 0.08997
-0.70000 0.10277 0.10277
-0.69600 0.11878 0.11878
-0.69200 0.13891 0.13891
-0.68800 0.16428 0.16428
-0.68400 0.19597 0.19597
-0.68000 0.23452 0.23452
-0.67600 0.27867 0.27867
-0.67200 0.32352 0.32352
-0.66800 0.35929 0.35929
-0.66400 0.37428 0.37428
-0.66000 0.36271 0.36271
-0.65600 0.32984 0.32984
-0.65200 0.28733 0.28733
-0.64800 0.24523 0.24523
-0.64400 0.20875 0.20875
-0.64000 0.17934 0.17934
-0.63600 0.15660 0.15660
-0.63200 0.13954 0.13954
-0.62800 0.12718 0.12718
-0.62400 0.11873 0.11873
-0.62000 0.11366 0.11366
-0.61600 0.11166 0.11166
-0.61200 0.11265 0.11265
-0.60800 0.11672 0.11672
-0.60400 0.12405 0.12405
-0.60000 0.13473 0.13473
-0.59600 0.14833 0.14833
-0.59200 0.16322 0.16322
-0.58800 0.17596 0.17596
-0.58400 0.18196 0.18196
-0.58000 0.17820 0.17820
-0.57600 0.16573 0.16573
-0.57200 0.14869 0.14869
-0.56800 0.13119 0.13119
-0.56400 0.11563 0.11563
-0.56000 0.10280 0.10280
-0.55600 0.09260 0.09260
-0.55200 0.08465 0.08465
-0.54800 0.07851 0.07851
-0.54400 0.07379 0.07379
-0.54000 0.07020 0.07020
-0.53600 0.06749 0.06749
-0.53200 0.06549 0.06549
-0.52800 0.06407 0.06407
-0.52400 0.06313 0.06313
-0.52000 0.06260 0.06260
-0.51600 0.06242 0.06242
-0.51200 0.06255 0.06255
-0.50800 0.06297 0.06297
-0.50400 0.06366 0.06366
-0.50000 0.06461 0.06461
-0.49600 0.06581 0.06581
-0.49200 0.06726 0.06726
-0.48800 0.06897 0.06897
-0.48400 0.07096 0.07096
-0.48000 0.07323 0.07323
-0.47600 0.07582 0.07582
-0.47200 0.07876 0.07876
-0.46800 0.08208 0.08208
-0.46400 0.08584 0.08584
-0.46000 0.09011 0.09011
-0.45600 0.09494 0.09494
-0.45200 0.10045 0.10045
-0.44800 0.10675 0.10675
-0.44400 0.11400 0.11400
-0.44000 0.12238 0.12238
-0.43600 0.13213 0.13213
-0.43200 0.14359 0.14359
-0.42800 0.15714 0.15714
-0.42400 0.17333 0.17333
-0.42000 0.19285 0.19285
-0.41600 0.21665 0.21665
-0.41200 0.24595 0.24595
-0.40800 0.28237 0.28237
-0.40400 0.32798 0.32798
-0.40000 0.38525 0.38525
-0.39600 0.45674 0.45674
-0.39200 0.54400 0.54400
-0.38800 0.64507 0.64507
-0.38400 0.75035 0.75035
-0.38000 0.83928 0.83928
-0.37600 0.88518 0.88518
-0.37200 0.87220 0.87220
-0.36800 0.80911 0.80911
-0.36400 0.72167 0.72167
-0.36000 0.63389 0.63389
-0.35600 0.55862 0.55862
-0.35200 0.49871 0.49871
-0.34800 0.45134 0.45134
-0.34400 0.41183 0.41183
-0.34000 0.37679 0.37679
-0.33600 0.34538 0.34538
-0.33200 0.31835 0.31835
-0.32800 0.29646 0.29646
-0.32400 0.27980 0.27980
-0.32000 0.26792 0.26792
-0.31600 0.26021 0.26021
-0.31200 0.25610 0.25610
-0.30800 0.25509 0.25509
-0.30400 0.25686 0.25686
-0.30000 0.26117 0.26117
-0.29600 0.26789 0.26789
-0.29200 0.27699 0.27699
-0.28800 0.28853 0.28853
-0.28400 0.30261 0.30261
-0.28000 0.31945 0.31945
-0.27600 0.33933 0.33933
-0.27200 0.36263 0.36263
-0.26800 0.38985 0.38985
-0.26400 0.42162 0.42162
-0.26000 0.45875 0.45875
-0.25600 0.50226 0.50226
-0.25200 0.55346 0.55346
-0.24800 0.61401 0.61401
-0.24400 0.68607 0.68607
-0.24000 0.77243 0.77243
-0.23600 0.87677 0.87677
-0.23200 1.00390 1.00390
-0.22800 1.16023 1.16023
-0.22400 1.35426 1.35426
-0.22000 1.59719 1.59719
-0.21600 1.90355 1.90355
-0.21200 2.29137 2.29137
-0.20800 2.78069 2.78069
-0.20400 3.38803 3.38803
-0.20000 4.11193 4.11193
-0.19600 4.90502 4.90502
-0.19200 5.64049 5.64049
-0.18800 6.11573 6.11573
-0.18400 6.15097 6.15097
-0.18000 5.73124 5.73124
-0.17600 5.02000 5.02000
-0.17200 4.22513 4.22513
-0.16800 3.48652 3.48652
-0.16400 2.86124 2.86124
-0.16000 2.35538 2.35538
-0.15600 1.95384 1.95384
-0.15200 1.63659 1.63659
-0.14800 1.38516 1.38516
-0.14400 1.18449 1.18449
-0.14000 1.02292 1.02292
-0.13600 0.89159 0.89159
-0.13200 0.78381 0.78381
-0.12800 0.69455 0.69455
-0.12400 0.61998 0.61998
-0.12000 0.55717 0.55717
-0.11600 0.50388 0.50388
-0.11200 0.45835 0.45835
-0.10800 0.41920 0.41920
-0.10400 0.38534 0.38534
-0.10000 0.35591 0.35591
-0.09600 0.33021 0.33021
-0.09200 0.30767 0.30767
-0.08800 0.28782 0.28782
-0.08400 0.27030 0.27030
-0.08000 0.25477 0.25477
-0.07600 0.24099 0.24099
-0.07200 0.22873 0.22873
-0.06800 0.21781 0.21781
-0.06400 0.20808 0.20808
-0.06000 0.19940 0.19940
-0.05600 0.19166 0.19166
-0.05200 0.18476 0.18476
-0.04800 0.17864 0.17864
-0.04400 0.17321 0.17321
-0.04000 0.16841 0.16841
-0.03600 0.16421 0.16421
-0.03200 0.16055 0.16055
-0.02800 0.15739 0.15739
-0.02400 0.15472 0.15472
-0.02000 0.15250 0.15250
-0.01600 0.15070 0.15070
-0.01200 0.14933 0.14933
-0.00800 0.14836 0.14836
-0.00400 0.14778 0.14778
0.00000 0.14759 0.14759
0.00400 0.14778 0.14778
0.00800 0.14837 0.14837
0.01200 0.14935 0.14935
0.01600 0.15074 0.15074
0.02000 0.15254 0.15254
0.02400 0.15477 0.15477
0.02800 0.15746 0.15746
0.03200 0.16062 0.16062
0.03600 0.16429 0.16429
0.04000 0.16851 0.16851
0.04400 0.17332 0.17332
0.04800 0.17877 0.17877
0.05200 0.18492 0.18492
0.05600 0.19183 0.19183
0.06000 0.19960 0.19960
0.06400 0.20831 0.20831
0.06800 0.21808 0.21808
0.07200 0.22905 0.22905
0.07600 0.24136 0.24136
0.08000 0.25520 0.25520
0.08400 0.27079 0.27079
0.08800 0.28840 0.28840
0.09200 0.30835 0.30835
0.09600 0.33101 0.33101
0.10000 0.35686 0.35686
0.10400 0.38648 0.38648
0.10800 0.42056 0.42056
0.11200 0.45999 0.45999
0.11600 0.50587 0.50587
0.12000 0.55961 0.55961
0.12400 0.62298 0.62298
0.12800 0.69827 0.69827
0.13200 0.78847 0.78847
0.13600 0.89746 0.89746
0.14000 1.03039 1.03039
0.14400 1.19407 1.19407
0.14800 1.39752 1.39752
0.15200 1.65263 1.65263
0.15600 1.97468 1.97468
0.16000 2.38227 2.38227
0.16400 2.89519 2.89519
0.16800 3.52728 3.52728
0.17200 4.26912 4.26912
0.17600 5.05729 5.05729
0.18000 5.74452 5.74452
0.18400 6.12244 6.12244
0.18800 6.04143 6.04143
0.19200 5.53584 5.53584
0.19600 4.79292 4.79292
0.20000 4.00894 4.00894
0.20400 3.30116 3.30116
0.20800 2.71063 2.71063
0.21200 2.23608 2.23608
0.21600 1.86036 1.86036
0.22000 1.56362 1.56362
0.22400 1.32831 1.32831
0.22800 1.14037 1.14037
0.23200 0.98895 0.98895
0.23600 0.86588 0.86588
0.24000 0.76499 0.76499
0.24400 0.68163 0.68163
0.24800 0.61228 0.61228
0.25200 0.55426 0.55426
0.25600 0.50551 0.50551
0.26000 0.46445 0.46445
0.26400 0.42986 0.42986
0.26800 0.40081 0.40081
0.27200 0.37658 0.37658
0.27600 0.35665 0.35665
0.28000 0.34066 0.34066
0.28400 0.32839 0.32839
0.28800 0.31975 0.31975
0.29200 0.31483 0.31483
0.29600 0.31385 0.31385
0.30000 0.31721 0.31721
0.30400 0.32554 0.32554
0.30800 0.33966 0.33966
0.31200 0.36059 0.36059
0.31600 0.38935 0.38935
0.32000 0.42689 0.42689
0.32400 0.47396 0.47396
0.32800 0.53153 0.53153
0.33200 0.60059 0.60059
0.33600 0.67978 0.67978
0.34000 0.76050 0.76050
0.34400 0.82362 0.82362
0.34800 0.84512 0.84512
0.35200 0.81248 0.81248
0.35600 0.73596 0.73596
0.36000 0.63940 0.63940
0.36400 0.54364 0.54364
0.36800 0.45952 0.45952
0.37200 0.38997 0.38997
0.37600 0.33401 0.33401
0.38000 0.28937 0.28937
0.38400 0.25370 0.25370
0.38800 0.22503 0.22503
0.39200 0.20178 0.20178
0.39600 0.18274 0.18274
0.40000 0.16702 0.16702
0.40400 0.15392 0.15392
0.40800 0.14293 0.14293
0.41200 0.13366 0.13366
0.41600 0.12582 0.12582
0.42000 0.11917 0.11917
0.42400 0.11355 0.11355
0.42800 0.10882 0.10882
0.43200 0.10490 0.10490
0.43600 0.10172 0.10172
0.44000 0.09924 0.09924
0.44400 0.09746 0.09746
0.44800 0.09639 0.09639
0.45200 0.09609 0.09609
0.45600 0.09663 0.09663
0.46000 0.09815 0.09815
0.46400 0.10082 0.10082
0.46800 0.10489 0.10489
0.47200 0.11069 0.11069
0.47600 0.11857 0.11857
0.48000 0.12885 0.12885
0.48400 0.14156 0.14156
0.48800 0.15606 0.15606
0.49200 0.17048 0.17048
0.49600 0.18177 0.18177
0.50000 0.18681 0.18681
0.50400 0.18414 0.18414
0.50800 0.17497 0.17497
0.51200 0.16248 0.16248
0.51600 0.14996 0.14996
0.52000 0.13956 0.13956
0.52400 0.13219 0.13219
0.52800 0.12804 0.12804
0.53200 0.12705 0.12705
0.53600 0.12919 0.12919
0.54000 0.13459 0.13459
0.54400 0.14358 0.14358
0.54800 0.15673 0.15673
0.55200 0.17491 0.17491
0.55600 0.19917 0.19917
0.56000 0.23060 0.23060
0.56400 0.26969 0.26969
0.56800 0.31505 0.31505
0.57200 0.36129 0.36129
0.57600 0.39778 0.39778
0.58000 0.41178 0.41178
0.58400 0.39700 0.39700
0.58800 0.35909 0.35909
0.59200 0.31066 0.31066
0.59600 0.26256 0.26256
0.60000 0.22038 0.22038
0.60400 0.18562 0.18562
0.60800 0.15779 0.15779
0.61200 0.13572 0.13572
0.61600 0.11820 0.11820
0.62000 0.10422 0.10422
0.62400 0.09298 0.09298
0.62800 0.08386 0.08386
0.63200 0.07641 0.07641
0.63600 0.07026 0.07026
0.64000 0.06517 0.06517
0.64400 0.06093 0.06093
0.64800 0.05740 0.05740
0.65200 0.05446 0.05446
0.65600 0.05203 0.05203
0.66000 0.05005 0.05005
0.66400 0.04847 0.04847
0.66800 0.04727 0.04727
0.67200 0.04644 0.04644
0.67600 0.04597 0.04597
0.68000 0.04589 0.04589
0.68400 0.04623 0.04623
0.68800 0.04705 0.04705
0.69200 0.04843 0.04843
0.69600 0.05049 0.05049
0.70000 0.05340 0.05340
0.70400 0.05736 0.05736
0.70800 0.06266 0.06266
0.71200 0.06960 0.06960
0.71600 0.07845 0.07845
0.72000 0.08925 0.08925
0.72400 0.10140 0.10140
0.72800 0.11324 0.11324
0.73200 0.12201 0.12201
0.73600 0.12496 0.12496
0.74000 0.12099 0.12099
0.74400 0.11133 0.11133
0.74800 0.09867 0.09867
0.75200 0.08567 0.08567
0.75600 0.07397 0.07397
0.76000 0.06415 0.06415
0.76400 0.05621 0.05621
0.76800 0.04987 0.04987
0.77200 0.04482 0.04482
0.77600 0.04078 0.04078
0.78000 0.03752 0.03752
0.78400 0.03488 0.03488
0.78800 0.03271 0.03271
0.79200 0.03093 0.03093
0.79600 0.02945 0.02945
0.80000 0.02822 0.02822
0.80400 0.02720 0.02720
0.80800 0.02635 0.02635
0.81200 0.02565 0.02565
0.81600 0.02508 0.02508
0.82000 0.02463 0.02463
0.82400 0.02428 0.02428
0.82800 0.02403 0.02403
0.83200 0.02387 0.02387
0.83600 0.02381 0.02381
0.84000 0.02384 0.02384
0.84400 0.02396 0.02396
0.84800 0.02419 0.02419
0.85200 0.02452 0.02452
0.85600 0.02497 0.02497
0.86000 0.02555 0.02555
0.86400 0.02629 0.02629
0.86800 0.02719 0.02719
0.87200 0.02830 0.02830
0.87600 0.02965 0.02965
0.88000 0.03130 0.03130
0.88400 0.03330 0.03330
0.88800 0.03574 0.03574
0.89200 0.03872 0.03872
0.89600 0.04240 0.04240
0.90000 0.04695 0.04695
0.90400 0.05262 0.05262
0.90800 0.05969 0.05969
0.91200 0.06854 0.06854
0.91600 0.07958 0.07958
0.92000 0.09324 0.09324
0.92400 0.10998 0.10998
0.92800 0.13001 0.13001
0.93200 0.15262 0.15262
0.93600 0.17510 0.17510
0.94000 0.19233 0.19233
0.94400 0.19852 0.19852
0.94800 0.19116 0.19116
0.95200 0.17314 0.17314
0.95600 0.15028 0.15028
0.96000 0.12759 0.12759
0.96400 0.10771 0.10771
0.96800 0.09141 0.09141
0.97200 0.07853 0.07853
0.97600 0.06853 0.06853
0.98000 0.06089 0.06089
0.98400 0.05514 0.05514
0.98800 0.05093 0.05093
0.99200 0.04803 0.04803
0.99600 0.04629 0.04629
1.00000 0.04563 0.04563
1.00400 0.04607 0.04607
1.00800 0.04768 0.04768
1.01200 0.05060 0.05060
1.01600 0.05499 0.05499
1.02000 0.06095 0.06095
1.02400 0.06829 0.06829
1.02800 0.07621 0.07621
1.03200 0.08302 0.08302
1.03600 0.08647 0.08647
1.04000 0.08501 0.08501
1.04400 0.07895 0.07895
1.04800 0.07015 0.07015
1.05200 0.06070 0.06070
1.05600 0.05200 0.05200
1.06000 0.04460 0.04460
1.06400 0.03857 0.03857
1.06800 0.03373 0.03373
1.07200 0.02985 0.02985
1.07600 0.02672 0.02672
1.08000 0.02419 0.02419
1.08400 0.02211 0.02211
1.08800 0.02039 0.02039
1.09200 0.01894 0.01894
1.09600 0.01773 0.01773
1.10000 0.01669 0.01669
1.10400 0.01579 0.01579
1.10800 0.01502 0.01502
1.11200 0.01435 0.01435
1.11600 0.01376 0.01376
1.12000 0.01324 0.01324
1.12400 0.01278 0.01278
1.12800 0.01238 0.01238
1.13200 0.01202 0.01202
1.13600 0.01171 0.01171
1.14000 0.01143 0.01143
1.14400 0.01118 0.01118
1.14800 0.01094 0.01094
1.15200 0.01072 0.01072
1.15600 0.01051 0.01051
1.16000 0.01033 0.01033
1.16400 0.01016 0.01016
1.16800 0.01002 0.01002
1.17200 0.00988 0.00988
1.17600 0.00974 0.00974
1.18000 0.00960 0.00960
1.18400 0.00946 0.00946
1.18800 0.00934 0.00934
1.19200 0.00924 0.00924
1.19600 0.00915 0.00915
1.20000 0.00908 0.00908
1.20400 0.00902 0.00902
1.20800 0.00898 0.00898
1.21200 0.00894 0.00894
1.21600 0.00892 0.00892
1.22000 0.00891 0.00891
1.22400 0.00891 0.00891
1.22800 0.00893 0.00893
1.23200 0.00897 0.00897
1.23600 0.00903 0.00903
1.24000 0.00911 0.00911
1.24400 0.00922 0.00922
1.24800 0.00936 0.00936
1.25200 0.00953 0.00953
1.25600 0.00975 0.00975
1.26000 0.01000 0.01000
1.26400 0.01030 0.01030
1.26800 0.01063 0.01063
1.27200 0.01097 0.01097
1.27600 0.01129 0.01129
1.28000 0.01158 0.01158
1.28400 0.01187 0.01187
1.28800 0.01218 0.01218
1.29200 0.01255 0.01255
1.29600 0.01301 0.01301
1.30000 0.01358 0.01358
1.30400 0.01429 0.01429
1.30800 0.01516 0.01516
1.31200 0.01624 0.01624
1.31600 0.01754 0.01754
1.32000 0.01911 0.01911
1.32400 0.02096 0.02096
1.32800 0.02307 0.02307
1.33200 0.02541 0.02541
1.33600 0.02801 0.02801
1.34000 0.03102 0.03102
1.34400 0.03469 0.03469
1.34800 0.03934 0.03934
1.35200 0.04526 0.04526
1.35600 0.05269 0.05269
1.36000 0.06162 0.06162
1.36400 0.07169 0.07169
1.36800 0.08204 0.08204
1.37200 0.09171 0.09171
1.37600 0.10027 0.10027
1.38000 0.10773 0.10773
1.38400 0.11345 0.11345
1.38800 0.11541 0.11541
1.39200 0.11151 0.11151
1.39600 0.10180 0.10180
1.40000 0.08869 0.08869
1.40400 0.07505 0.07505
1.40800 0.06274 0.06274
1.41200 0.05242 0.05242
1.41600 0.04409 0.04409
1.42000 0.03745 0.03745
1.42400 0.03219 0.03219
1.42800 0.02799 0.02799
1.43200 0.02461 0.02461
1.43600 0.02188 0.02188
1.44000 0.01966 0.01966
1.44400 0.01783 0.01783
1.44800 0.01632 0.01632
1.45200 0.01506 0.01506
1.45600 0.01402 0.01402
1.46000 0.01313 0.01313
1.46400 0.01236 0.01236
1.46800 0.01167 0.01167
1.47200 0.01102 0.01102
1.47600 0.01040 0.01040
1.48000 0.00983 0.00983
1.48400 0.00932 0.00932
1.48800 0.00887 0.00887
1.49200 0.00848 0.00848
1.49600 0.00813 0.00813
1.50000 0.00783 0.00783
1.50400 0.00756 0.00756
1.50800 0.00732 0.00732
1.51200 0.00710 0.00710
1.51600 0.00689 0.00689
1.52000 0.00670 0.00670
1.52400 0.00653 0.00653
1.52800 0.00637 0.00637
1.53200 0.00622 0.00622
1.53600 0.00610 0.00610
1.54000 0.00598 0.00598
1.54400 0.00588 0.00588
1.54800 0.00579 0.00579
1.55200 0.00571 0.00571
1.55600 0.00564 0.00564
1.56000 0.00557 0.00557
1.56400 0.00551 0.00551
1.56800 0.00544 0.00544
1.57200 0.00539 0.00539
1.57600 0.00534 0.00534
1.58000 0.00529 0.00529
1.58400 0.00526 0.00526
1.58800 0.00524 0.00524
1.59200 0.00524 0.00524
1.59600 0.00524 0.00524
1.60000 0.00525 0.00525
1.60400 0.00528 0.00528
1.60800 0.00532 0.00532
1.61200 0.00537 0.00537
1.61600 0.00544 0.00544
1.62000 0.00553 0.00553
1.62400 0.00564 0.00564
1.62800 0.00577 0.00577
1.63200 0.00594 0.00594
1.63600 0.00614 0.00614
1.64000 0.00638 0.00638
1.64400 0.00668 0.00668
1.64800 0.00703 0.00703
1.65200 0.00747 0.00747
1.65600 0.00801 0.00801
1.66000 0.00869 0.00869
1.66400 0.00954 0.00954
1.66800 0.01062 0.01062
1.67200 0.01199 0.01199
1.67600 0.01371 0.01371
1.68000 0.01585 0.01585
1.68400 0.01841 0.01841
1.68800 0.02125 0.02125
1.69200 0.02398 0.02398
1.69600 0.02598 0.02598
1.70000 0.02665 0.02665
1.70400 0.02581 0.02581
1.70800 0.02386 0.02386
1.71200 0.02143 0.02143
1.71600 0.01900 0.01900
1.72000 0.01676 0.01676
1.72400 0.01482 0.01482
1.72800 0.01319 0.01319
1.73200 0.01188 0.01188
1.73600 0.01088 0.01088
1.74000 0.01012 0.01012
1.74400 0.00959 0.00959
1.74800 0.00924 0.00924
1.75200 0.00904 0.00904
1.75600 0.00900 0.00900
1.76000 0.00910 0.00910
1.76400 0.00934 0.00934
1.76800 0.00975 0.00975
1.77200 0.01035 0.01035
1.77600 0.01118 0.01118
1.78000 0.01228 0.01228
1.78400 0.01371 0.01371
1.78800 0.01553 0.01553
1.79200 0.01776 0.01776
1.79600 0.02032 0.02032
1.80000 0.02299 0.02299
1.80400 0.02545 0.02545
1.80800 0.02747 0.02747
1.81200 0.02912 0.02912
1.81600 0.03055 0.03055
1.82000 0.03166 0.03166
1.82400 0.03191 0.03191
1.82800 0.03073 0.03073
1.83200 0.02815 0.02815
1.83600 0.02477 0.02477
1.84000 0.02129 0.02129
1.84400 0.01817 0.01817
1.84800 0.01555 0.01555
1.85200 0.01343 0.01343
1.85600 0.01173 0.01173
1.86000 0.01038 0.01038
1.86400 0.00931 0.00931
1.86800 0.00845 0.00845
1.87200 0.00775 0.00775
1.87600 0.00719 0.00719
1.88000 0.00672 0.00672
1.88400 0.00634 0.00634
1.88800 0.00602 0.00602
1.89200 0.00577 0.00577
1.89600 0.00558 0.00558
1.90000 0.00544 0.00544
1.90400 0.00534 0.00534
1.90800 0.00529 0.00529
1.91200 0.00527 0.00527
1.91600 0.00528 0.00528
1.92000 0.00530 0.00530
1.92400 0.00535 0.00535
1.92800 0.00541 0.00541
1.93200 0.00549 0.00549
1.93600 0.00563 0.00563
1.94000 0.00583 0.00583
1.94400 0.00614 0.00614
1.94800 0.00659 0.00659
1.95200 0.00719 0.00719
1.95600 0.00797 0.00797
1.96000 0.00896 0.00896
1.96400 0.01010 0.01010
1.96800 0.01126 0.01126
1.97200 0.01216 0.01216
1.97600 0.01249 0.01249
1.98000 0.01214 0.01214
1.98400 0.01125 0.01125
1.98800 0.01009 0.01009
1.99200 0.00890 0.00890
1.99600 0.00782 0.00782
2.00000 0.00690 0.00690
