-2.00000 0.00599 0.00599
-1.99600 0.00648 0.00648
-1.99200 0.00705 0.00705
-1.98800 0.00776 0.00776
-1.98400 0.00864 0.00864
-1.98000 0.00971 0.00971
-1.97600 0.01093 0.01093
-1.97200 0.01217 0.01217
-1.96800 0.01325 0.01325
-1.96400 0.01400 0.01400
-1.96000 0.01434 0.01434
-1.95600 0.01421 0.01421
-1.95200 0.01369 0.01369
-1.94800 0.01297 0.01297
-1.94400 0.01226 0.01226
-1.94000 0.01169 0.01169
-1.93600 0.01128 0.01128
-1.93200 0.01099 0.01099
-1.92800 0.01081 0.01081
-1.92400 0.01078 0.01078
-1.92000 0.01097 0.01097
-1.91600 0.01144 0.01144
-1.91200 0.01225 0.01225
-1.90800 0.01345 0.01345
-1.90400 0.01511 0.01511
-1.90000 0.01729 0.01729
-1.89600 0.02000 0.02000
-1.89200 0.02308 0.02308
-1.88800 0.02609 0.02609
-1.88400 0.02823 0.02823
-1.88000 0.02872 0.02872
-1.87600 0.02732 0.02732
-1.87200 0.02460 0.02460
-1.86800 0.02140 0.02140
-1.86400 0.01838 0.01838
-1.86000 0.01582 0.01582
-1.85600 0.01378 0.01378
-1.85200 0.01220 0.01220
-1.84800 0.01100 0.01100
-1.84400 0.01009 0.01009
-1.84000 0.00936 0.00936
-1.83600 0.00871 0.00871
-1.83200 0.00808 0.00808
-1.82800 0.00748 0.00748
-1.82400 0.00693 0.00693
-1.82000 0.00645 0.00645
-1.81600 0.00605 0.00605
-1.81200 0.00573 0.00573
-1.80800 0.00546 0.00546
-1.80400 0.00524 0.00524
-1.80000 0.00507 0.00507
-1.79600 0.00493 0.00493
-1.79200 0.00482 0.00482
-1.78800 0.00474 0.00474
-1.78400 0.00468 0.00468
-1.78000 0.00463 0.00463
-1.77600 0.00461 0.00461
-1.77200 0.00460 0.00460
-1.76800 0.00460 0.00460
-1.76400 0.00462 0.00462
-1.76000 0.00465 0.00465
-1.75600 0.00470 0.00470
-1.75200 0.00477 0.00477
-1.74800 0.00485 0.00485
-1.74400 0.00494 0.00494
-1.74000 0.00506 0.00506
-1.73600 0.00520 0.00520
-1.73200 0.00537 0.00537
-1.72800 0.00558 0.00558
-1.72400 0.00583 0.00583
-1.72000 0.00613 0.00613
-1.71600 0.00647 0.00647
-1.71200 0.00686 0.00686
-1.70800 0.00726 0.00726
-1.70400 0.00765 0.00765
-1.70000 0.00805 0.00805
-1.69600 0.00849 0.00849
-1.69200 0.00902 0.00902
-1.68800 0.00971 0.00971
-1.68400 0.01060 0.01060
-1.68000 0.01177 0.01177
-1.67600 0.01328 0.01328
-1.67200 0.01521 0.01521
-1.66800 0.01764 0.01764
-1.66400 0.02059 0.02059
-1.66000 0.02393 0.02393
-1.65600 0.02725 0.02725
-1.65200 0.02975 0.02975
-1.64800 0.03060 0.03060
-1.64400 0.02947 0.02947
-1.64000 0.02688 0.02688
-1.63600 0.02370 0.02370
-1.63200 0.02063 0.02063
-1.62800 0.01798 0.01798
-1.62400 0.01582 0.01582
-1.62000 0.01409 0.01409
-1.61600 0.01273 0.01273
-1.61200 0.01167 0.01167
-1.60800 0.01086 0.01086
-1.60400 0.01027 0.01027
-1.60000 0.00984 0.00984
-1.59600 0.00956 0.00956
-1.59200 0.00940 0.00940
-1.58800 0.00935 0.00935
-1.58400 0.00940 0.00940
-1.58000 0.00953 0.00953
-1.57600 0.00974 0.00974
-1.57200 0.01003 0.01003
-1.56800 0.01042 0.01042
-1.56400 0.01092 0.01092
-1.56000 0.01154 0.01154
-1.55600 0.01228 0.01228
-1.55200 0.01308 0.01308
-1.54800 0.01390 0.01390
-1.54400 0.01471 0.01471
-1.54000 0.01558 0.01558
-1.53600 0.01660 0.01660
-1.53200 0.01793 0.01793
-1.52800 0.01969 0.01969
-1.52400 0.02199 0.02199
-1.52000 0.02500 0.02500
-1.51600 0.02889 0.02889
-1.51200 0.03388 0.03388
-1.50800 0.04016 0.04016
-1.50400 0.04780 0.04780
-1.50000 0.05646 0.05646
-1.49600 0.06502 0.06502
-1.49200 0.07141 0.07141
-1.48800 0.07338 0.07338
-1.48400 0.07010 0.07010
-1.48000 0.06291 0.06291
-1.47600 0.05416 0.05416
-1.47200 0.04568 0.04568
-1.46800 0.03836 0.03836
-1.46400 0.03240 0.03240
-1.46000 0.02767 0.02767
-1.45600 0.02395 0.02395
-1.45200 0.02104 0.02104
-1.44800 0.01875 0.01875
-1.44400 0.01694 0.01694
-1.44000 0.01550 0.01550
-1.43600 0.01434 0.01434
-1.43200 0.01339 0.01339
-1.42800 0.01259 0.01259
-1.42400 0.01191 0.01191
-1.42000 0.01132 0.01132
-1.41600 0.01081 0.01081
-1.41200 0.01038 0.01038
-1.40800 0.01003 0.01003
-1.40400 0.00976 0.00976
-1.40000 0.00954 0.00954
-1.39600 0.00939 0.00939
-1.39200 0.00929 0.00929
-1.38800 0.00923 0.00923
-1.38400 0.00923 0.00923
-1.38000 0.00928 0.00928
-1.37600 0.00937 0.00937
-1.37200 0.00953 0.00953
-1.36800 0.00974 0.00974
-1.36400 0.01003 0.01003
-1.36000 0.01039 0.01039
-1.35600 0.01083 0.01083
-1.35200 0.01135 0.01135
-1.34800 0.01192 0.01192
-1.34400 0.01250 0.01250
-1.34000 0.01305 0.01305
-1.33600 0.01357 0.01357
-1.33200 0.01411 0.01411
-1.32800 0.01477 0.01477
-1.32400 0.01565 0.01565
-1.32000 0.01682 0.01682
-1.31600 0.01836 0.01836
-1.31200 0.02036 0.02036
-1.30800 0.02295 0.02295
-1.30400 0.02627 0.02627
-1.30000 0.03048 0.03048
-1.29600 0.03566 0.03566
-1.29200 0.04171 0.04171
-1.28800 0.04808 0.04808
-1.28400 0.05356 0.05356
-1.28000 0.05654 0.05654
-1.27600 0.05595 0.05595
-1.27200 0.05210 0.05210
-1.26800 0.04635 0.04635
-1.26400 0.04019 0.04019
-1.26000 0.03458 0.03458
-1.25600 0.02991 0.02991
-1.25200 0.02619 0.02619
-1.24800 0.02332 0.02332
-1.24400 0.02114 0.02114
-1.24000 0.01950 0.01950
-1.23600 0.01825 0.01825
-1.23200 0.01726 0.01726
-1.22800 0.01641 0.01641
-1.22400 0.01564 0.01564
-1.22000 0.01495 0.01495
-1.21600 0.01436 0.01436
-1.21200 0.01388 0.01388
-1.20800 0.01350 0.01350
-1.20400 0.01322 0.01322
-1.20000 0.01304 0.01304
-1.19600 0.01296 0.01296
-1.19200 0.01297 0.01297
-1.18800 0.01306 0.01306
-1.18400 0.01319 0.01319
-1.18000 0.01332 0.01332
-1.17600 0.01344 0.01344
-1.17200 0.01355 0.01355
-1.16800 0.01367 0.01367
-1.16400 0.01383 0.01383
-1.16000 0.01405 0.01405
-1.15600 0.01435 0.01435
-1.15200 0.01474 0.01474
-1.14800 0.01521 0.01521
-1.14400 0.01578 0.01578
-1.14000 0.01645 0.01645
-1.13600 0.01723 0.01723
-1.13200 0.01815 0.01815
-1.12800 0.01922 0.01922
-1.12400 0.02048 0.02048
-1.12000 0.02195 0.02195
-1.11600 0.02370 0.02370
-1.11200 0.02577 0.02577
-1.10800 0.02826 0.02826
-1.10400 0.03127 0.03127
-1.10000 0.03494 0.03494
-1.09600 0.03945 0.03945
-1.09200 0.04506 0.04506
-1.08800 0.05210 0.05210
-1.08400 0.06097 0.06097
-1.08000 0.07218 0.07218
-1.07600 0.08623 0.08623
-1.07200 0.10342 0.10342
-1.06800 0.12329 0.12329
-1.06400 0.14381 0.14381
-1.06000 0.16072 0.16072
-1.05600 0.16855 0.16855
-1.05200 0.16418 0.16418
-1.04800 0.14949 0.14949
-1.04400 0.12971 0.12971
-1.04000 0.10964 0.10964
-1.03600 0.09191 0.09191
-1.03200 0.07730 0.07730
-1.02800 0.06566 0.06566
-1.02400 0.05650 0.05650
-1.02000 0.04933 0.04933
-1.01600 0.04370 0.04370
-1.01200 0.03926 0.03926
-1.00800 0.03575 0.03575
-1.00400 0.03297 0.03297
-1.00000 0.03077 0.03077
-0.99600 0.02905 0.02905
-0.99200 0.02773 0.02773
-0.98800 0.02674 0.02674
-0.98400 0.02604 0.02604
-0.98000 0.02562 0.02562
-0.97600 0.02546 0.02546
-0.97200 0.02554 0.02554
-0.96800 0.02586 0.02586
-0.96400 0.02641 0.02641
-0.96000 0.02716 0.02716
-0.95600 0.02808 0.02808
-0.95200 0.02919 0.02919
-0.94800 0.03058 0.03058
-0.94400 0.03237 0.03237
-0.94000 0.03472 0.03472
-0.93600 0.03783 0.03783
-0.93200 0.04189 0.04189
-0.92800 0.04715 0.04715
-0.92400 0.05391 0.05391
-0.92000 0.06240 0.06240
-0.91600 0.07267 0.07267
-0.91200 0.08414 0.08414
-0.90800 0.09519 0.09519
-0.90400 0.10304 0.10304
-0.90000 0.10493 0.10493
-0.89600 0.10011 0.10011
-0.89200 0.09047 0.09047
-0.88800 0.07899 0.07899
-0.88400 0.06795 0.06795
-0.88000 0.05846 0.05846
-0.87600 0.05074 0.05074
-0.87200 0.04462 0.04462
-0.86800 0.03982 0.03982
-0.86400 0.03607 0.03607
-0.86000 0.03313 0.03313
-0.85600 0.03081 0.03081
-0.85200 0.02898 0.02898
-0.84800 0.02754 0.02754
-0.84400 0.02640 0.02640
-0.84000 0.02551 0.02551
-0.83600 0.02481 0.02481
-0.83200 0.02429 0.02429
-0.82800 0.02390 0.02390
-0.82400 0.02363 0.02363
-0.82000 0.02347 0.02347
-0.81600 0.02339 0.02339
-0.81200 0.02341 0.02341
-0.80800 0.02350 0.02350
-0.80400 0.02366 0.02366
-0.80000 0.02389 0.02389
-0.79600 0.02419 0.02419
-0.79200 0.02456 0.02456
-0.78800 0.02499 0.02499
-0.78400 0.02550 0.02550
-0.78000 0.02608 0.02608
-0.77600 0.02674 0.02674
-0.77200 0.02749 0.02749
-0.76800 0.02833 0.02833
-0.76400 0.02927 0.02927
-0.76000 0.03033 0.03033
-0.75600 0.03152 0.03152
-0.75200 0.03286 0.03286
-0.74800 0.03436 0.03436
-0.74400 0.03607 0.03607
-0.74000 0.03800 0.03800
-0.73600 0.04021 0.04021
-0.73200 0.04274 0.04274
-0.72800 0.04565 0.04565
-0.72400 0.04904 0.04904
-0.72000 0.05299 0.05299
-0.71600 0.05764 0.05764
-0.71200 0.06317 0.06317
-0.70800 0.06980 0.06980
-0.70400 0.07782 0.07782
-0.70000 0.08763 0.08763
-0.69600 0.09975 0.09975
-0.69200 0.11486 0.11486
-0.68800 0.13385 0.13385
-0.68400 0.15778 0.15778
-0.68000 0.18780 0.18780
-0.67600 0.22473 0.22473
-0.67200 0.26806 0.26806
-0.66800 0.31421 0.31421
-0.66400 0.35477 0.35477
-0.66000 0.37778 0.37778
-0.65600 0.37449 0.37449
-0.65200 0.34671 0.34671
-0.64800 0.30518 0.30518
-0.64400 0.26128 0.26128
-0.64000 0.22188 0.22188
-0.63600 0.18942 0.18942
-0.63200 0.16392 0.16392
-0.62800 0.14444 0.14444
-0.62400 0.12992 0.12992
-0.62000 0.11946 0.11946
-0.61600 0.11236 0.11236
-0.61200 0.10819 0.10819
-0.60800 0.10671 0.10671
-0.60400 0.10788 0.10788
-0.60000 0.11181 0.11181
-0.59600 0.11876 0.11876
-0.59200 0.12898 0.12898
-0.58800 0.14246 0.14246
-0.58400 0.15837 0.15837
-0.58000 0.17425 0.17425
-0.57600 0.18577 0.18577
-0.57200 0.18839 0.18839
-0.56800 0.18056 0.18056
-0.56400 0.16509 0.16509
-0.56000 0.14672 0.14672
-0.55600 0.12914 0.12914
-0.55200 0.11407 0.11407
-0.54800 0.10189 0.10189
-0.54400 0.09232 0.09232
-0.54000 0.08491 0.08491
-0.53600 0.07923 0.07923
-0.53200 0.07490 0.07490
-0.52800 0.07163 0.07163
-0.52400 0.06920 0.06920
-0.52000 0.06747 0.06747
-0.51600 0.06629 0.06629
-0.51200 0.06558 0.06558
-0.50800 0.06528 0.06528
-0.50400 0.06534 0.06534
-0.50000 0.06571 0.06571
-0.49600 0.06639 0.06639
-0.49200 0.06735 0.06735
-0.48800 0.06859 0.06859
-0.48400 0.07010 0.07010
-0.48000 0.07190 0.07190
-0.47600 0.07400 0.07400
-0.47200 0.07642 0.07642
-0.46800 0.07918 0.07918
-0.46400 0.08232 0.08232
-0.46000 0.08588 0.08588
-0.45600 0.08993 0.08993
-0.45200 0.09452 0.09452
-0.44800 0.09976 0.09976
-0.44400 0.10575 0.10575
-0.44000 0.11262 0.11262
-0.43600 0.12056 0.12056
-0.43200 0.12978 0.12978
-0.42800 0.14059 0.14059
-0.42400 0.15333 0.15333
-0.42000 0.16851 0.16851
-0.41600 0.18677 0.18677
-0.41200 0.20894 0.20894
-0.40800 0.23616 0.23616
-0.40400 0.26989 0.26989
-0.40000 0.31203 0.31203
-0.39600 0.36491 0.36491
-0.39200 0.43103 0.43103
-0.38800 0.51224 0.51224
-0.38400 0.60770 0.60770
-0.38000 0.71012 0.71012
-0.37600 0.80203 0.80203
-0.37200 0.85795 0.85795
-0.36800 0.85877 0.85877
-0.36400 0.80771 0.80771
-0.36000 0.72764 0.72764
-0.35600 0.64340 0.64340
-0.35200 0.56998 0.56998
-0.34800 0.51203 0.51203
-0.34400 0.46761 0.46761
-0.34000 0.43182 0.43182
-0.33600 0.39992 0.39992
-0.33200 0.36982 0.36982
-0.32800 0.34218 0.34218
-0.32400 0.31857 0.31857
-0.32000 0.29994 0.29994
-0.31600 0.28639 0.28639
-0.31200 0.27750 0.27750
-0.30800 0.27271 0.27271
-0.30400 0.27150 0.27150
-0.30000 0.27348 0.27348
-0.29600 0.27837 0.27837
-0.29200 0.28604 0.28604
-0.28800 0.29644 0.29644
-0.28400 0.30963 0.30963
-0.28000 0.32577 0.32577
-0.27600 0.34512 0.34512
-0.27200 0.36803 0.36803
-0.26800 0.39499 0.39499
-0.26400 0.42661 0.42661
-0.26000 0.46370 0.46370
-0.25600 0.50729 0.50729
-0.25200 0.55869 0.55869
-0.24800 0.61958 0.61958
-0.24400 0.69215 0.69215
-0.24000 0.77923 0.77923
-0.23600 0.88454 0.88454
-0.23200 1.01299 1.01299
-0.22800 1.17106 1.17106
-0.22400 1.36740 1.36740
-0.22000 1.61338 1.61338
-0.21600 1.92375 1.92375
-0.21200 2.31667 2.31667
-0.20800 2.81220 2.81220
-0.20400 3.42630 3.42630
-0.20000 4.15570 4.15570
-0.19600 4.94922 4.94922
-0.19200 5.67483 5.67483
-0.18800 6.12763 6.12763
-0.18400 6.13418 6.13418
-0.18000 5.69167 5.69167
-0.17600 4.97047 4.97047
-0.17200 4.17645 4.17645
-0.16800 3.44412 3.44412
-0.16400 2.82647 2.82647
-0.16000 2.32762 2.32762
-0.15600 1.93189 1.93189
-0.15200 1.61921 1.61921
-0.14800 1.37133 1.37133
-0.14400 1.17339 1.17339
-0.14000 1.01393 1.01393
-0.13600 0.88423 0.88423
-0.13200 0.77773 0.77773
-0.12800 0.68948 0.68948
-0.12400 0.61572 0.61572
-0.12000 0.55356 0.55356
-0.11600 0.50080 0.50080
-0.11200 0.45570 0.45570
-0.10800 0.41690 0.41690
-0.10400 0.38334 0.38334
-0.10000 0.35416 0.35416
-0.09600 0.32867 0.32867
-0.09200 0.30630 0.30630
-0.08800 0.28661 0.28661
-0.08400 0.26921 0.26921
-0.08000 0.25380 0.25380
-0.07600 0.24011 0.24011
-0.07200 0.22793 0.22793
-0.06800 0.21708 0.21708
-0.06400 0.20741 0.20741
-0.06000 0.19878 0.19878
-0.05600 0.19109 0.19109
-0.05200 0.18424 0.18424
-0.04800 0.17815 0.17815
-0.04400 0.17275 0.17275
-0.04000 0.16798 0.16798
-0.03600 0.16380 0.16380
-0.03200 0.16016 0.16016
-0.02800 0.15702 0.15702
-0.02400 0.15436 0.15436
-0.02000 0.15215 0.15215
-0.01600 0.15037 0.15037
-0.01200 0.14900 0.14900
-0.00800 0.14803 0.14803
-0.00400 0.14746 0.14746
0.00000 0.14727 0.14727
0.00400 0.14747 0.14747
0.00800 0.14805 0.14805
0.01200 0.14903 0.14903
0.01600 0.15041 0.15041
0.02000 0.15220 0.15220
0.02400 0.15443 0.15443
0.02800 0.15710 0.15710
0.03200 0.16025 0.16025
0.03600 0.16391 0.16391
0.04000 0.16810 0.16810
0.04400 0.17289 0.17289
0.04800 0.17831 0.17831
0.05200 0.18443 0.18443
0.05600 0.19131 0.19131
0.06000 0.19904 0.19904
0.06400 0.20770 0.20770
0.06800 0.21742 0.21742
0.07200 0.22832 0.22832
0.07600 0.24056 0.24056
0.08000 0.25433 0.25433
0.08400 0.26983 0.26983
0.08800 0.28733 0.28733
0.09200 0.30716 0.30716
0.09600 0.32968 0.32968
0.10000 0.35536 0.35536
0.10400 0.38478 0.38478
0.10800 0.41863 0.41863
0.11200 0.45779 0.45779
0.11600 0.50334 0.50334
0.12000 0.55668 0.55668
0.12400 0.61956 0.61956
0.12800 0.69426 0.69426
0.13200 0.78372 0.78372
0.13600 0.89180 0.89180
0.14000 1.02357 1.02357
0.14400 1.18577 1.18577
0.14800 1.38735 1.38735
0.15200 1.64004 1.64004
0.15600 1.95899 1.95899
0.16000 2.36264 2.36264
0.16400 2.87073 2.87073
0.16800 3.49735 3.49735
0.17200 4.23395 4.23395
0.17600 5.01912 5.01912
0.18000 5.70828 5.70828
0.18400 6.09439 6.09439
0.18800 6.02524 6.02524
0.19200 5.53028 5.53028
0.19600 4.79389 4.79389
0.20000 4.01276 4.01276
0.20400 3.30574 3.30574
0.20800 2.71514 2.71514
0.21200 2.24036 2.24036
0.21600 1.86449 1.86449
0.22000 1.56777 1.56777
0.22400 1.33266 1.33266
0.22800 1.14508 1.14508
0.23200 0.99417 0.99417
0.23600 0.87176 0.87176
0.24000 0.77168 0.77168
0.24400 0.68930 0.68930
0.24800 0.62113 0.62113
0.25200 0.56450 0.56450
0.25600 0.51743 0.51743
0.26000 0.47838 0.47838
0.26400 0.44623 0.44623
0.26800 0.42015 0.42015
0.27200 0.39959 0.39959
0.27600 0.38422 0.38422
0.28000 0.37395 0.37395
0.28400 0.36889 0.36889
0.28800 0.36941 0.36941
0.29200 0.37605 0.37605
0.29600 0.38953 0.38953
0.30000 0.41050 0.41050
0.30400 0.43929 0.43929
0.30800 0.47590 0.47590
0.31200 0.52041 0.52041
0.31600 0.57380 0.57380
0.32000 0.63690 0.63690
0.32400 0.70658 0.70658
0.32800 0.77091 0.77091
0.33200 0.80906 0.80906
0.33600 0.80192 0.80192
0.34000 0.74768 0.74768
0.34400 0.66353 0.66353
0.34800 0.57147 0.57147
0.35200 0.48629 0.48629
0.35600 0.41398 0.41398
0.36000 0.35506 0.35506
0.36400 0.30785 0.30785
0.36800 0.27013 0.27013
0.37200 0.23987 0.23987
0.37600 0.21541 0.21541
0.38000 0.19549 0.19549
0.38400 0.17914 0.17914
0.38800 0.16562 0.16562
0.39200 0.15438 0.15438
0.39600 0.14504 0.14504
0.40000 0.13728 0.13728
0.40400 0.13088 0.13088
0.40800 0.12569 0.12569
0.41200 0.12160 0.12160
0.41600 0.11857 0.11857
0.42000 0.11658 0.11658
0.42400 0.11568 0.11568
0.42800 0.11598 0.11598
0.43200 0.11762 0.11762
0.43600 0.12086 0.12086
0.44000 0.12600 0.12600
0.44400 0.13344 0.13344
0.44800 0.14357 0.14357
0.45200 0.15655 0.15655
0.45600 0.17196 0.17196
0.46000 0.18818 0.18818
0.46400 0.20216 0.20216
0.46800 0.21018 0.21018
0.47200 0.20952 0.20952
0.47600 0.20018 0.20018
0.48000 0.18505 0.18505
0.48400 0.16814 0.16814
0.48800 0.15255 0.15255
0.49200 0.13979 0.13979
0.49600 0.13022 0.13022
0.50000 0.12366 0.12366
0.50400 0.11982 0.11982
0.50800 0.11847 0.11847
0.51200 0.11949 0.11949
0.51600 0.12290 0.12290
0.52000 0.12891 0.12891
0.52400 0.13791 0.13791
0.52800 0.15047 0.15047
0.53200 0.16743 0.16743
0.53600 0.18987 0.18987
0.54000 0.21900 0.21900
0.54400 0.25584 0.25584
0.54800 0.30024 0.30024
0.55200 0.34921 0.34921
0.55600 0.39466 0.39466
0.56000 0.42374 0.42374
0.56400 0.42502 0.42502
0.56800 0.39751 0.39751
0.57200 0.35156 0.35156
0.57600 0.30036 0.30036
0.58000 0.25280 0.25280
0.58400 0.21249 0.21249
0.58800 0.17982 0.17982
0.59200 0.15383 0.15383
0.59600 0.13325 0.13325
0.60000 0.11691 0.11691
0.60400 0.10385 0.10385
0.60800 0.09334 0.09334
0.61200 0.08482 0.08482
0.61600 0.07786 0.07786
0.62000 0.07216 0.07216
0.62400 0.06747 0.06747
0.62800 0.06363 0.06363
0.63200 0.06051 0.06051
0.63600 0.05801 0.05801
0.64000 0.05606 0.05606
0.64400 0.05464 0.05464
0.64800 0.05372 0.05372
0.65200 0.05331 0.05331
0.65600 0.05343 0.05343
0.66000 0.05416 0.05416
0.66400 0.05558 0.05558
0.66800 0.05782 0.05782
0.67200 0.06108 0.06108
0.67600 0.06559 0.06559
0.68000 0.07167 0.07167
0.68400 0.07966 0.07966
0.68800 0.08982 0.08982
0.69200 0.10205 0.10205
0.69600 0.11548 0.11548
0.70000 0.12798 0.12798
0.70400 0.13647 0.13647
0.70800 0.13826 0.13826
0.71200 0.13261 0.13261
0.71600 0.12118 0.12118
0.72000 0.10693 0.10693
0.72400 0.09262 0.09262
0.72800 0.07988 0.07988
0.73200 0.06925 0.06925
0.73600 0.06066 0.06066
0.74000 0.05379 0.05379
0.74400 0.04830 0.04830
0.74800 0.04390 0.04390
0.75200 0.04033 0.04033
0.75600 0.03742 0.03742
0.76000 0.03502 0.03502
0.76400 0.03302 0.03302
0.76800 0.03135 0.03135
0.77200 0.02994 0.02994
0.77600 0.02876 0.02876
0.78000 0.02775 0.02775
0.78400 0.02690 0.02690
0.78800 0.02618 0.02618
0.79200 0.02558 0.02558
0.79600 0.02508 0.02508
0.80000 0.02468 0.02468
0.80400 0.02436 0.02436
0.80800 0.02413 0.02413
0.81200 0.02397 0.02397
0.81600 0.02390 0.02390
0.82000 0.02390 0.02390
0.82400 0.02399 0.02399
0.82800 0.02416 0.02416
0.83200 0.02443 0.02443
0.83600 0.02480 0.02480
0.84000 0.02528 0.02528
0.84400 0.02588 0.02588
0.84800 0.02663 0.02663
0.85200 0.02755 0.02755
0.85600 0.02866 0.02866
0.86000 0.03000 0.03000
0.86400 0.03163 0.03163
0.86800 0.03360 0.03360
0.87200 0.03599 0.03599
0.87600 0.03891 0.03891
0.88000 0.04248 0.04248
0.88400 0.04689 0.04689
0.88800 0.05238 0.05238
0.89200 0.05924 0.05924
0.89600 0.06785 0.06785
0.90000 0.07867 0.07867
0.90400 0.09217 0.09217
0.90800 0.10875 0.10875
0.91200 0.12858 0.12858
0.91600 0.15118 0.15118
0.92000 0.17458 0.17458
0.92400 0.19447 0.19447
0.92800 0.20483 0.20483
0.93200 0.20161 0.20161
0.93600 0.18611 0.18611
0.94000 0.16379 0.16379
0.94400 0.14025 0.14025
0.94800 0.11894 0.11894
0.95200 0.10114 0.10114
0.95600 0.08696 0.08696
0.96000 0.07596 0.07596
0.96400 0.06762 0.06762
0.96800 0.06147 0.06147
0.97200 0.05714 0.05714
0.97600 0.05440 0.05440
0.98000 0.05309 0.05309
0.98400 0.05319 0.05319
0.98800 0.05475 0.05475
0.99200 0.05790 0.05790
0.99600 0.06277 0.06277
1.00000 0.06938 0.06938
1.00400 0.07735 0.07735
1.00800 0.08552 0.08552
1.01200 0.09180 0.09180
1.01600 0.09387 0.09387
1.02000 0.09061 0.09061
1.02400 0.08293 0.08293
1.02800 0.07300 0.07300
1.03200 0.06290 0.06290
1.03600 0.05383 0.05383
1.04000 0.04623 0.04623
1.04400 0.04007 0.04007
1.04800 0.03512 0.03512
1.05200 0.03115 0.03115
1.05600 0.02794 0.02794
1.06000 0.02533 0.02533
1.06400 0.02318 0.02318
1.06800 0.02140 0.02140
1.07200 0.01990 0.01990
1.07600 0.01863 0.01863
1.08000 0.01754 0.01754
1.08400 0.01661 0.01661
1.08800 0.01580 0.01580
1.09200 0.01509 0.01509
1.09600 0.01448 0.01448
1.10000 0.01395 0.01395
1.10400 0.01348 0.01348
1.10800 0.01307 0.01307
1.11200 0.01270 0.01270
1.11600 0.01236 0.01236
1.12000 0.01204 0.01204
1.12400 0.01174 0.01174
1.12800 0.01146 0.01146
1.13200 0.01120 0.01120
1.13600 0.01097 0.01097
1.14000 0.01077 0.01077
1.14400 0.01058 0.01058
1.14800 0.01039 0.01039
1.15200 0.01021 0.01021
1.15600 0.01002 0.01002
1.16000 0.00985 0.00985
1.16400 0.00969 0.00969
1.16800 0.00955 0.00955
1.17200 0.00943 0.00943
1.17600 0.00933 0.00933
1.18000 0.00924 0.00924
1.18400 0.00917 0.00917
1.18800 0.00912 0.00912
1.19200 0.00907 0.00907
1.19600 0.00904 0.00904
1.20000 0.00901 0.00901
1.20400 0.00899 0.00899
1.20800 0.00899 0.00899
1.21200 0.00900 0.00900
1.21600 0.00902 0.00902
1.22000 0.00907 0.00907
1.22400 0.00913 0.00913
1.22800 0.00921 0.00921
1.23200 0.00933 0.00933
1.23600 0.00947 0.00947
1.24000 0.00965 0.00965
1.24400 0.00987 0.00987
1.24800 0.01014 0.01014
1.25200 0.01046 0.01046
1.25600 0.01082 0.01082
1.26000 0.01120 0.01120
1.26400 0.01156 0.01156
1.26800 0.01186 0.01186
1.27200 0.01211 0.01211
1.27600 0.01235 0.01235
1.28000 0.01263 0.01263
1.28400 0.01300 0.01300
1.28800 0.01349 0.01349
1.29200 0.01412 0.01412
1.29600 0.01491 0.01491
1.30000 0.01589 0.01589
1.30400 0.01707 0.01707
1.30800 0.01848 0.01848
1.31200 0.02012 0.02012
1.31600 0.02198 0.02198
1.32000 0.02406 0.02406
1.32400 0.02643 0.02643
1.32800 0.02926 0.02926
1.33200 0.03278 0.03278
1.33600 0.03725 0.03725
1.34000 0.04290 0.04290
1.34400 0.04995 0.04995
1.34800 0.05841 0.05841
1.35200 0.06797 0.06797
1.35600 0.07782 0.07782
1.36000 0.08701 0.08701
1.36400 0.09512 0.09512
1.36800 0.10258 0.10258
1.37200 0.10973 0.10973
1.37600 0.11542 0.11542
1.38000 0.11706 0.11706
1.38400 0.11247 0.11247
1.38800 0.10204 0.10204
1.39200 0.08850 0.08850
1.39600 0.07473 0.07473
1.40000 0.06247 0.06247
1.40400 0.05227 0.05227
1.40800 0.04407 0.04407
1.41200 0.03756 0.03756
1.41600 0.03241 0.03241
1.42000 0.02832 0.02832
1.42400 0.02506 0.02506
1.42800 0.02245 0.02245
1.43200 0.02033 0.02033
1.43600 0.01859 0.01859
1.44000 0.01710 0.01710
1.44400 0.01578 0.01578
1.44800 0.01458 0.01458
1.45200 0.01350 0.01350
1.45600 0.01254 0.01254
1.46000 0.01169 0.01169
1.46400 0.01096 0.01096
1.46800 0.01032 0.01032
1.47200 0.00977 0.00977
1.47600 0.00928 0.00928
1.48000 0.00886 0.00886
1.48400 0.00849 0.00849
1.48800 0.00816 0.00816
1.49200 0.00786 0.00786
1.49600 0.00761 0.00761
1.50000 0.00738 0.00738
1.50400 0.00717 0.00717
1.50800 0.00697 0.00697
1.51200 0.00679 0.00679
1.51600 0.00661 0.00661
1.52000 0.00645 0.00645
1.52400 0.00629 0.00629
1.52800 0.00615 0.00615
1.53200 0.00603 0.00603
1.53600 0.00592 0.00592
1.54000 0.00581 0.00581
1.54400 0.00572 0.00572
1.54800 0.00564 0.00564
1.55200 0.00557 0.00557
1.55600 0.00550 0.00550
1.56000 0.00544 0.00544
1.56400 0.00538 0.00538
1.56800 0.00532 0.00532
1.57200 0.00528 0.00528
1.57600 0.00524 0.00524
1.58000 0.00521 0.00521
1.58400 0.00520 0.00520
1.58800 0.00519 0.00519
1.59200 0.00519 0.00519
1.59600 0.00520 0.00520
1.60000 0.00522 0.00522
1.60400 0.00525 0.00525
1.60800 0.00530 0.00530
1.61200 0.00536 0.00536
1.61600 0.00544 0.00544
1.62000 0.00554 0.00554
1.62400 0.00566 0.00566
1.62800 0.00580 0.00580
1.63200 0.00597 0.00597
1.63600 0.00618 0.00618
1.64000 0.00643 0.00643
1.64400 0.00674 0.00674
1.64800 0.00712 0.00712
1.65200 0.00758 0.00758
1.65600 0.00816 0.00816
1.66000 0.00888 0.00888
1.66400 0.00977 0.00977
1.66800 0.01091 0.01091
1.67200 0.01234 0.01234
1.67600 0.01412 0.01412
1.68000 0.01632 0.01632
1.68400 0.01891 0.01891
1.68800 0.02178 0.02178
1.69200 0.02462 0.02462
1.69600 0.02683 0.02683
1.70000 0.02775 0.02775
1.70400 0.02697 0.02697
1.70800 0.02479 0.02479
1.71200 0.02192 0.02192
1.71600 0.01904 0.01904
1.72000 0.01651 0.01651
1.72400 0.01446 0.01446
1.72800 0.01285 0.01285
1.73200 0.01163 0.01163
1.73600 0.01073 0.01073
1.74000 0.01008 0.01008
1.74400 0.00964 0.00964
1.74800 0.00938 0.00938
1.75200 0.00928 0.00928
1.75600 0.00933 0.00933
1.76000 0.00954 0.00954
1.76400 0.00992 0.00992
1.76800 0.01049 0.01049
1.77200 0.01130 0.01130
1.77600 0.01236 0.01236
1.78000 0.01374 0.01374
1.78400 0.01545 0.01545
1.78800 0.01745 0.01745
1.79200 0.01959 0.01959
1.79600 0.02167 0.02167
1.80000 0.02358 0.02358
1.80400 0.02543 0.02543
1.80800 0.02750 0.02750
1.81200 0.02986 0.02986
1.81600 0.03215 0.03215
1.82000 0.03356 0.03356
1.82400 0.03326 0.03326
1.82800 0.03107 0.03107
1.83200 0.02762 0.02762
1.83600 0.02380 0.02380
1.84000 0.02023 0.02023
1.84400 0.01718 0.01718
1.84800 0.01470 0.01470
1.85200 0.01272 0.01272
1.85600 0.01115 0.01115
1.86000 0.00990 0.00990
1.86400 0.00891 0.00891
1.86800 0.00812 0.00812
1.87200 0.00748 0.00748
1.87600 0.00697 0.00697
1.88000 0.00656 0.00656
1.88400 0.00622 0.00622
1.88800 0.00595 0.00595
1.89200 0.00571 0.00571
1.89600 0.00551 0.00551
1.90000 0.00536 0.00536
1.90400 0.00523 0.00523
1.90800 0.00512 0.00512
1.91200 0.00502 0.00502
1.91600 0.00492 0.00492
1.92000 0.00484 0.00484
1.92400 0.00478 0.00478
1.92800 0.00476 0.00476
1.93200 0.00477 0.00477
1.93600 0.00483 0.00483
1.94000 0.00494 0.00494
1.94400 0.00510 0.00510
1.94800 0.00533 0.00533
1.95200 0.00564 0.00564
1.95600 0.00606 0.00606
1.96000 0.00661 0.00661
1.96400 0.00733 0.00733
1.96800 0.00825 0.00825
1.97200 0.00936 0.00936
1.97600 0.01058 0.01058
1.98000 0.01173 0.01173
1.98400 0.01248 0.01248
1.98800 0.01256 0.01256
1.99200 0.01194 0.01194
1.99600 0.01083 0.01083
2.00000 0.00956 0.00956
