-2.00000 0.00637 0.00637
-1.99600 0.00707 0.00707
-1.99200 0.00787 0.00787
-1.98800 0.00879 0.00879
-1.98400 0.00983 0.00983
-1.98000 0.01101 0.01101
-1.97600 0.01222 0.01222
-1.97200 0.01326 0.01326
-1.96800 0.01387 0.01387
-1.96400 0.01395 0.01395
-1.96000 0.01359 0.01359
-1.95600 0.01298 0.01298
-1.95200 0.01227 0.01227
-1.94800 0.01157 0.01157
-1.94400 0.01097 0.01097
-1.94000 0.01058 0.01058
-1.93600 0.01043 0.01043
-1.93200 0.01054 0.01054
-1.92800 0.01085 0.01085
-1.92400 0.01131 0.01131
-1.92000 0.01184 0.01184
-1.91600 0.01245 0.01245
-1.91200 0.01323 0.01323
-1.90800 0.01430 0.01430
-1.90400 0.01580 0.01580
-1.90000 0.01783 0.01783
-1.89600 0.02039 0.02039
-1.89200 0.02331 0.02331
-1.88800 0.02612 0.02612
-1.88400 0.02802 0.02802
-1.88000 0.02824 0.02824
-1.87600 0.02666 0.02666
-1.87200 0.02386 0.02386
-1.86800 0.02068 0.02068
-1.86400 0.01770 0.01770
-1.86000 0.01519 0.01519
-1.85600 0.01316 0.01316
-1.85200 0.01158 0.01158
-1.84800 0.01037 0.01037
-1.84400 0.00946 0.00946
-1.84000 0.00876 0.00876
-1.83600 0.00822 0.00822
-1.83200 0.00774 0.00774
-1.82800 0.00729 0.00729
-1.82400 0.00684 0.00684
-1.82000 0.00641 0.00641
-1.81600 0.00603 0.00603
-1.81200 0.00571 0.00571
-1.80800 0.00544 0.00544
-1.80400 0.00523 0.00523
-1.80000 0.00506 0.00506
-1.79600 0.00492 0.00492
-1.79200 0.00481 0.00481
-1.78800 0.00473 0.00473
-1.78400 0.00467 0.00467
-1.78000 0.00462 0.00462
-1.77600 0.00460 0.00460
-1.77200 0.00459 0.00459
-1.76800 0.00460 0.00460
-1.76400 0.00462 0.00462
-1.76000 0.00465 0.00465
-1.75600 0.00470 0.00470
-1.75200 0.00477 0.00477
-1.74800 0.00486 0.00486
-1.74400 0.00496 0.00496
-1.74000 0.00509 0.00509
-1.73600 0.00525 0.00525
-1.73200 0.00543 0.00543
-1.72800 0.00566 0.00566
-1.72400 0.00592 0.00592
-1.72000 0.00624 0.00624
-1.71600 0.00661 0.00661
-1.71200 0.00703 0.00703
-1.70800 0.00749 0.00749
-1.70400 0.00796 0.00796
-1.70000 0.00843 0.00843
-1.69600 0.00892 0.00892
-1.69200 0.00948 0.00948
-1.68800 0.01020 0.01020
-1.68400 0.01114 0.01114
-1.68000 0.01238 0.01238
-1.67600 0.01399 0.01399
-1.67200 0.01605 0.01605
-1.66800 0.01864 0.01864
-1.66400 0.02174 0.02174
-1.66000 0.02515 0.02515
-1.65600 0.02832 0.02832
-1.65200 0.03038 0.03038
-1.64800 0.03057 0.03057
-1.64400 0.02884 0.02884
-1.64000 0.02587 0.02587
-1.63600 0.02257 0.02257
-1.63200 0.01952 0.01952
-1.62800 0.01696 0.01696
-1.62400 0.01494 0.01494
-1.62000 0.01337 0.01337
-1.61600 0.01217 0.01217
-1.61200 0.01126 0.01126
-1.60800 0.01057 0.01057
-1.60400 0.01004 0.01004
-1.60000 0.00966 0.00966
-1.59600 0.00939 0.00939
-1.59200 0.00923 0.00923
-1.58800 0.00918 0.00918
-1.58400 0.00921 0.00921
-1.58000 0.00934 0.00934
-1.57600 0.00956 0.00956
-1.57200 0.00987 0.00987
-1.56800 0.01026 0.01026
-1.56400 0.01076 0.01076
-1.56000 0.01139 0.01139
-1.55600 0.01216 0.01216
-1.55200 0.01307 0.01307
-1.54800 0.01410 0.01410
-1.54400 0.01518 0.01518
-1.54000 0.01628 0.01628
-1.53600 0.01742 0.01742
-1.53200 0.01875 0.01875
-1.52800 0.02043 0.02043
-1.52400 0.02265 0.02265
-1.52000 0.02559 0.02559
-1.51600 0.02944 0.02944
-1.51200 0.03441 0.03441
-1.50800 0.04070 0.04070
-1.50400 0.04835 0.04835
-1.50000 0.05697 0.05697
-1.49600 0.06537 0.06537
-1.49200 0.07146 0.07146
-1.48800 0.07302 0.07302
-1.48400 0.06939 0.06939
-1.48000 0.06204 0.06204
-1.47600 0.05330 0.05330
-1.47200 0.04493 0.04493
-1.46800 0.03775 0.03775
-1.46400 0.03191 0.03191
-1.46000 0.02728 0.02728
-1.45600 0.02365 0.02365
-1.45200 0.02080 0.02080
-1.44800 0.01857 0.01857
-1.44400 0.01680 0.01680
-1.44000 0.01539 0.01539
-1.43600 0.01424 0.01424
-1.43200 0.01330 0.01330
-1.42800 0.01251 0.01251
-1.42400 0.01183 0.01183
-1.42000 0.01124 0.01124
-1.41600 0.01074 0.01074
-1.41200 0.01032 0.01032
-1.40800 0.00998 0.00998
-1.40400 0.00971 0.00971
-1.40000 0.00950 0.00950
-1.39600 0.00935 0.00935
-1.39200 0.00925 0.00925
-1.38800 0.00921 0.00921
-1.38400 0.00920 0.00920
-1.38000 0.00925 0.00925
-1.37600 0.00935 0.00935
-1.37200 0.00950 0.00950
-1.36800 0.00971 0.00971
-1.36400 0.00999 0.00999
-1.36000 0.01035 0.01035
-1.35600 0.01079 0.01079
-1.35200 0.01132 0.01132
-1.34800 0.01192 0.01192
-1.34400 0.01254 0.01254
-1.34000 0.01315 0.01315
-1.33600 0.01371 0.01371
-1.33200 0.01426 0.01426
-1.32800 0.01491 0.01491
-1.32400 0.01575 0.01575
-1.32000 0.01687 0.01687
-1.31600 0.01835 0.01835
-1.31200 0.02030 0.02030
-1.30800 0.02282 0.02282
-1.30400 0.02607 0.02607
-1.30000 0.03020 0.03020
-1.29600 0.03531 0.03531
-1.29200 0.04133 0.04133
-1.28800 0.04777 0.04777
-1.28400 0.05347 0.05347
-1.28000 0.05682 0.05682
-1.27600 0.05660 0.05660
-1.27200 0.05296 0.05296
-1.26800 0.04723 0.04723
-1.26400 0.04096 0.04096
-1.26000 0.03518 0.03518
-1.25600 0.03033 0.03033
-1.25200 0.02645 0.02645
-1.24800 0.02344 0.02344
-1.24400 0.02112 0.02112
-1.24000 0.01937 0.01937
-1.23600 0.01806 0.01806
-1.23200 0.01707 0.01707
-1.22800 0.01629 0.01629
-1.22400 0.01563 0.01563
-1.22000 0.01503 0.01503
-1.21600 0.01450 0.01450
-1.21200 0.01405 0.01405
-1.20800 0.01368 0.01368
-1.20400 0.01340 0.01340
-1.20000 0.01321 0.01321
-1.19600 0.01312 0.01312
-1.19200 0.01311 0.01311
-1.18800 0.01317 0.01317
-1.18400 0.01326 0.01326
-1.18000 0.01335 0.01335
-1.17600 0.01343 0.01343
-1.17200 0.01350 0.01350
-1.16800 0.01359 0.01359
-1.16400 0.01375 0.01375
-1.16000 0.01397 0.01397
-1.15600 0.01427 0.01427
-1.15200 0.01465 0.01465
-1.14800 0.01512 0.01512
-1.14400 0.01568 0.01568
-1.14000 0.01634 0.01634
-1.13600 0.01711 0.01711
-1.13200 0.01801 0.01801
-1.12800 0.01905 0.01905
-1.12400 0.02028 0.02028
-1.12000 0.02172 0.02172
-1.11600 0.02343 0.02343
-1.11200 0.02545 0.02545
-1.10800 0.02787 0.02787
-1.10400 0.03079 0.03079
-1.10000 0.03434 0.03434
-1.09600 0.03871 0.03871
-1.09200 0.04414 0.04414
-1.08800 0.05092 0.05092
-1.08400 0.05948 0.05948
-1.08000 0.07029 0.07029
-1.07600 0.08387 0.08387
-1.07200 0.10058 0.10058
-1.06800 0.12015 0.12015
-1.06400 0.14087 0.14087
-1.06000 0.15884 0.15884
-1.05600 0.16859 0.16859
-1.05200 0.16630 0.16630
-1.04800 0.15299 0.15299
-1.04400 0.13362 0.13362
-1.04000 0.11328 0.11328
-1.03600 0.09499 0.09499
-1.03200 0.07979 0.07979
-1.02800 0.06762 0.06762
-1.02400 0.05804 0.05804
-1.02000 0.05053 0.05053
-1.01600 0.04464 0.04464
-1.01200 0.03999 0.03999
-1.00800 0.03632 0.03632
-1.00400 0.03341 0.03341
-1.00000 0.03111 0.03111
-0.99600 0.02929 0.02929
-0.99200 0.02788 0.02788
-0.98800 0.02682 0.02682
-0.98400 0.02605 0.02605
-0.98000 0.02556 0.02556
-0.97600 0.02532 0.02532
-0.97200 0.02532 0.02532
-0.96800 0.02556 0.02556
-0.96400 0.02603 0.02603
-0.96000 0.02670 0.02670
-0.95600 0.02754 0.02754
-0.95200 0.02855 0.02855
-0.94800 0.02978 0.02978
-0.94400 0.03136 0.03136
-0.94000 0.03344 0.03344
-0.93600 0.03617 0.03617
-0.93200 0.03974 0.03974
-0.92800 0.04439 0.04439
-0.92400 0.05039 0.05039
-0.92000 0.05802 0.05802
-0.91600 0.06746 0.06746
-0.91200 0.07854 0.07854
-0.90800 0.09022 0.09022
-0.90400 0.10029 0.10029
-0.90000 0.10570 0.10570
-0.89600 0.10436 0.10436
-0.89200 0.09685 0.09685
-0.88800 0.08587 0.08587
-0.88400 0.07427 0.07427
-0.88000 0.06378 0.06378
-0.87600 0.05504 0.05504
-0.87200 0.04804 0.04804
-0.86800 0.04253 0.04253
-0.86400 0.03822 0.03822
-0.86000 0.03484 0.03484
-0.85600 0.03219 0.03219
-0.85200 0.03010 0.03010
-0.84800 0.02845 0.02845
-0.84400 0.02715 0.02715
-0.84000 0.02612 0.02612
-0.83600 0.02532 0.02532
-0.83200 0.02470 0.02470
-0.82800 0.02424 0.02424
-0.82400 0.02391 0.02391
-0.82000 0.02369 0.02369
-0.81600 0.02358 0.02358
-0.81200 0.02355 0.02355
-0.80800 0.02360 0.02360
-0.80400 0.02373 0.02373
-0.80000 0.02392 0.02392
-0.79600 0.02419 0.02419
-0.79200 0.02453 0.02453
-0.78800 0.02494 0.02494
-0.78400 0.02541 0.02541
-0.78000 0.02596 0.02596
-0.77600 0.02659 0.02659
-0.77200 0.02731 0.02731
-0.76800 0.02811 0.02811
-0.76400 0.02901 0.02901
-0.76000 0.03003 0.03003
-0.75600 0.03117 0.03117
-0.75200 0.03245 0.03245
-0.74800 0.03389 0.03389
-0.74400 0.03553 0.03553
-0.74000 0.03737 0.03737
-0.73600 0.03948 0.03948
-0.73200 0.04189 0.04189
-0.72800 0.04465 0.04465
-0.72400 0.04786 0.04786
-0.72000 0.05159 0.05159
-0.71600 0.05597 0.05597
-0.71200 0.06117 0.06117
-0.70800 0.06737 0.06737
-0.70400 0.07485 0.07485
-0.70000 0.08396 0.08396
-0.69600 0.09518 0.09518
-0.69200 0.10912 0.10912
-0.68800 0.12658 0.12658
-0.68400 0.14859 0.14859
-0.68000 0.17629 0.17629
-0.67600 0.21069 0.21069
-0.67200 0.25196 0.25196
-0.66800 0.29791 0.29791
-0.66400 0.34203 0.34203
-0.66000 0.37315 0.37315
-0.65600 0.38021 0.38021
-0.65200 0.36061 0.36061
-0.64800 0.32260 0.32260
-0.64400 0.27829 0.27829
-0.64000 0.23648 0.23648
-0.63600 0.20111 0.20111
-0.63200 0.17287 0.17287
-0.62800 0.15105 0.15105
-0.62400 0.13457 0.13457
-0.62000 0.12244 0.12244
-0.61600 0.11386 0.11386
-0.61200 0.10830 0.10830
-0.60800 0.10540 0.10540
-0.60400 0.10503 0.10503
-0.60000 0.10721 0.10721
-0.59600 0.11213 0.11213
-0.59200 0.12008 0.12008
-0.58800 0.13131 0.13131
-0.58400 0.14577 0.14577
-0.58000 0.16238 0.16238
-0.57600 0.17836 0.17836
-0.57200 0.18909 0.18909
-0.56800 0.19020 0.19020
-0.56400 0.18084 0.18084
-0.56000 0.16440 0.16440
-0.55600 0.14571 0.14571
-0.55200 0.12820 0.12820
-0.54800 0.11338 0.11338
-0.54400 0.10147 0.10147
-0.54000 0.09215 0.09215
-0.53600 0.08496 0.08496
-0.53200 0.07945 0.07945
-0.52800 0.07526 0.07526
-0.52400 0.07212 0.07212
-0.52000 0.06981 0.06981
-0.51600 0.06817 0.06817
-0.51200 0.06708 0.06708
-0.50800 0.06647 0.06647
-0.50400 0.06626 0.06626
-0.50000 0.06641 0.06641
-0.49600 0.06688 0.06688
-0.49200 0.06766 0.06766
-0.48800 0.06873 0.06873
-0.48400 0.07008 0.07008
-0.48000 0.07173 0.07173
-0.47600 0.07367 0.07367
-0.47200 0.07593 0.07593
-0.46800 0.07853 0.07853
-0.46400 0.08149 0.08149
-0.46000 0.08487 0.08487
-0.45600 0.08870 0.08870
-0.45200 0.09306 0.09306
-0.44800 0.09803 0.09803
-0.44400 0.10370 0.10370
-0.44000 0.11021 0.11021
-0.43600 0.11771 0.11771
-0.43200 0.12641 0.12641
-0.42800 0.13658 0.13658
-0.42400 0.14854 0.14854
-0.42000 0.16274 0.16274
-0.41600 0.17977 0.17977
-0.41200 0.20038 0.20038
-0.40800 0.22560 0.22560
-0.40400 0.25676 0.25676
-0.40000 0.29560 0.29560
-0.39600 0.34428 0.34428
-0.39200 0.40526 0.40526
-0.38800 0.48066 0.48066
-0.38400 0.57071 0.57071
-0.38000 0.67050 0.67050
-0.37600 0.76592 0.76592
-0.37200 0.83335 0.83335
-0.36800 0.85044 0.85044
-0.36400 0.81344 0.81344
-0.36000 0.74088 0.74088
-0.35600 0.65826 0.65826
-0.35200 0.58344 0.58344
-0.34800 0.52361 0.52361
-0.34400 0.47838 0.47838
-0.34000 0.44332 0.44332
-0.33600 0.41305 0.41305
-0.33200 0.38413 0.38413
-0.32800 0.35633 0.35633
-0.32400 0.33138 0.33138
-0.32000 0.31088 0.31088
-0.31600 0.29546 0.29546
-0.31200 0.28496 0.28496
-0.30800 0.27886 0.27886
-0.30400 0.27663 0.27663
-0.30000 0.27783 0.27783
-0.29600 0.28215 0.28215
-0.29200 0.28938 0.28938
-0.28800 0.29948 0.29948
-0.28400 0.31246 0.31246
-0.28000 0.32848 0.32848
-0.27600 0.34778 0.34778
-0.27200 0.37070 0.37070
-0.26800 0.39774 0.39774
-0.26400 0.42950 0.42950
-0.26000 0.46681 0.46681
-0.25600 0.51070 0.51070
-0.25200 0.56250 0.56250
-0.24800 0.62390 0.62390
-0.24400 0.69713 0.69713
-0.24000 0.78505 0.78505
-0.23600 0.89145 0.89145
-0.23200 1.02128 1.02128
-0.22800 1.18116 1.18116
-0.22400 1.37984 1.37984
-0.22000 1.62887 1.62887
-0.21600 1.94318 1.94318
-0.21200 2.34112 2.34112
-0.20800 2.84273 2.84273
-0.20400 3.46347 3.46347
-0.20000 4.19845 4.19845
-0.19600 4.99302 4.99302
-0.19200 5.71048 5.71048
-0.18800 6.14400 6.14400
-0.18400 6.12583 6.12583
-0.18000 5.66365 5.66365
-0.17600 4.93356 4.93356
-0.17200 4.13966 4.13966
-0.16800 3.41196 3.41196
-0.16400 2.80012 2.80012
-0.16000 2.30666 2.30666
-0.15600 1.91538 1.91538
-0.15200 1.60621 1.60621
-0.14800 1.36104 1.36104
-0.14400 1.16518 1.16518
-0.14000 1.00731 1.00731
-0.13600 0.87885 0.87885
-0.13200 0.77332 0.77332
-0.12800 0.68583 0.68583
-0.12400 0.61266 0.61266
-0.12000 0.55099 0.55099
-0.11600 0.49861 0.49861
-0.11200 0.45383 0.45383
-0.10800 0.41529 0.41529
-0.10400 0.38195 0.38195
-0.10000 0.35295 0.35295
-0.09600 0.32760 0.32760
-0.09200 0.30536 0.30536
-0.08800 0.28578 0.28578
-0.08400 0.26847 0.26847
-0.08000 0.25313 0.25313
-0.07600 0.23951 0.23951
-0.07200 0.22740 0.22740
-0.06800 0.21660 0.21660
-0.06400 0.20697 0.20697
-0.06000 0.19838 0.19838
-0.05600 0.19072 0.19072
-0.05200 0.18389 0.18389
-0.04800 0.17783 0.17783
-0.04400 0.17245 0.17245
-0.04000 0.16770 0.16770
-0.03600 0.16354 0.16354
-0.03200 0.15991 0.15991
-0.02800 0.15678 0.15678
-0.02400 0.15413 0.15413
-0.02000 0.15193 0.15193
-0.01600 0.15016 0.15016
-0.01200 0.14879 0.14879
-0.00800 0.14783 0.14783
-0.00400 0.14726 0.14726
0.00000 0.14707 0.14707
0.00400 0.14727 0.14727
0.00800 0.14785 0.14785
0.01200 0.14882 0.14882
0.01600 0.15020 0.15020
0.02000 0.15198 0.15198
0.02400 0.15420 0.15420
0.02800 0.15686 0.15686
0.03200 0.16000 0.16000
0.03600 0.16365 0.16365
0.04000 0.16783 0.16783
0.04400 0.17260 0.17260
0.04800 0.17800 0.17800
0.05200 0.18410 0.18410
0.05600 0.19095 0.19095
0.06000 0.19865 0.19865
0.06400 0.20728 0.20728
0.06800 0.21696 0.21696
0.07200 0.22782 0.22782
0.07600 0.24001 0.24001
0.08000 0.25371 0.25371
0.08400 0.26914 0.26914
0.08800 0.28656 0.28656
0.09200 0.30629 0.30629
0.09600 0.32870 0.32870
0.10000 0.35426 0.35426
0.10400 0.38352 0.38352
0.10800 0.41718 0.41718
0.11200 0.45611 0.45611
0.11600 0.50139 0.50139
0.12000 0.55439 0.55439
0.12400 0.61686 0.61686
0.12800 0.69105 0.69105
0.13200 0.77987 0.77987
0.13600 0.88714 0.88714
0.14000 1.01788 1.01788
0.14400 1.17876 1.17876
0.14800 1.37861 1.37861
0.15200 1.62908 1.62908
0.15600 1.94516 1.94516
0.16000 2.34517 2.34517
0.16400 2.84888 2.84888
0.16800 3.47072 3.47072
0.17200 4.20339 4.20339
0.17600 4.98791 4.98791
0.18000 5.68285 5.68285
0.18400 6.08213 6.08213
0.18800 6.02931 6.02931
0.19200 5.54697 5.54697
0.19600 4.81622 4.81622
0.20000 4.03518 4.03518
0.20400 3.32558 3.32558
0.20800 2.73174 2.73174
0.21200 2.25401 2.25401
0.21600 1.87576 1.87576
0.22000 1.57726 1.57726
0.22400 1.34087 1.34087
0.22800 1.15241 1.15241
0.23200 1.00098 1.00098
0.23600 0.87831 0.87831
0.24000 0.77822 0.77822
0.24400 0.69605 0.69605
0.24800 0.62831 0.62831
0.25200 0.57236 0.57236
0.25600 0.52621 0.52621
0.26000 0.48842 0.48842
0.26400 0.45790 0.45790
0.26800 0.43394 0.43394
0.27200 0.41612 0.41612
0.27600 0.40429 0.40429
0.28000 0.39856 0.39856
0.28400 0.39926 0.39926
0.28800 0.40687 0.40687
0.29200 0.42178 0.42178
0.29600 0.44397 0.44397
0.30000 0.47276 0.47276
0.30400 0.50732 0.50732
0.30800 0.54796 0.54796
0.31200 0.59656 0.59656
0.31600 0.65409 0.65409
0.32000 0.71567 0.71567
0.32400 0.76686 0.76686
0.32800 0.78687 0.78687
0.33200 0.76190 0.76190
0.33600 0.69711 0.69711
0.34000 0.61191 0.61191
0.34400 0.52532 0.52532
0.34800 0.44813 0.44813
0.35200 0.38374 0.38374
0.35600 0.33165 0.33165
0.36000 0.28996 0.28996
0.36400 0.25660 0.25660
0.36800 0.22976 0.22976
0.37200 0.20801 0.20801
0.37600 0.19027 0.19027
0.38000 0.17571 0.17571
0.38400 0.16372 0.16372
0.38800 0.15383 0.15383
0.39200 0.14572 0.14572
0.39600 0.13915 0.13915
0.40000 0.13396 0.13396
0.40400 0.13006 0.13006
0.40800 0.12741 0.12741
0.41200 0.12605 0.12605
0.41600 0.12606 0.12606
0.42000 0.12762 0.12762
0.42400 0.13099 0.13099
0.42800 0.13652 0.13652
0.43200 0.14461 0.14461
0.43600 0.15564 0.15564
0.44000 0.16973 0.16973
0.44400 0.18621 0.18621
0.44800 0.20310 0.20310
0.45200 0.21696 0.21696
0.45600 0.22386 0.22386
0.46000 0.22124 0.22124
0.46400 0.20953 0.20953
0.46800 0.19217 0.19217
0.47200 0.17343 0.17343
0.47600 0.15639 0.15639
0.48000 0.14240 0.14240
0.48400 0.13170 0.13170
0.48800 0.12401 0.12401
0.49200 0.11896 0.11896
0.49600 0.11626 0.11626
0.50000 0.11569 0.11569
0.50400 0.11722 0.11722
0.50800 0.12089 0.12089
0.51200 0.12696 0.12696
0.51600 0.13578 0.13578
0.52000 0.14796 0.14796
0.52400 0.16429 0.16429
0.52800 0.18583 0.18583
0.53200 0.21382 0.21382
0.53600 0.24939 0.24939
0.54000 0.29283 0.29283
0.54400 0.34202 0.34202
0.54800 0.39014 0.39014
0.55200 0.42503 0.42503
0.55600 0.43383 0.43383
0.56000 0.41243 0.41243
0.56400 0.36912 0.36912
0.56800 0.31747 0.31747
0.57200 0.26786 0.26786
0.57600 0.22510 0.22510
0.58000 0.19019 0.19019
0.58400 0.16234 0.16234
0.58800 0.14030 0.14030
0.59200 0.12284 0.12284
0.59600 0.10892 0.10892
0.60000 0.09776 0.09776
0.60400 0.08874 0.08874
0.60800 0.08142 0.08142
0.61200 0.07545 0.07545
0.61600 0.07058 0.07058
0.62000 0.06663 0.06663
0.62400 0.06346 0.06346
0.62800 0.06097 0.06097
0.63200 0.05911 0.05911
0.63600 0.05783 0.05783
0.64000 0.05714 0.05714
0.64400 0.05705 0.05705
0.64800 0.05762 0.05762
0.65200 0.05894 0.05894
0.65600 0.06114 0.06114
0.66000 0.06441 0.06441
0.66400 0.06901 0.06901
0.66800 0.07526 0.07526
0.67200 0.08351 0.08351
0.67600 0.09402 0.09402
0.68000 0.10669 0.10669
0.68400 0.12062 0.12062
0.68800 0.13361 0.13361
0.69200 0.14250 0.14250
0.69600 0.14452 0.14452
0.70000 0.13885 0.13885
0.70400 0.12708 0.12708
0.70800 0.11225 0.11225
0.71200 0.09725 0.09725
0.71600 0.08383 0.08383
0.72000 0.07261 0.07261
0.72400 0.06353 0.06353
0.72800 0.05626 0.05626
0.73200 0.05045 0.05045
0.73600 0.04577 0.04577
0.74000 0.04199 0.04199
0.74400 0.03889 0.03889
0.74800 0.03634 0.03634
0.75200 0.03421 0.03421
0.75600 0.03243 0.03243
0.76000 0.03092 0.03092
0.76400 0.02964 0.02964
0.76800 0.02855 0.02855
0.77200 0.02762 0.02762
0.77600 0.02683 0.02683
0.78000 0.02615 0.02615
0.78400 0.02559 0.02559
0.78800 0.02511 0.02511
0.79200 0.02473 0.02473
0.79600 0.02443 0.02443
0.80000 0.02420 0.02420
0.80400 0.02405 0.02405
0.80800 0.02397 0.02397
0.81200 0.02397 0.02397
0.81600 0.02405 0.02405
0.82000 0.02421 0.02421
0.82400 0.02445 0.02445
0.82800 0.02480 0.02480
0.83200 0.02524 0.02524
0.83600 0.02581 0.02581
0.84000 0.02651 0.02651
0.84400 0.02737 0.02737
0.84800 0.02841 0.02841
0.85200 0.02966 0.02966
0.85600 0.03117 0.03117
0.86000 0.03300 0.03300
0.86400 0.03521 0.03521
0.86800 0.03790 0.03790
0.87200 0.04119 0.04119
0.87600 0.04522 0.04522
0.88000 0.05022 0.05022
0.88400 0.05646 0.05646
0.88800 0.06428 0.06428
0.89200 0.07414 0.07414
0.89600 0.08654 0.08654
0.90000 0.10198 0.10198
0.90400 0.12075 0.12075
0.90800 0.14262 0.14262
0.91200 0.16627 0.16627
0.91600 0.18854 0.18854
0.92000 0.20411 0.20411
0.92400 0.20752 0.20752
0.92800 0.19727 0.19727
0.93200 0.17729 0.17729
0.93600 0.15367 0.15367
0.94000 0.13098 0.13098
0.94400 0.11141 0.11141
0.94800 0.09552 0.09552
0.95200 0.08308 0.08308
0.95600 0.07359 0.07359
0.96000 0.06658 0.06658
0.96400 0.06164 0.06164
0.96800 0.05849 0.05849
0.97200 0.05699 0.05699
0.97600 0.05707 0.05707
0.98000 0.05878 0.05878
0.98400 0.06225 0.06225
0.98800 0.06758 0.06758
0.99200 0.07469 0.07469
0.99600 0.08298 0.08298
1.00000 0.09097 0.09097
1.00400 0.09631 0.09631
1.00800 0.09682 0.09682
1.01200 0.09194 0.09194
1.01600 0.08309 0.08309
1.02000 0.07259 0.07259
1.02400 0.06234 0.06234
1.02800 0.05336 0.05336
1.03200 0.04592 0.04592
1.03600 0.03990 0.03990
1.04000 0.03507 0.03507
1.04400 0.03120 0.03120
1.04800 0.02806 0.02806
1.05200 0.02549 0.02549
1.05600 0.02337 0.02337
1.06000 0.02161 0.02161
1.06400 0.02012 0.02012
1.06800 0.01886 0.01886
1.07200 0.01778 0.01778
1.07600 0.01685 0.01685
1.08000 0.01605 0.01605
1.08400 0.01535 0.01535
1.08800 0.01474 0.01474
1.09200 0.01421 0.01421
1.09600 0.01374 0.01374
1.10000 0.01333 0.01333
1.10400 0.01295 0.01295
1.10800 0.01260 0.01260
1.11200 0.01226 0.01226
1.11600 0.01194 0.01194
1.12000 0.01164 0.01164
1.12400 0.01138 0.01138
1.12800 0.01115 0.01115
1.13200 0.01094 0.01094
1.13600 0.01074 0.01074
1.14000 0.01053 0.01053
1.14400 0.01033 0.01033
1.14800 0.01014 0.01014
1.15200 0.00995 0.00995
1.15600 0.00979 0.00979
1.16000 0.00965 0.00965
1.16400 0.00952 0.00952
1.16800 0.00941 0.00941
1.17200 0.00932 0.00932
1.17600 0.00924 0.00924
1.18000 0.00918 0.00918
1.18400 0.00913 0.00913
1.18800 0.00909 0.00909
1.19200 0.00906 0.00906
1.19600 0.00904 0.00904
1.20000 0.00904 0.00904
1.20400 0.00904 0.00904
1.20800 0.00905 0.00905
1.21200 0.00908 0.00908
1.21600 0.00913 0.00913
1.22000 0.00920 0.00920
1.22400 0.00929 0.00929
1.22800 0.00941 0.00941
1.23200 0.00956 0.00956
1.23600 0.00975 0.00975
1.24000 0.00998 0.00998
1.24400 0.01027 0.01027
1.24800 0.01061 0.01061
1.25200 0.01099 0.01099
1.25600 0.01140 0.01140
1.26000 0.01179 0.01179
1.26400 0.01212 0.01212
1.26800 0.01238 0.01238
1.27200 0.01261 0.01261
1.27600 0.01288 0.01288
1.28000 0.01324 0.01324
1.28400 0.01371 0.01371
1.28800 0.01434 0.01434
1.29200 0.01512 0.01512
1.29600 0.01609 0.01609
1.30000 0.01728 0.01728
1.30400 0.01869 0.01869
1.30800 0.02035 0.02035
1.31200 0.02224 0.02224
1.31600 0.02440 0.02440
1.32000 0.02692 0.02692
1.32400 0.02995 0.02995
1.32800 0.03375 0.03375
1.33200 0.03856 0.03856
1.33600 0.04461 0.04461
1.34000 0.05204 0.05204
1.34400 0.06080 0.06080
1.34800 0.07036 0.07036
1.35200 0.07976 0.07976
1.35600 0.08811 0.08811
1.36000 0.09535 0.09535
1.36400 0.10230 0.10230
1.36800 0.10936 0.10936
1.37200 0.11528 0.11528
1.37600 0.11728 0.11728
1.38000 0.11303 0.11303
1.38400 0.10281 0.10281
1.38800 0.08932 0.08932
1.39200 0.07551 0.07551
1.39600 0.06317 0.06317
1.40000 0.05290 0.05290
1.40400 0.04464 0.04464
1.40800 0.03811 0.03811
1.41200 0.03294 0.03294
1.41600 0.02887 0.02887
1.42000 0.02562 0.02562
1.42400 0.02301 0.02301
1.42800 0.02086 0.02086
1.43200 0.01902 0.01902
1.43600 0.01739 0.01739
1.44000 0.01594 0.01594
1.44400 0.01465 0.01465
1.44800 0.01353 0.01353
1.45200 0.01255 0.01255
1.45600 0.01171 0.01171
1.46000 0.01099 0.01099
1.46400 0.01036 0.01036
1.46800 0.00981 0.00981
1.47200 0.00933 0.00933
1.47600 0.00891 0.00891
1.48000 0.00853 0.00853
1.48400 0.00820 0.00820
1.48800 0.00791 0.00791
1.49200 0.00766 0.00766
1.49600 0.00743 0.00743
1.50000 0.00722 0.00722
1.50400 0.00702 0.00702
1.50800 0.00684 0.00684
1.51200 0.00666 0.00666
1.51600 0.00649 0.00649
1.52000 0.00633 0.00633
1.52400 0.00619 0.00619
1.52800 0.00606 0.00606
1.53200 0.00595 0.00595
1.53600 0.00584 0.00584
1.54000 0.00574 0.00574
1.54400 0.00566 0.00566
1.54800 0.00558 0.00558
1.55200 0.00551 0.00551
1.55600 0.00545 0.00545
1.56000 0.00539 0.00539
1.56400 0.00534 0.00534
1.56800 0.00529 0.00529
1.57200 0.00525 0.00525
1.57600 0.00522 0.00522
1.58000 0.00520 0.00520
1.58400 0.00518 0.00518
1.58800 0.00518 0.00518
1.59200 0.00519 0.00519
1.59600 0.00520 0.00520
1.60000 0.00523 0.00523
1.60400 0.00527 0.00527
1.60800 0.00533 0.00533
1.61200 0.00539 0.00539
1.61600 0.00548 0.00548
1.62000 0.00559 0.00559
1.62400 0.00571 0.00571
1.62800 0.00587 0.00587
1.63200 0.00606 0.00606
1.63600 0.00628 0.00628
1.64000 0.00656 0.00656
1.64400 0.00689 0.00689
1.64800 0.00731 0.00731
1.65200 0.00781 0.00781
1.65600 0.00845 0.00845
1.66000 0.00923 0.00923
1.66400 0.01022 0.01022
1.66800 0.01145 0.01145
1.67200 0.01300 0.01300
1.67600 0.01490 0.01490
1.68000 0.01719 0.01719
1.68400 0.01986 0.01986
1.68800 0.02277 0.02277
1.69200 0.02553 0.02553
1.69600 0.02746 0.02746
1.70000 0.02789 0.02789
1.70400 0.02660 0.02660
1.70800 0.02409 0.02409
1.71200 0.02113 0.02113
1.71600 0.01831 0.01831
1.72000 0.01592 0.01592
1.72400 0.01401 0.01401
1.72800 0.01253 0.01253
1.73200 0.01142 0.01142
1.73600 0.01061 0.01061
1.74000 0.01003 0.01003
1.74400 0.00966 0.00966
1.74800 0.00947 0.00947
1.75200 0.00945 0.00945
1.75600 0.00958 0.00958
1.76000 0.00989 0.00989
1.76400 0.01038 0.01038
1.76800 0.01109 0.01109
1.77200 0.01205 0.01205
1.77600 0.01329 0.01329
1.78000 0.01482 0.01482
1.78400 0.01657 0.01657
1.78800 0.01842 0.01842
1.79200 0.02019 0.02019
1.79600 0.02186 0.02186
1.80000 0.02363 0.02363
1.80400 0.02579 0.02579
1.80800 0.02845 0.02845
1.81200 0.03134 0.03134
1.81600 0.03371 0.03371
1.82000 0.03457 0.03457
1.82400 0.03333 0.03333
1.82800 0.03030 0.03030
1.83200 0.02641 0.02641
1.83600 0.02250 0.02250
1.84000 0.01906 0.01906
1.84400 0.01620 0.01620
1.84800 0.01392 0.01392
1.85200 0.01210 0.01210
1.85600 0.01067 0.01067
1.86000 0.00953 0.00953
1.86400 0.00863 0.00863
1.86800 0.00790 0.00790
1.87200 0.00732 0.00732
1.87600 0.00685 0.00685
1.88000 0.00647 0.00647
1.88400 0.00615 0.00615
1.88800 0.00589 0.00589
1.89200 0.00566 0.00566
1.89600 0.00548 0.00548
1.90000 0.00532 0.00532
1.90400 0.00518 0.00518
1.90800 0.00504 0.00504
1.91200 0.00491 0.00491
1.91600 0.00479 0.00479
1.92000 0.00471 0.00471
1.92400 0.00465 0.00465
1.92800 0.00462 0.00462
1.93200 0.00462 0.00462
1.93600 0.00466 0.00466
1.94000 0.00474 0.00474
1.94400 0.00487 0.00487
1.94800 0.00506 0.00506
1.95200 0.00533 0.00533
1.95600 0.00569 0.00569
1.96000 0.00616 0.00616
1.96400 0.00679 0.00679
1.96800 0.00759 0.00759
1.97200 0.00859 0.00859
1.97600 0.00976 0.00976
1.98000 0.01101 0.01101
1.98400 0.01209 0.01209
1.98800 0.01265 0.01265
1.99200 0.01249 0.01249
1.99600 0.01165 0.01165
2.00000 0.01044 0.01044
