-2.00000 0.04587 0.04587
-1.99600 0.04030 0.04030
-1.99200 0.03416 0.03416
-1.98800 0.02850 0.02850
-1.98400 0.02372 0.02372
-1.98000 0.01986 0.01986
-1.97600 0.01680 0.01680
-1.97200 0.01438 0.01438
-1.96800 0.01247 0.01247
-1.96400 0.01094 0.01094
-1.96000 0.00971 0.00971
-1.95600 0.00871 0.00871
-1.95200 0.00789 0.00789
-1.94800 0.00722 0.00722
-1.94400 0.00665 0.00665
-1.94000 0.00618 0.00618
-1.93600 0.00578 0.00578
-1.93200 0.00544 0.00544
-1.92800 0.00515 0.00515
-1.92400 0.00490 0.00490
-1.92000 0.00468 0.00468
-1.91600 0.00449 0.00449
-1.91200 0.00433 0.00433
-1.90800 0.00419 0.00419
-1.90400 0.00406 0.00406
-1.90000 0.00395 0.00395
-1.89600 0.00386 0.00386
-1.89200 0.00377 0.00377
-1.88800 0.00370 0.00370
-1.88400 0.00363 0.00363
-1.88000 0.00358 0.00358
-1.87600 0.00353 0.00353
-1.87200 0.00348 0.00348
-1.86800 0.00345 0.00345
-1.86400 0.00342 0.00342
-1.86000 0.00339 0.00339
-1.85600 0.00337 0.00337
-1.85200 0.00335 0.00335
-1.84800 0.00334 0.00334
-1.84400 0.00333 0.00333
-1.84000 0.00333 0.00333
-1.83600 0.00333 0.00333
-1.83200 0.00334 0.00334
-1.82800 0.00335 0.00335
-1.82400 0.00337 0.00337
-1.82000 0.00339 0.00339
-1.81600 0.00342 0.00342
-1.81200 0.00346 0.00346
-1.80800 0.00349 0.00349
-1.80400 0.00353 0.00353
-1.80000 0.00357 0.00357
-1.79600 0.00361 0.00361
-1.79200 0.00367 0.00367
-1.78800 0.00374 0.00374
-1.78400 0.00382 0.00382
-1.78000 0.00393 0.00393
-1.77600 0.00403 0.00403
-1.77200 0.00412 0.00412
-1.76800 0.00418 0.00418
-1.76400 0.00419 0.00419
-1.76000 0.00418 0.00418
-1.75600 0.00414 0.00414
-1.75200 0.00411 0.00411
-1.74800 0.00408 0.00408
-1.74400 0.00406 0.00406
-1.74000 0.00403 0.00403
-1.73600 0.00401 0.00401
-1.73200 0.00400 0.00400
-1.72800 0.00400 0.00400
-1.72400 0.00402 0.00402
-1.72000 0.00404 0.00404
-1.71600 0.00407 0.00407
-1.71200 0.00410 0.00410
-1.70800 0.00415 0.00415
-1.70400 0.00420 0.00420
-1.70000 0.00425 0.00425
-1.69600 0.00431 0.00431
-1.69200 0.00438 0.00438
-1.68800 0.00446 0.00446
-1.68400 0.00454 0.00454
-1.68000 0.00463 0.00463
-1.67600 0.00472 0.00472
-1.67200 0.00483 0.00483
-1.66800 0.00494 0.00494
-1.66400 0.00506 0.00506
-1.66000 0.00519 0.00519
-1.65600 0.00533 0.00533
-1.65200 0.00548 0.00548
-1.64800 0.00564 0.00564
-1.64400 0.00582 0.00582
-1.64000 0.00601 0.00601
-1.63600 0.00622 0.00622
-1.63200 0.00645 0.00645
-1.62800 0.00670 0.00670
-1.62400 0.00698 0.00698
-1.62000 0.00729 0.00729
-1.61600 0.00764 0.00764
-1.61200 0.00802 0.00802
-1.60800 0.00845 0.00845
-1.60400 0.00893 0.00893
-1.60000 0.00947 0.00947
-1.59600 0.01009 0.01009
-1.59200 0.01079 0.01079
-1.58800 0.01159 0.01159
-1.58400 0.01250 0.01250
-1.58000 0.01357 0.01357
-1.57600 0.01482 0.01482
-1.57200 0.01630 0.01630
-1.56800 0.01806 0.01806
-1.56400 0.02017 0.02017
-1.56000 0.02274 0.02274
-1.55600 0.02588 0.02588
-1.55200 0.02977 0.02977
-1.54800 0.03463 0.03463
-1.54400 0.04073 0.04073
-1.54000 0.04844 0.04844
-1.53600 0.05812 0.05812
-1.53200 0.07007 0.07007
-1.52800 0.08422 0.08422
-1.52400 0.09965 0.09965
-1.52000 0.11412 0.11412
-1.51600 0.12427 0.12427
-1.51200 0.12709 0.12709
-1.50800 0.12168 0.12168
-1.50400 0.10978 0.10978
-1.50000 0.09473 0.09473
-1.49600 0.07959 0.07959
-1.49200 0.06616 0.06616
-1.48800 0.05502 0.05502
-1.48400 0.04607 0.04607
-1.48000 0.03898 0.03898
-1.47600 0.03336 0.03336
-1.47200 0.02889 0.02889
-1.46800 0.02531 0.02531
-1.46400 0.02242 0.02242
-1.46000 0.02006 0.02006
-1.45600 0.01811 0.01811
-1.45200 0.01649 0.01649
-1.44800 0.01514 0.01514
-1.44400 0.01400 0.01400
-1.44000 0.01303 0.01303
-1.43600 0.01220 0.01220
-1.43200 0.01149 0.01149
-1.42800 0.01087 0.01087
-1.42400 0.01034 0.01034
-1.42000 0.00987 0.00987
-1.41600 0.00946 0.00946
-1.41200 0.00911 0.00911
-1.40800 0.00879 0.00879
-1.40400 0.00852 0.00852
-1.40000 0.00827 0.00827
-1.39600 0.00806 0.00806
-1.39200 0.00787 0.00787
-1.38800 0.00770 0.00770
-1.38400 0.00755 0.00755
-1.38000 0.00742 0.00742
-1.37600 0.00730 0.00730
-1.37200 0.00720 0.00720
-1.36800 0.00711 0.00711
-1.36400 0.00704 0.00704
-1.36000 0.00697 0.00697
-1.35600 0.00692 0.00692
-1.35200 0.00687 0.00687
-1.34800 0.00683 0.00683
-1.34400 0.00680 0.00680
-1.34000 0.00678 0.00678
-1.33600 0.00676 0.00676
-1.33200 0.00675 0.00675
-1.32800 0.00675 0.00675
-1.32400 0.00676 0.00676
-1.32000 0.00677 0.00677
-1.31600 0.00678 0.00678
-1.31200 0.00680 0.00680
-1.30800 0.00683 0.00683
-1.30400 0.00686 0.00686
-1.30000 0.00690 0.00690
-1.29600 0.00695 0.00695
-1.29200 0.00700 0.00700
-1.28800 0.00706 0.00706
-1.28400 0.00713 0.00713
-1.28000 0.00720 0.00720
-1.27600 0.00729 0.00729
-1.27200 0.00739 0.00739
-1.26800 0.00750 0.00750
-1.26400 0.00762 0.00762
-1.26000 0.00777 0.00777
-1.25600 0.00794 0.00794
-1.25200 0.00813 0.00813
-1.24800 0.00834 0.00834
-1.24400 0.00856 0.00856
-1.24000 0.00878 0.00878
-1.23600 0.00897 0.00897
-1.23200 0.00913 0.00913
-1.22800 0.00929 0.00929
-1.22400 0.00945 0.00945
-1.22000 0.00965 0.00965
-1.21600 0.00985 0.00985
-1.21200 0.01003 0.01003
-1.20800 0.01016 0.01016
-1.20400 0.01022 0.01022
-1.20000 0.01025 0.01025
-1.19600 0.01028 0.01028
-1.19200 0.01034 0.01034
-1.18800 0.01043 0.01043
-1.18400 0.01057 0.01057
-1.18000 0.01074 0.01074
-1.17600 0.01094 0.01094
-1.17200 0.01119 0.01119
-1.16800 0.01146 0.01146
-1.16400 0.01176 0.01176
-1.16000 0.01210 0.01210
-1.15600 0.01248 0.01248
-1.15200 0.01289 0.01289
-1.14800 0.01334 0.01334
-1.14400 0.01384 0.01384
-1.14000 0.01439 0.01439
-1.13600 0.01500 0.01500
-1.13200 0.01567 0.01567
-1.12800 0.01641 0.01641
-1.12400 0.01724 0.01724
-1.12000 0.01816 0.01816
-1.11600 0.01919 0.01919
-1.11200 0.02035 0.02035
-1.10800 0.02167 0.02167
-1.10400 0.02316 0.02316
-1.10000 0.02487 0.02487
-1.09600 0.02684 0.02684
-1.09200 0.02912 0.02912
-1.08800 0.03178 0.03178
-1.08400 0.03491 0.03491
-1.08000 0.03862 0.03862
-1.07600 0.04305 0.04305
-1.07200 0.04840 0.04840
-1.06800 0.05493 0.05493
-1.06400 0.06297 0.06297
-1.06000 0.07296 0.07296
-1.05600 0.08546 0.08546
-1.05200 0.10119 0.10119
-1.04800 0.12091 0.12091
-1.04400 0.14525 0.14525
-1.04000 0.17418 0.17418
-1.03600 0.20603 0.20603
-1.03200 0.23663 0.23663
-1.02800 0.25998 0.25998
-1.02400 0.27147 0.27147
-1.02000 0.27068 0.27068
-1.01600 0.25972 0.25972
-1.01200 0.24033 0.24033
-1.00800 0.21431 0.21431
-1.00400 0.18499 0.18499
-1.00000 0.15632 0.15632
-0.99600 0.13096 0.13096
-0.99200 0.10983 0.10983
-0.98800 0.09278 0.09278
-0.98400 0.07918 0.07918
-0.98000 0.06836 0.06836
-0.97600 0.05970 0.05970
-0.97200 0.05273 0.05273
-0.96800 0.04706 0.04706
-0.96400 0.04242 0.04242
-0.96000 0.03858 0.03858
-0.95600 0.03538 0.03538
-0.95200 0.03270 0.03270
-0.94800 0.03042 0.03042
-0.94400 0.02849 0.02849
-0.94000 0.02684 0.02684
-0.93600 0.02542 0.02542
-0.93200 0.02420 0.02420
-0.92800 0.02313 0.02313
-0.92400 0.02221 0.02221
-0.92000 0.02141 0.02141
-0.91600 0.02071 0.02071
-0.91200 0.02011 0.02011
-0.90800 0.01958 0.01958
-0.90400 0.01911 0.01911
-0.90000 0.01871 0.01871
-0.89600 0.01836 0.01836
-0.89200 0.01806 0.01806
-0.88800 0.01780 0.01780
-0.88400 0.01758 0.01758
-0.88000 0.01739 0.01739
-0.87600 0.01724 0.01724
-0.87200 0.01712 0.01712
-0.86800 0.01702 0.01702
-0.86400 0.01694 0.01694
-0.86000 0.01689 0.01689
-0.85600 0.01687 0.01687
-0.85200 0.01686 0.01686
-0.84800 0.01687 0.01687
-0.84400 0.01690 0.01690
-0.84000 0.01694 0.01694
-0.83600 0.01700 0.01700
-0.83200 0.01708 0.01708
-0.82800 0.01718 0.01718
-0.82400 0.01729 0.01729
-0.82000 0.01741 0.01741
-0.81600 0.01755 0.01755
-0.81200 0.01771 0.01771
-0.80800 0.01788 0.01788
-0.80400 0.01806 0.01806
-0.80000 0.01826 0.01826
-0.79600 0.01847 0.01847
-0.79200 0.01870 0.01870
-0.78800 0.01895 0.01895
-0.78400 0.01921 0.01921
-0.78000 0.01949 0.01949
-0.77600 0.01978 0.01978
-0.77200 0.02010 0.02010
-0.76800 0.02043 0.02043
-0.76400 0.02078 0.02078
-0.76000 0.02115 0.02115
-0.75600 0.02155 0.02155
-0.75200 0.02196 0.02196
-0.74800 0.02241 0.02241
-0.74400 0.02287 0.02287
-0.74000 0.02337 0.02337
-0.73600 0.02389 0.02389
-0.73200 0.02444 0.02444
-0.72800 0.02503 0.02503
-0.72400 0.02565 0.02565
-0.72000 0.02632 0.02632
-0.71600 0.02702 0.02702
-0.71200 0.02777 0.02777
-0.70800 0.02857 0.02857
-0.70400 0.02942 0.02942
-0.70000 0.03033 0.03033
-0.69600 0.03131 0.03131
-0.69200 0.03236 0.03236
-0.68800 0.03348 0.03348
-0.68400 0.03470 0.03470
-0.68000 0.03601 0.03601
-0.67600 0.03743 0.03743
-0.67200 0.03897 0.03897
-0.66800 0.04064 0.04064
-0.66400 0.04247 0.04247
-0.66000 0.04446 0.04446
-0.65600 0.04666 0.04666
-0.65200 0.04908 0.04908
-0.64800 0.05176 0.05176
-0.64400 0.05473 0.05473
-0.64000 0.05805 0.05805
-0.63600 0.06177 0.06177
-0.63200 0.06596 0.06596
-0.62800 0.07070 0.07070
-0.62400 0.07611 0.07611
-0.62000 0.08232 0.08232
-0.61600 0.08948 0.08948
-0.61200 0.09781 0.09781
-0.60800 0.10758 0.10758
-0.60400 0.11912 0.11912
-0.60000 0.13289 0.13289
-0.59600 0.14948 0.14948
-0.59200 0.16967 0.16967
-0.58800 0.19447 0.19447
-0.58400 0.22525 0.22525
-0.58000 0.26376 0.26376
-0.57600 0.31223 0.31223
-0.57200 0.37319 0.37319
-0.56800 0.44893 0.44893
-0.56400 0.54000 0.54000
-0.56000 0.64205 0.64205
-0.55600 0.74159 0.74159
-0.55200 0.81506 0.81506
-0.54800 0.83879 0.83879
-0.54400 0.80703 0.80703
-0.54000 0.73760 0.73760
-0.53600 0.65721 0.65721
-0.53200 0.58559 0.58559
-0.52800 0.53131 0.53131
-0.52400 0.49421 0.49421
-0.52000 0.46829 0.46829
-0.51600 0.44409 0.44409
-0.51200 0.41319 0.41319
-0.50800 0.37333 0.37333
-0.50400 0.32870 0.32870
-0.50000 0.28529 0.28529
-0.49600 0.24695 0.24695
-0.49200 0.21493 0.21493
-0.48800 0.18892 0.18892
-0.48400 0.16801 0.16801
-0.48000 0.15122 0.15122
-0.47600 0.13770 0.13770
-0.47200 0.12676 0.12676
-0.46800 0.11787 0.11787
-0.46400 0.11060 0.11060
-0.46000 0.10466 0.10466
-0.45600 0.09978 0.09978
-0.45200 0.09580 0.09580
-0.44800 0.09255 0.09255
-0.44400 0.08993 0.08993
-0.44000 0.08785 0.08785
-0.43600 0.08624 0.08624
-0.43200 0.08504 0.08504
-0.42800 0.08420 0.08420
-0.42400 0.08368 0.08368
-0.42000 0.08347 0.08347
-0.41600 0.08353 0.08353
-0.41200 0.08385 0.08385
-0.40800 0.08442 0.08442
-0.40400 0.08522 0.08522
-0.40000 0.08625 0.08625
-0.39600 0.08751 0.08751
-0.39200 0.08899 0.08899
-0.38800 0.09069 0.09069
-0.38400 0.09262 0.09262
-0.38000 0.09479 0.09479
-0.37600 0.09720 0.09720
-0.37200 0.09986 0.09986
-0.36800 0.10279 0.10279
-0.36400 0.10600 0.10600
-0.36000 0.10951 0.10951
-0.35600 0.11333 0.11333
-0.35200 0.11750 0.11750
-0.34800 0.12205 0.12205
-0.34400 0.12699 0.12699
-0.34000 0.13238 0.13238
-0.33600 0.13825 0.13825
-0.33200 0.14466 0.14466
-0.32800 0.15165 0.15165
-0.32400 0.15929 0.15929
-0.32000 0.16766 0.16766
-0.31600 0.17684 0.17684
-0.31200 0.18693 0.18693
-0.30800 0.19805 0.19805
-0.30400 0.21033 0.21033
-0.30000 0.22394 0.22394
-0.29600 0.23905 0.23905
-0.29200 0.25590 0.25590
-0.28800 0.27474 0.27474
-0.28400 0.29590 0.29590
-0.28000 0.31975 0.31975
-0.27600 0.34677 0.34677
-0.27200 0.37752 0.37752
-0.26800 0.41269 0.41269
-0.26400 0.45316 0.45316
-0.26000 0.50001 0.50001
-0.25600 0.55460 0.55460
-0.25200 0.61866 0.61866
-0.24800 0.69442 0.69442
-0.24400 0.78475 0.78475
-0.24000 0.89342 0.89342
-0.23600 1.02535 1.02535
-0.23200 1.18708 1.18708
-0.22800 1.38729 1.38729
-0.22400 1.63744 1.63744
-0.22000 1.95241 1.95241
-0.21600 2.35082 2.35082
-0.21200 2.85376 2.85376
-0.20800 3.47971 3.47971
-0.20400 4.23074 4.23074
-0.20000 5.06483 5.06483
-0.19600 5.85961 5.85961
-0.19200 6.40772 6.40772
-0.18800 6.50763 6.50763
-0.18400 6.11726 6.11726
-0.18000 5.39200 5.39200
-0.17600 4.55401 4.55401
-0.17200 3.76243 3.76243
-0.16800 3.08677 3.08677
-0.16400 2.53806 2.53806
-0.16000 2.10195 2.10195
-0.15600 1.75739 1.75739
-0.15200 1.48452 1.48452
-0.14800 1.26698 1.26698
-0.14400 1.09204 1.09204
-0.14000 0.95002 0.95002
-0.13600 0.83362 0.83362
-0.13200 0.73733 0.73733
-0.12800 0.65698 0.65698
-0.12400 0.58938 0.58938
-0.12000 0.53207 0.53207
-0.11600 0.48315 0.48315
-0.11200 0.44111 0.44111
-0.10800 0.40479 0.40479
-0.10400 0.37322 0.37322
-0.10000 0.34567 0.34567
-0.09600 0.32151 0.32151
-0.09200 0.30025 0.30025
-0.08800 0.28146 0.28146
-0.08400 0.26482 0.26482
-0.08000 0.25004 0.25004
-0.07600 0.23689 0.23689
-0.07200 0.22516 0.22516
-0.06800 0.21469 0.21469
-0.06400 0.20534 0.20534
-0.06000 0.19698 0.19698
-0.05600 0.18952 0.18952
-0.05200 0.18286 0.18286
-0.04800 0.17694 0.17694
-0.04400 0.17168 0.17168
-0.04000 0.16703 0.16703
-0.03600 0.16295 0.16295
-0.03200 0.15940 0.15940
-0.02800 0.15633 0.15633
-0.02400 0.15373 0.15373
-0.02000 0.15156 0.15156
-0.01600 0.14982 0.14982
-0.01200 0.14847 0.14847
-0.00800 0.14752 0.14752
-0.00400 0.14695 0.14695
0.00000 0.14676 0.14676
0.00400 0.14695 0.14695
0.00800 0.14752 0.14752
0.01200 0.14847 0.14847
0.01600 0.14981 0.14981
0.02000 0.15155 0.15155
0.02400 0.15371 0.15371
0.02800 0.15631 0.15631
0.03200 0.15938 0.15938
0.03600 0.16293 0.16293
0.04000 0.16701 0.16701
0.04400 0.17165 0.17165
0.04800 0.17690 0.17690
0.05200 0.18282 0.18282
0.05600 0.18947 0.18947
0.06000 0.19693 0.19693
0.06400 0.20528 0.20528
0.06800 0.21462 0.21462
0.07200 0.22509 0.22509
0.07600 0.23680 0.23680
0.08000 0.24995 0.24995
0.08400 0.26471 0.26471
0.08800 0.28134 0.28134
0.09200 0.30010 0.30010
0.09600 0.32134 0.32134
0.10000 0.34548 0.34548
0.10400 0.37300 0.37300
0.10800 0.40452 0.40452
0.11200 0.44080 0.44080
0.11600 0.48278 0.48278
0.12000 0.53164 0.53164
0.12400 0.58887 0.58887
0.12800 0.65636 0.65636
0.13200 0.73658 0.73658
0.13600 0.83270 0.83270
0.14000 0.94889 0.94889
0.14400 1.09063 1.09063
0.14800 1.26521 1.26521
0.15200 1.48228 1.48228
0.15600 1.75453 1.75453
0.16000 2.09829 2.09829
0.16400 2.53340 2.53340
0.16800 3.08092 3.08092
0.17200 3.75537 3.75537
0.17600 4.54617 4.54617
0.18000 5.38468 5.38468
0.18400 6.11276 6.11276
0.18800 6.50834 6.50834
0.19200 6.41424 6.41424
0.19600 5.87010 5.87010
0.20000 5.07654 5.07654
0.20400 4.24169 4.24169
0.20800 3.48904 3.48904
0.21200 2.86135 2.86135
0.21600 2.35688 2.35688
0.22000 1.95724 1.95724
0.22400 1.64128 1.64128
0.22800 1.39038 1.39038
0.23200 1.18958 1.18958
0.23600 1.02739 1.02739
0.24000 0.89510 0.89510
0.24400 0.78616 0.78616
0.24800 0.69560 0.69560
0.25200 0.61966 0.61966
0.25600 0.55545 0.55545
0.26000 0.50074 0.50074
0.26400 0.45379 0.45379
0.26800 0.41323 0.41323
0.27200 0.37798 0.37798
0.27600 0.34718 0.34718
0.28000 0.32011 0.32011
0.28400 0.29620 0.29620
0.28800 0.27501 0.27501
0.29200 0.25613 0.25613
0.29600 0.23925 0.23925
0.30000 0.22411 0.22411
0.30400 0.21048 0.21048
0.30800 0.19818 0.19818
0.31200 0.18704 0.18704
0.31600 0.17693 0.17693
0.32000 0.16773 0.16773
0.32400 0.15934 0.15934
0.32800 0.15168 0.15168
0.33200 0.14468 0.14468
0.33600 0.13826 0.13826
0.34000 0.13237 0.13237
0.34400 0.12697 0.12697
0.34800 0.12201 0.12201
0.35200 0.11745 0.11745
0.35600 0.11326 0.11326
0.36000 0.10942 0.10942
0.36400 0.10590 0.10590
0.36800 0.10268 0.10268
0.37200 0.09973 0.09973
0.37600 0.09705 0.09705
0.38000 0.09462 0.09462
0.38400 0.09244 0.09244
0.38800 0.09048 0.09048
0.39200 0.08875 0.08875
0.39600 0.08725 0.08725
0.40000 0.08596 0.08596
0.40400 0.08490 0.08490
0.40800 0.08407 0.08407
0.41200 0.08346 0.08346
0.41600 0.08310 0.08310
0.42000 0.08299 0.08299
0.42400 0.08315 0.08315
0.42800 0.08360 0.08360
0.43200 0.08437 0.08437
0.43600 0.08549 0.08549
0.44000 0.08702 0.08702
0.44400 0.08899 0.08899
0.44800 0.09148 0.09148
0.45200 0.09458 0.09458
0.45600 0.09839 0.09839
0.46000 0.10306 0.10306
0.46400 0.10875 0.10875
0.46800 0.11571 0.11571
0.47200 0.12423 0.12423
0.47600 0.13471 0.13471
0.48000 0.14765 0.14765
0.48400 0.16372 0.16372
0.48800 0.18374 0.18374
0.49200 0.20865 0.20865
0.49600 0.23937 0.23937
0.50000 0.27629 0.27629
0.50400 0.31837 0.31837
0.50800 0.36204 0.36204
0.51200 0.40133 0.40133
0.51600 0.43140 0.43140
0.52000 0.45345 0.45345
0.52400 0.47528 0.47528
0.52800 0.50653 0.50653
0.53200 0.55414 0.55414
0.53600 0.62021 0.62021
0.54000 0.69978 0.69978
0.54400 0.77762 0.77762
0.54800 0.82858 0.82858
0.55200 0.82886 0.82886
0.55600 0.77395 0.77395
0.56000 0.68223 0.68223
0.56400 0.57927 0.57927
0.56800 0.48302 0.48302
0.57200 0.40110 0.40110
0.57600 0.33450 0.33450
0.58000 0.28138 0.28138
0.58400 0.23920 0.23920
0.58800 0.20559 0.20559
0.59200 0.17860 0.17860
0.59600 0.15674 0.15674
0.60000 0.13884 0.13884
0.60400 0.12404 0.12404
0.60800 0.11168 0.11168
0.61200 0.10126 0.10126
0.61600 0.09241 0.09241
0.62000 0.08482 0.08482
0.62400 0.07827 0.07827
0.62800 0.07257 0.07257
0.63200 0.06758 0.06758
0.63600 0.06319 0.06319
0.64000 0.05930 0.05930
0.64400 0.05584 0.05584
0.64800 0.05274 0.05274
0.65200 0.04996 0.04996
0.65600 0.04745 0.04745
0.66000 0.04517 0.04517
0.66400 0.04310 0.04310
0.66800 0.04121 0.04121
0.67200 0.03949 0.03949
0.67600 0.03790 0.03790
0.68000 0.03644 0.03644
0.68400 0.03509 0.03509
0.68800 0.03384 0.03384
0.69200 0.03269 0.03269
0.69600 0.03161 0.03161
0.70000 0.03061 0.03061
0.70400 0.02967 0.02967
0.70800 0.02880 0.02880
0.71200 0.02798 0.02798
0.71600 0.02722 0.02722
0.72000 0.02650 0.02650
0.72400 0.02582 0.02582
0.72800 0.02518 0.02518
0.73200 0.02458 0.02458
0.73600 0.02402 0.02402
0.74000 0.02348 0.02348
0.74400 0.02298 0.02298
0.74800 0.02250 0.02250
0.75200 0.02205 0.02205
0.75600 0.02163 0.02163
0.76000 0.02122 0.02122
0.76400 0.02084 0.02084
0.76800 0.02048 0.02048
0.77200 0.02015 0.02015
0.77600 0.01982 0.01982
0.78000 0.01952 0.01952
0.78400 0.01924 0.01924
0.78800 0.01897 0.01897
0.79200 0.01872 0.01872
0.79600 0.01848 0.01848
0.80000 0.01826 0.01826
0.80400 0.01805 0.01805
0.80800 0.01786 0.01786
0.81200 0.01769 0.01769
0.81600 0.01753 0.01753
0.82000 0.01738 0.01738
0.82400 0.01725 0.01725
0.82800 0.01713 0.01713
0.83200 0.01703 0.01703
0.83600 0.01694 0.01694
0.84000 0.01687 0.01687
0.84400 0.01681 0.01681
0.84800 0.01678 0.01678
0.85200 0.01675 0.01675
0.85600 0.01675 0.01675
0.86000 0.01677 0.01677
0.86400 0.01681 0.01681
0.86800 0.01687 0.01687
0.87200 0.01695 0.01695
0.87600 0.01706 0.01706
0.88000 0.01719 0.01719
0.88400 0.01736 0.01736
0.88800 0.01755 0.01755
0.89200 0.01779 0.01779
0.89600 0.01806 0.01806
0.90000 0.01838 0.01838
0.90400 0.01875 0.01875
0.90800 0.01917 0.01917
0.91200 0.01965 0.01965
0.91600 0.02021 0.02021
0.92000 0.02085 0.02085
0.92400 0.02158 0.02158
0.92800 0.02242 0.02242
0.93200 0.02338 0.02338
0.93600 0.02449 0.02449
0.94000 0.02578 0.02578
0.94400 0.02727 0.02727
0.94800 0.02901 0.02901
0.95200 0.03105 0.03105
0.95600 0.03345 0.03345
0.96000 0.03629 0.03629
0.96400 0.03969 0.03969
0.96800 0.04377 0.04377
0.97200 0.04872 0.04872
0.97600 0.05478 0.05478
0.98000 0.06226 0.06226
0.98400 0.07157 0.07157
0.98800 0.08323 0.08323
0.99200 0.09791 0.09791
0.99600 0.11630 0.11630
1.00000 0.13899 0.13899
1.00400 0.16597 0.16597
1.00800 0.19591 0.19591
1.01200 0.22565 0.22565
1.01600 0.25088 0.25088
1.02000 0.26802 0.26802
1.02400 0.27477 0.27477
1.02800 0.26912 0.26912
1.03200 0.25043 0.25043
1.03600 0.22191 0.22191
1.04000 0.18957 0.18957
1.04400 0.15869 0.15869
1.04800 0.13197 0.13197
1.05200 0.11005 0.11005
1.05600 0.09249 0.09249
1.06000 0.07853 0.07853
1.06400 0.06741 0.06741
1.06800 0.05850 0.05850
1.07200 0.05129 0.05129
1.07600 0.04541 0.04541
1.08000 0.04057 0.04057
1.08400 0.03653 0.03653
1.08800 0.03314 0.03314
1.09200 0.03027 0.03027
1.09600 0.02782 0.02782
1.10000 0.02571 0.02571
1.10400 0.02388 0.02388
1.10800 0.02229 0.02229
1.11200 0.02089 0.02089
1.11600 0.01965 0.01965
1.12000 0.01856 0.01856
1.12400 0.01758 0.01758
1.12800 0.01671 0.01671
1.13200 0.01593 0.01593
1.13600 0.01522 0.01522
1.14000 0.01458 0.01458
1.14400 0.01400 0.01400
1.14800 0.01347 0.01347
1.15200 0.01299 0.01299
1.15600 0.01254 0.01254
1.16000 0.01214 0.01214
1.16400 0.01176 0.01176
1.16800 0.01142 0.01142
1.17200 0.01110 0.01110
1.17600 0.01081 0.01081
1.18000 0.01054 0.01054
1.18400 0.01029 0.01029
1.18800 0.01007 0.01007
1.19200 0.00986 0.00986
1.19600 0.00967 0.00967
1.20000 0.00950 0.00950
1.20400 0.00934 0.00934
1.20800 0.00921 0.00921
1.21200 0.00910 0.00910
1.21600 0.00902 0.00902
1.22000 0.00896 0.00896
1.22400 0.00893 0.00893
1.22800 0.00894 0.00894
1.23200 0.00898 0.00898
1.23600 0.00905 0.00905
1.24000 0.00912 0.00912
1.24400 0.00914 0.00914
1.24800 0.00908 0.00908
1.25200 0.00891 0.00891
1.25600 0.00868 0.00868
1.26000 0.00842 0.00842
1.26400 0.00816 0.00816
1.26800 0.00794 0.00794
1.27200 0.00775 0.00775
1.27600 0.00759 0.00759
1.28000 0.00746 0.00746
1.28400 0.00735 0.00735
1.28800 0.00725 0.00725
1.29200 0.00717 0.00717
1.29600 0.00711 0.00711
1.30000 0.00706 0.00706
1.30400 0.00701 0.00701
1.30800 0.00698 0.00698
1.31200 0.00696 0.00696
1.31600 0.00694 0.00694
1.32000 0.00694 0.00694
1.32400 0.00694 0.00694
1.32800 0.00696 0.00696
1.33200 0.00698 0.00698
1.33600 0.00703 0.00703
1.34000 0.00708 0.00708
1.34400 0.00716 0.00716
1.34800 0.00726 0.00726
1.35200 0.00739 0.00739
1.35600 0.00755 0.00755
1.36000 0.00775 0.00775
1.36400 0.00799 0.00799
1.36800 0.00826 0.00826
1.37200 0.00854 0.00854
1.37600 0.00879 0.00879
1.38000 0.00894 0.00894
1.38400 0.00899 0.00899
1.38800 0.00896 0.00896
1.39200 0.00891 0.00891
1.39600 0.00889 0.00889
1.40000 0.00892 0.00892
1.40400 0.00901 0.00901
1.40800 0.00916 0.00916
1.41200 0.00936 0.00936
1.41600 0.00963 0.00963
1.42000 0.00995 0.00995
1.42400 0.01035 0.01035
1.42800 0.01081 0.01081
1.43200 0.01136 0.01136
1.43600 0.01200 0.01200
1.44000 0.01275 0.01275
1.44400 0.01364 0.01364
1.44800 0.01468 0.01468
1.45200 0.01592 0.01592
1.45600 0.01740 0.01740
1.46000 0.01919 0.01919
1.46400 0.02135 0.02135
1.46800 0.02399 0.02399
1.47200 0.02724 0.02724
1.47600 0.03130 0.03130
1.48000 0.03638 0.03638
1.48400 0.04279 0.04279
1.48800 0.05090 0.05090
1.49200 0.06104 0.06104
1.49600 0.07345 0.07345
1.50000 0.08782 0.08782
1.50400 0.10289 0.10289
1.50800 0.11606 0.11606
1.51200 0.12409 0.12409
1.51600 0.12458 0.12458
1.52000 0.11738 0.11738
1.52400 0.10462 0.10462
1.52800 0.08957 0.08957
1.53200 0.07495 0.07495
1.53600 0.06221 0.06221
1.54000 0.05173 0.05173
1.54400 0.04333 0.04333
1.54800 0.03667 0.03667
1.55200 0.03138 0.03138
1.55600 0.02716 0.02716
1.56000 0.02376 0.02376
1.56400 0.02099 0.02099
1.56800 0.01872 0.01872
1.57200 0.01683 0.01683
1.57600 0.01526 0.01526
1.58000 0.01392 0.01392
1.58400 0.01279 0.01279
1.58800 0.01182 0.01182
1.59200 0.01098 0.01098
1.59600 0.01025 0.01025
1.60000 0.00961 0.00961
1.60400 0.00905 0.00905
1.60800 0.00855 0.00855
1.61200 0.00811 0.00811
1.61600 0.00772 0.00772
1.62000 0.00736 0.00736
1.62400 0.00704 0.00704
1.62800 0.00676 0.00676
1.63200 0.00650 0.00650
1.63600 0.00626 0.00626
1.64000 0.00604 0.00604
1.64400 0.00584 0.00584
1.64800 0.00566 0.00566
1.65200 0.00549 0.00549
1.65600 0.00534 0.00534
1.66000 0.00519 0.00519
1.66400 0.00506 0.00506
1.66800 0.00494 0.00494
1.67200 0.00483 0.00483
1.67600 0.00472 0.00472
1.68000 0.00462 0.00462
1.68400 0.00453 0.00453
1.68800 0.00445 0.00445
1.69200 0.00437 0.00437
1.69600 0.00430 0.00430
1.70000 0.00423 0.00423
1.70400 0.00417 0.00417
1.70800 0.00411 0.00411
1.71200 0.00405 0.00405
1.71600 0.00399 0.00399
1.72000 0.00394 0.00394
1.72400 0.00390 0.00390
1.72800 0.00386 0.00386
1.73200 0.00382 0.00382
1.73600 0.00379 0.00379
1.74000 0.00376 0.00376
1.74400 0.00374 0.00374
1.74800 0.00371 0.00371
1.75200 0.00368 0.00368
1.75600 0.00366 0.00366
1.76000 0.00363 0.00363
1.76400 0.00362 0.00362
1.76800 0.00361 0.00361
1.77200 0.00361 0.00361
1.77600 0.00362 0.00362
1.78000 0.00363 0.00363
1.78400 0.00365 0.00365
1.78800 0.00367 0.00367
1.79200 0.00368 0.00368
1.79600 0.00368 0.00368
1.80000 0.00367 0.00367
1.80400 0.00365 0.00365
1.80800 0.00361 0.00361
1.81200 0.00355 0.00355
1.81600 0.00350 0.00350
1.82000 0.00345 0.00345
1.82400 0.00342 0.00342
1.82800 0.00339 0.00339
1.83200 0.00337 0.00337
1.83600 0.00336 0.00336
1.84000 0.00336 0.00336
1.84400 0.00336 0.00336
1.84800 0.00337 0.00337
1.85200 0.00338 0.00338
1.85600 0.00340 0.00340
1.86000 0.00343 0.00343
1.86400 0.00346 0.00346
1.86800 0.00351 0.00351
1.87200 0.00356 0.00356
1.87600 0.00361 0.00361
1.88000 0.00368 0.00368
1.88400 0.00376 0.00376
1.88800 0.00384 0.00384
1.89200 0.00392 0.00392
1.89600 0.00400 0.00400
1.90000 0.00408 0.00408
1.90400 0.00418 0.00418
1.90800 0.00429 0.00429
1.91200 0.00443 0.00443
1.91600 0.00459 0.00459
1.92000 0.00477 0.00477
1.92400 0.00499 0.00499
1.92800 0.00524 0.00524
1.93200 0.00552 0.00552
1.93600 0.00585 0.00585
1.94000 0.00624 0.00624
1.94400 0.00671 0.00671
1.94800 0.00725 0.00725
1.95200 0.00791 0.00791
1.95600 0.00870 0.00870
1.96000 0.00966 0.00966
1.96400 0.01085 0.01085
1.96800 0.01233 0.01233
1.97200 0.01420 0.01420
1.97600 0.01655 0.01655
1.98000 0.01954 0.01954
1.98400 0.02331 0.02331
1.98800 0.02798 0.02798
1.99200 0.03355 0.03355
1.99600 0.03964 0.03964
2.00000 0.04528 0.04528
