-2.00000 0.00178 0.00178
-1.99600 0.00179 0.00179
-1.99200 0.00179 0.00179
-1.98800 0.00180 0.00180
-1.98400 0.00181 0.00181
-1.98000 0.00181 0.00181
-1.97600 0.00182 0.00182
-1.97200 0.00183 0.00183
-1.96800 0.00183 0.00183
-1.96400 0.00184 0.00184
-1.96000 0.00185 0.00185
-1.95600 0.00186 0.00186
-1.95200 0.00187 0.00187
-1.94800 0.00188 0.00188
-1.94400 0.00190 0.00190
-1.94000 0.00191 0.00191
-1.93600 0.00192 0.00192
-1.93200 0.00193 0.00193
-1.92800 0.00193 0.00193
-1.92400 0.00194 0.00194
-1.92000 0.00195 0.00195
-1.91600 0.00196 0.00196
-1.91200 0.00197 0.00197
-1.90800 0.00197 0.00197
-1.90400 0.00199 0.00199
-1.90000 0.00200 0.00200
-1.89600 0.00201 0.00201
-1.89200 0.00202 0.00202
-1.88800 0.00204 0.00204
-1.88400 0.00205 0.00205
-1.88000 0.00205 0.00205
-1.87600 0.00206 0.00206
-1.87200 0.00207 0.00207
-1.86800 0.00207 0.00207
-1.86400 0.00208 0.00208
-1.86000 0.00209 0.00209
-1.85600 0.00210 0.00210
-1.85200 0.00211 0.00211
-1.84800 0.00212 0.00212
-1.84400 0.00213 0.00213
-1.84000 0.00214 0.00214
-1.83600 0.00215 0.00215
-1.83200 0.00217 0.00217
-1.82800 0.00218 0.00218
-1.82400 0.00219 0.00219
-1.82000 0.00221 0.00221
-1.81600 0.00222 0.00222
-1.81200 0.00223 0.00223
-1.80800 0.00224 0.00224
-1.80400 0.00225 0.00225
-1.80000 0.00226 0.00226
-1.79600 0.00227 0.00227
-1.79200 0.00228 0.00228
-1.78800 0.00230 0.00230
-1.78400 0.00231 0.00231
-1.78000 0.00233 0.00233
-1.77600 0.00234 0.00234
-1.77200 0.00236 0.00236
-1.76800 0.00238 0.00238
-1.76400 0.00241 0.00241
-1.76000 0.00243 0.00243
-1.75600 0.00245 0.00245
-1.75200 0.00246 0.00246
-1.74800 0.00247 0.00247
-1.74400 0.00248 0.00248
-1.74000 0.00248 0.00248
-1.73600 0.00249 0.00249
-1.73200 0.00250 0.00250
-1.72800 0.00251 0.00251
-1.72400 0.00253 0.00253
-1.72000 0.00254 0.00254
-1.71600 0.00257 0.00257
-1.71200 0.00259 0.00259
-1.70800 0.00261 0.00261
-1.70400 0.00264 0.00264
-1.70000 0.00266 0.00266
-1.69600 0.00268 0.00268
-1.69200 0.00269 0.00269
-1.68800 0.00270 0.00270
-1.68400 0.00271 0.00271
-1.68000 0.00271 0.00271
-1.67600 0.00272 0.00272
-1.67200 0.00273 0.00273
-1.66800 0.00275 0.00275
-1.66400 0.00277 0.00277
-1.66000 0.00279 0.00279
-1.65600 0.00281 0.00281
-1.65200 0.00284 0.00284
-1.64800 0.00287 0.00287
-1.64400 0.00291 0.00291
-1.64000 0.00294 0.00294
-1.63600 0.00297 0.00297
-1.63200 0.00299 0.00299
-1.62800 0.00300 0.00300
-1.62400 0.00300 0.00300
-1.62000 0.00301 0.00301
-1.61600 0.00301 0.00301
-1.61200 0.00302 0.00302
-1.60800 0.00304 0.00304
-1.60400 0.00305 0.00305
-1.60000 0.00308 0.00308
-1.59600 0.00311 0.00311
-1.59200 0.00314 0.00314
-1.58800 0.00318 0.00318
-1.58400 0.00322 0.00322
-1.58000 0.00326 0.00326
-1.57600 0.00329 0.00329
-1.57200 0.00331 0.00331
-1.56800 0.00333 0.00333
-1.56400 0.00334 0.00334
-1.56000 0.00335 0.00335
-1.55600 0.00337 0.00337
-1.55200 0.00340 0.00340
-1.54800 0.00344 0.00344
-1.54400 0.00348 0.00348
-1.54000 0.00354 0.00354
-1.53600 0.00360 0.00360
-1.53200 0.00366 0.00366
-1.52800 0.00370 0.00370
-1.52400 0.00372 0.00372
-1.52000 0.00373 0.00373
-1.51600 0.00372 0.00372
-1.51200 0.00372 0.00372
-1.50800 0.00372 0.00372
-1.50400 0.00373 0.00373
-1.50000 0.00375 0.00375
-1.49600 0.00379 0.00379
-1.49200 0.00383 0.00383
-1.48800 0.00389 0.00389
-1.48400 0.00397 0.00397
-1.48000 0.00405 0.00405
-1.47600 0.00414 0.00414
-1.47200 0.00422 0.00422
-1.46800 0.00428 0.00428
-1.46400 0.00430 0.00430
-1.46000 0.00429 0.00429
-1.45600 0.00426 0.00426
-1.45200 0.00424 0.00424
-1.44800 0.00423 0.00423
-1.44400 0.00423 0.00423
-1.44000 0.00425 0.00425
-1.43600 0.00429 0.00429
-1.43200 0.00434 0.00434
-1.42800 0.00441 0.00441
-1.42400 0.00449 0.00449
-1.42000 0.00459 0.00459
-1.41600 0.00470 0.00470
-1.41200 0.00479 0.00479
-1.40800 0.00484 0.00484
-1.40400 0.00486 0.00486
-1.40000 0.00484 0.00484
-1.39600 0.00482 0.00482
-1.39200 0.00480 0.00480
-1.38800 0.00480 0.00480
-1.38400 0.00482 0.00482
-1.38000 0.00487 0.00487
-1.37600 0.00493 0.00493
-1.37200 0.00502 0.00502
-1.36800 0.00513 0.00513
-1.36400 0.00524 0.00524
-1.36000 0.00535 0.00535
-1.35600 0.00543 0.00543
-1.35200 0.00545 0.00545
-1.34800 0.00544 0.00544
-1.34400 0.00542 0.00542
-1.34000 0.00539 0.00539
-1.33600 0.00539 0.00539
-1.33200 0.00541 0.00541
-1.32800 0.00546 0.00546
-1.32400 0.00553 0.00553
-1.32000 0.00563 0.00563
-1.31600 0.00575 0.00575
-1.31200 0.00589 0.00589
-1.30800 0.00603 0.00603
-1.30400 0.00615 0.00615
-1.30000 0.00622 0.00622
-1.29600 0.00624 0.00624
-1.29200 0.00624 0.00624
-1.28800 0.00624 0.00624
-1.28400 0.00626 0.00626
-1.28000 0.00632 0.00632
-1.27600 0.00642 0.00642
-1.27200 0.00656 0.00656
-1.26800 0.00674 0.00674
-1.26400 0.00698 0.00698
-1.26000 0.00724 0.00724
-1.25600 0.00752 0.00752
-1.25200 0.00774 0.00774
-1.24800 0.00786 0.00786
-1.24400 0.00786 0.00786
-1.24000 0.00778 0.00778
-1.23600 0.00767 0.00767
-1.23200 0.00759 0.00759
-1.22800 0.00756 0.00756
-1.22400 0.00759 0.00759
-1.22000 0.00768 0.00768
-1.21600 0.00784 0.00784
-1.21200 0.00805 0.00805
-1.20800 0.00832 0.00832
-1.20400 0.00862 0.00862
-1.20000 0.00889 0.00889
-1.19600 0.00907 0.00907
-1.19200 0.00912 0.00912
-1.18800 0.00906 0.00906
-1.18400 0.00896 0.00896
-1.18000 0.00887 0.00887
-1.17600 0.00884 0.00884
-1.17200 0.00888 0.00888
-1.16800 0.00900 0.00900
-1.16400 0.00919 0.00919
-1.16000 0.00946 0.00946
-1.15600 0.00980 0.00980
-1.15200 0.01018 0.01018
-1.14800 0.01055 0.01055
-1.14400 0.01083 0.01083
-1.14000 0.01096 0.01096
-1.13600 0.01096 0.01096
-1.13200 0.01089 0.01089
-1.12800 0.01085 0.01085
-1.12400 0.01088 0.01088
-1.12000 0.01100 0.01100
-1.11600 0.01124 0.01124
-1.11200 0.01160 0.01160
-1.10800 0.01208 0.01208
-1.10400 0.01267 0.01267
-1.10000 0.01334 0.01334
-1.09600 0.01398 0.01398
-1.09200 0.01447 0.01447
-1.08800 0.01472 0.01472
-1.08400 0.01474 0.01474
-1.08000 0.01467 0.01467
-1.07600 0.01466 0.01466
-1.07200 0.01479 0.01479
-1.06800 0.01512 0.01512
-1.06400 0.01566 0.01566
-1.06000 0.01642 0.01642
-1.05600 0.01735 0.01735
-1.05200 0.01833 0.01833
-1.04800 0.01916 0.01916
-1.04400 0.01965 0.01965
-1.04000 0.01972 0.01972
-1.03600 0.01953 0.01953
-1.03200 0.01931 0.01931
-1.02800 0.01924 0.01924
-1.02400 0.01943 0.01943
-1.02000 0.01993 0.01993
-1.01600 0.02076 0.02076
-1.01200 0.02188 0.02188
-1.00800 0.02323 0.02323
-1.00400 0.02462 0.02462
-1.00000 0.02580 0.02580
-0.99600 0.02658 0.02658
-0.99200 0.02701 0.02701
-0.98800 0.02736 0.02736
-0.98400 0.02795 0.02795
-0.98000 0.02901 0.02901
-0.97600 0.03071 0.03071
-0.97200 0.03317 0.03317
-0.96800 0.03647 0.03647
-0.96400 0.04061 0.04061
-0.96000 0.04535 0.04535
-0.95600 0.05002 0.05002
-0.95200 0.05353 0.05353
-0.94800 0.05477 0.05477
-0.94400 0.05354 0.05354
-0.94000 0.05069 0.05069
-0.93600 0.04745 0.04745
-0.93200 0.04474 0.04474
-0.92800 0.04300 0.04300
-0.92400 0.04232 0.04232
-0.92000 0.04259 0.04259
-0.91600 0.04349 0.04349
-0.91200 0.04453 0.04453
-0.90800 0.04515 0.04515
-0.90400 0.04504 0.04504
-0.90000 0.04442 0.04442
-0.89600 0.04379 0.04379
-0.89200 0.04363 0.04363
-0.88800 0.04424 0.04424
-0.88400 0.04579 0.04579
-0.88000 0.04842 0.04842
-0.87600 0.05227 0.05227
-0.87200 0.05755 0.05755
-0.86800 0.06445 0.06445
-0.86400 0.07303 0.07303
-0.86000 0.08297 0.08297
-0.85600 0.09313 0.09313
-0.85200 0.10137 0.10137
-0.84800 0.10527 0.10527
-0.84400 0.10386 0.10386
-0.84000 0.09856 0.09856
-0.83600 0.09197 0.09197
-0.83200 0.08619 0.08619
-0.82800 0.08228 0.08228
-0.82400 0.08034 0.08034
-0.82000 0.07981 0.07981
-0.81600 0.07970 0.07970
-0.81200 0.07907 0.07907
-0.80800 0.07759 0.07759
-0.80400 0.07580 0.07580
-0.80000 0.07460 0.07460
-0.79600 0.07468 0.07468
-0.79200 0.07645 0.07645
-0.78800 0.08015 0.08015
-0.78400 0.08586 0.08586
-0.78000 0.09346 0.09346
-0.77600 0.10246 0.10246
-0.77200 0.11180 0.11180
-0.76800 0.12033 0.12033
-0.76400 0.12764 0.12764
-0.76000 0.13458 0.13458
-0.75600 0.14237 0.14237
-0.75200 0.15105 0.15105
-0.74800 0.15870 0.15870
-0.74400 0.16214 0.16214
-0.74000 0.15926 0.15926
-0.73600 0.15099 0.15099
-0.73200 0.14051 0.14051
-0.72800 0.13092 0.13092
-0.72400 0.12404 0.12404
-0.72000 0.12057 0.12057
-0.71600 0.12057 0.12057
-0.71200 0.12371 0.12371
-0.70800 0.12926 0.12926
-0.70400 0.13588 0.13588
-0.70000 0.14189 0.14189
-0.69600 0.14630 0.14630
-0.69200 0.14976 0.14976
-0.68800 0.15421 0.15421
-0.68400 0.16174 0.16174
-0.68000 0.17376 0.17376
-0.67600 0.19064 0.19064
-0.67200 0.21129 0.21129
-0.66800 0.23235 0.23235
-0.66400 0.24800 0.24800
-0.66000 0.25244 0.25244
-0.65600 0.24411 0.24411
-0.65200 0.22715 0.22715
-0.64800 0.20784 0.20784
-0.64400 0.19086 0.19086
-0.64000 0.17834 0.17834
-0.63600 0.17056 0.17056
-0.63200 0.16673 0.16673
-0.62800 0.16552 0.16552
-0.62400 0.16566 0.16566
-0.62000 0.16681 0.16681
-0.61600 0.16972 0.16972
-0.61200 0.17569 0.17569
-0.60800 0.18595 0.18595
-0.60400 0.20148 0.20148
-0.60000 0.22287 0.22287
-0.59600 0.25000 0.25000
-0.59200 0.28112 0.28112
-0.58800 0.31191 0.31191
-0.58400 0.33593 0.33593
-0.58000 0.34838 0.34838
-0.57600 0.35044 0.35044
-0.57200 0.34865 0.34865
-0.56800 0.34986 0.34986
-0.56400 0.35714 0.35714
-0.56000 0.36853 0.36853
-0.55600 0.37775 0.37775
-0.55200 0.37778 0.37778
-0.54800 0.36627 0.36627
-0.54400 0.34747 0.34747
-0.54000 0.32810 0.32810
-0.53600 0.31255 0.31255
-0.53200 0.30133 0.30133
-0.52800 0.29227 0.29227
-0.52400 0.28307 0.28307
-0.52000 0.27361 0.27361
-0.51600 0.26591 0.26591
-0.51200 0.26242 0.26242
-0.50800 0.26491 0.26491
-0.50400 0.27451 0.27451
-0.50000 0.29211 0.29211
-0.49600 0.31865 0.31865
-0.49200 0.35511 0.35511
-0.48800 0.40197 0.40197
-0.48400 0.45834 0.45834
-0.48000 0.52108 0.52108
-0.47600 0.58483 0.58483
-0.47200 0.64255 0.64255
-0.46800 0.68478 0.68478
-0.46400 0.70041 0.70041
-0.46000 0.68416 0.68416
-0.45600 0.64376 0.64376
-0.45200 0.59554 0.59554
-0.44800 0.55413 0.55413
-0.44400 0.52742 0.52742
-0.44000 0.51714 0.51714
-0.43600 0.52016 0.52016
-0.43200 0.52901 0.52901
-0.42800 0.53346 0.53346
-0.42400 0.52560 0.52560
-0.42000 0.50494 0.50494
-0.41600 0.47710 0.47710
-0.41200 0.44823 0.44823
-0.40800 0.42252 0.42252
-0.40400 0.40289 0.40289
-0.40000 0.39149 0.39149
-0.39600 0.38938 0.38938
-0.39200 0.39635 0.39635
-0.38800 0.41130 0.41130
-0.38400 0.43333 0.43333
-0.38000 0.46289 0.46289
-0.37600 0.50194 0.50194
-0.37200 0.55277 0.55277
-0.36800 0.61704 0.61704
-0.36400 0.69527 0.69527
-0.36000 0.78444 0.78444
-0.35600 0.87295 0.87295
-0.35200 0.93798 0.93798
-0.34800 0.95424 0.95424
-0.34400 0.91276 0.91276
-0.34000 0.82917 0.82917
-0.33600 0.73019 0.73019
-0.33200 0.63661 0.63661
-0.32800 0.55819 0.55819
-0.32400 0.49709 0.49709
-0.32000 0.45215 0.45215
-0.31600 0.42141 0.42141
-0.31200 0.40312 0.40312
-0.30800 0.39595 0.39595
-0.30400 0.39892 0.39892
-0.30000 0.41119 0.41119
-0.29600 0.43156 0.43156
-0.29200 0.45833 0.45833
-0.28800 0.49003 0.49003
-0.28400 0.52713 0.52713
-0.28000 0.57318 0.57318
-0.27600 0.63365 0.63365
-0.27200 0.71322 0.71322
-0.26800 0.81285 0.81285
-0.26400 0.92590 0.92590
-0.26000 1.03394 1.03394
-0.25600 1.10824 1.10824
-0.25200 1.12466 1.12466
-0.24800 1.08317 1.08317
-0.24400 1.00768 1.00768
-0.24000 0.92552 0.92552
-0.23600 0.85094 0.85094
-0.23200 0.78375 0.78375
-0.22800 0.71782 0.71782
-0.22400 0.65049 0.65049
-0.22000 0.58515 0.58515
-0.21600 0.52689 0.52689
-0.21200 0.47878 0.47878
-0.20800 0.44148 0.44148
-0.20400 0.41443 0.41443
-0.20000 0.39670 0.39670
-0.19600 0.38743 0.38743
-0.19200 0.38602 0.38602
-0.18800 0.39221 0.39221
-0.18400 0.40622 0.40622
-0.18000 0.42873 0.42873
-0.17600 0.46097 0.46097
-0.17200 0.50486 0.50486
-0.16800 0.56305 0.56305
-0.16400 0.63902 0.63902
-0.16000 0.73685 0.73685
-0.15600 0.86023 0.86023
-0.15200 1.00991 1.00991
-0.14800 1.17835 1.17835
-0.14400 1.34256 1.34256
-0.14000 1.46226 1.46226
-0.13600 1.49654 1.49654
-0.13200 1.43446 1.43446
-0.12800 1.30507 1.30507
-0.12400 1.15276 1.15276
-0.12000 1.01027 1.01027
-0.11600 0.89191 0.89191
-0.11200 0.79945 0.79945
-0.10800 0.72937 0.72937
-0.10400 0.67774 0.67774
-0.10000 0.64209 0.64209
-0.09600 0.62116 0.62116
-0.09200 0.61425 0.61425
-0.08800 0.62098 0.62098
-0.08400 0.64151 0.64151
-0.08000 0.67666 0.67666
-0.07600 0.72816 0.72816
-0.07200 0.79881 0.79881
-0.06800 0.89272 0.89272
-0.06400 1.01552 1.01552
-0.06000 1.17439 1.17439
-0.05600 1.37755 1.37755
-0.05200 1.63193 1.63193
-0.04800 1.93742 1.93742
-0.04400 2.27546 2.27546
-0.04000 2.59500 2.59500
-0.03600 2.81304 2.81304
-0.03200 2.85406 2.85406
-0.02800 2.70950 2.70950
-0.02400 2.44623 2.44623
-0.02000 2.15205 2.15205
-0.01600 1.88788 1.88788
-0.01200 1.68053 1.68053
-0.00800 1.53579 1.53579
-0.00400 1.45129 1.45129
0.00000 1.42358 1.42358
0.00400 1.45129 1.45129
0.00800 1.53579 1.53579
0.01200 1.68053 1.68053
0.01600 1.88788 1.88788
0.02000 2.15205 2.15205
0.02400 2.44623 2.44623
0.02800 2.70950 2.70950
0.03200 2.85406 2.85406
0.03600 2.81304 2.81304
0.04000 2.59500 2.59500
0.04400 2.27546 2.27546
0.04800 1.93742 1.93742
0.05200 1.63193 1.63193
0.05600 1.37755 1.37755
0.06000 1.17439 1.17439
0.06400 1.01552 1.01552
0.06800 0.89272 0.89272
0.07200 0.79882 0.79882
0.07600 0.72816 0.72816
0.08000 0.67666 0.67666
0.08400 0.64151 0.64151
0.08800 0.62099 0.62099
0.09200 0.61425 0.61425
0.09600 0.62116 0.62116
0.10000 0.64209 0.64209
0.10400 0.67774 0.67774
0.10800 0.72938 0.72938
0.11200 0.79946 0.79946
0.11600 0.89192 0.89192
0.12000 1.01028 1.01028
0.12400 1.15277 1.15277
0.12800 1.30508 1.30508
0.13200 1.43447 1.43447
0.13600 1.49655 1.49655
0.14000 1.46227 1.46227
0.14400 1.34257 1.34257
0.14800 1.17836 1.17836
0.15200 1.00991 1.00991
0.15600 0.86023 0.86023
0.16000 0.73685 0.73685
0.16400 0.63903 0.63903
0.16800 0.56305 0.56305
0.17200 0.50486 0.50486
0.17600 0.46098 0.46098
0.18000 0.42873 0.42873
0.18400 0.40622 0.40622
0.18800 0.39221 0.39221
0.19200 0.38602 0.38602
0.19600 0.38744 0.38744
0.20000 0.39671 0.39671
0.20400 0.41443 0.41443
0.20800 0.44148 0.44148
0.21200 0.47878 0.47878
0.21600 0.52689 0.52689
0.22000 0.58515 0.58515
0.22400 0.65050 0.65050
0.22800 0.71782 0.71782
0.23200 0.78376 0.78376
0.23600 0.85094 0.85094
0.24000 0.92552 0.92552
0.24400 1.00768 1.00768
0.24800 1.08317 1.08317
0.25200 1.12466 1.12466
0.25600 1.10823 1.10823
0.26000 1.03393 1.03393
0.26400 0.92590 0.92590
0.26800 0.81285 0.81285
0.27200 0.71322 0.71322
0.27600 0.63365 0.63365
0.28000 0.57319 0.57319
0.28400 0.52713 0.52713
0.28800 0.49002 0.49002
0.29200 0.45832 0.45832
0.29600 0.43154 0.43154
0.30000 0.41118 0.41118
0.30400 0.39891 0.39891
0.30800 0.39594 0.39594
0.31200 0.40312 0.40312
0.31600 0.42141 0.42141
0.32000 0.45215 0.45215
0.32400 0.49710 0.49710
0.32800 0.55820 0.55820
0.33200 0.63663 0.63663
0.33600 0.73022 0.73022
0.34000 0.82919 0.82919
0.34400 0.91278 0.91278
0.34800 0.95425 0.95425
0.35200 0.93796 0.93796
0.35600 0.87291 0.87291
0.36000 0.78440 0.78440
0.36400 0.69525 0.69525
0.36800 0.61705 0.61705
0.37200 0.55279 0.55279
0.37600 0.50193 0.50193
0.38000 0.46285 0.46285
0.38400 0.43333 0.43333
0.38800 0.41138 0.41138
0.39200 0.39643 0.39643
0.39600 0.38938 0.38938
0.40000 0.39137 0.39137
0.40400 0.40275 0.40275
0.40800 0.42250 0.42250
0.41200 0.44838 0.44838
0.41600 0.47724 0.47724
0.42000 0.50487 0.50487
0.42400 0.52536 0.52536
0.42800 0.53330 0.53330
0.43200 0.52908 0.52908
0.43600 0.52038 0.52038
0.44000 0.51733 0.51733
0.44400 0.52748 0.52748
0.44800 0.55403 0.55403
0.45200 0.59536 0.59536
0.45600 0.64365 0.64365
0.46000 0.68428 0.68428
0.46400 0.70072 0.70072
0.46800 0.68501 0.68501
0.47200 0.64246 0.64246
0.47600 0.58451 0.58451
0.48000 0.52082 0.52082
0.48400 0.45827 0.45827
0.48800 0.40205 0.40205
0.49200 0.35524 0.35524
0.49600 0.31877 0.31877
0.50000 0.29216 0.29216
0.50400 0.27450 0.27450
0.50800 0.26485 0.26485
0.51200 0.26231 0.26231
0.51600 0.26580 0.26580
0.52000 0.27358 0.27358
0.52400 0.28318 0.28318
0.52800 0.29251 0.29251
0.53200 0.30158 0.30158
0.53600 0.31265 0.31265
0.54000 0.32797 0.32797
0.54400 0.34717 0.34717
0.54800 0.36599 0.36599
0.55200 0.37773 0.37773
0.55600 0.37799 0.37799
0.56000 0.36890 0.36890
0.56400 0.35742 0.35742
0.56800 0.34988 0.34988
0.57200 0.34842 0.34842
0.57600 0.35009 0.35009
0.58000 0.34811 0.34811
0.58400 0.33588 0.33588
0.58800 0.31207 0.31207
0.59200 0.28139 0.28139
0.59600 0.25024 0.25024
0.60000 0.22301 0.22301
0.60400 0.20148 0.20148
0.60800 0.18581 0.18581
0.61200 0.17544 0.17544
0.61600 0.16944 0.16944
0.62000 0.16662 0.16662
0.62400 0.16567 0.16567
0.62800 0.16575 0.16575
0.63200 0.16707 0.16707
0.63600 0.17084 0.17084
0.64000 0.17844 0.17844
0.64400 0.19073 0.19073
0.64800 0.20750 0.20750
0.65200 0.22672 0.22672
0.65600 0.24377 0.24377
0.66000 0.25237 0.25237
0.66400 0.24826 0.24826
0.66800 0.23279 0.23279
0.67200 0.21171 0.21171
0.67600 0.19087 0.19087
0.68000 0.17374 0.17374
0.68400 0.16147 0.16147
0.68800 0.15376 0.15376
0.69200 0.14930 0.14930
0.69600 0.14606 0.14606
0.70000 0.14202 0.14202
0.70400 0.13632 0.13632
0.70800 0.12982 0.12982
0.71200 0.12416 0.12416
0.71600 0.12078 0.12078
0.72000 0.12048 0.12048
0.72400 0.12365 0.12365
0.72800 0.13029 0.13029
0.73200 0.13980 0.13980
0.73600 0.15051 0.15051
0.74000 0.15939 0.15939
0.74400 0.16300 0.16300
0.74800 0.15991 0.15991
0.75200 0.15191 0.15191
0.75600 0.14237 0.14237
0.76000 0.13370 0.13370
0.76400 0.12639 0.12639
0.76800 0.11943 0.11943
0.77200 0.11167 0.11167
0.77600 0.10296 0.10296
0.78000 0.09422 0.09422
0.78400 0.08654 0.08654
0.78800 0.08058 0.08058
0.79200 0.07656 0.07656
0.79600 0.07446 0.07446
0.80000 0.07411 0.07411
0.80400 0.07518 0.07518
0.80800 0.07705 0.07705
0.81200 0.07887 0.07887
0.81600 0.07994 0.07994
0.82000 0.08034 0.08034
0.82400 0.08090 0.08090
0.82800 0.08267 0.08267
0.83200 0.08631 0.08631
0.83600 0.09180 0.09180
0.84000 0.09820 0.09820
0.84400 0.10346 0.10346
0.84800 0.10499 0.10499
0.85200 0.10130 0.10130
0.85600 0.09323 0.09323
0.86000 0.08314 0.08314
0.86400 0.07321 0.07321
0.86800 0.06459 0.06459
0.87200 0.05765 0.05765
0.87600 0.05232 0.05232
0.88000 0.04842 0.04842
0.88400 0.04575 0.04575
0.88800 0.04415 0.04415
0.89200 0.04350 0.04350
0.89600 0.04364 0.04364
0.90000 0.04429 0.04429
0.90400 0.04498 0.04498
0.90800 0.04521 0.04521
0.91200 0.04470 0.04470
0.91600 0.04370 0.04370
0.92000 0.04277 0.04277
0.92400 0.04243 0.04243
0.92800 0.04301 0.04301
0.93200 0.04465 0.04465
0.93600 0.04727 0.04727
0.94000 0.05047 0.05047
0.94400 0.05335 0.05335
0.94800 0.05469 0.05469
0.95200 0.05358 0.05358
0.95600 0.05018 0.05018
0.96000 0.04553 0.04553
0.96400 0.04077 0.04077
0.96800 0.03658 0.03658
0.97200 0.03322 0.03322
0.97600 0.03069 0.03069
0.98000 0.02893 0.02893
0.98400 0.02781 0.02781
0.98800 0.02719 0.02719
0.99200 0.02686 0.02686
0.99600 0.02651 0.02651
1.00000 0.02584 0.02584
1.00400 0.02476 0.02476
1.00800 0.02340 0.02340
1.01200 0.02204 0.02204
1.01600 0.02086 0.02086
1.02000 0.01997 0.01997
1.02400 0.01940 0.01940
1.02800 0.01914 0.01914
1.03200 0.01916 0.01916
1.03600 0.01936 0.01936
1.04000 0.01959 0.01959
1.04400 0.01960 0.01960
1.04800 0.01922 0.01922
1.05200 0.01846 0.01846
1.05600 0.01749 0.01749
1.06000 0.01654 0.01654
1.06400 0.01573 0.01573
1.06800 0.01513 0.01513
1.07200 0.01474 0.01474
1.07600 0.01456 0.01456
1.08000 0.01454 0.01454
1.08400 0.01460 0.01460
1.08800 0.01462 0.01462
1.09200 0.01445 0.01445
1.09600 0.01403 0.01403
1.10000 0.01343 0.01343
1.10400 0.01277 0.01277
1.10800 0.01216 0.01216
1.11200 0.01165 0.01165
1.11600 0.01126 0.01126
1.12000 0.01100 0.01100
1.12400 0.01084 0.01084
1.12800 0.01079 0.01079
1.13200 0.01082 0.01082
1.13600 0.01088 0.01088
1.14000 0.01092 0.01092
1.14400 0.01083 0.01083
1.14800 0.01060 0.01060
1.15200 0.01025 0.01025
1.15600 0.00987 0.00987
1.16000 0.00952 0.00952
1.16400 0.00923 0.00923
1.16800 0.00901 0.00901
1.17200 0.00888 0.00888
1.17600 0.00882 0.00882
1.18000 0.00883 0.00883
1.18400 0.00890 0.00890
1.18800 0.00900 0.00900
1.19200 0.00908 0.00908
1.19600 0.00906 0.00906
1.20000 0.00892 0.00892
1.20400 0.00867 0.00867
1.20800 0.00838 0.00838
1.21200 0.00810 0.00810
1.21600 0.00787 0.00787
1.22000 0.00770 0.00770
1.22400 0.00759 0.00759
1.22800 0.00754 0.00754
1.23200 0.00756 0.00756
1.23600 0.00763 0.00763
1.24000 0.00773 0.00773
1.24400 0.00782 0.00782
1.24800 0.00785 0.00785
1.25200 0.00776 0.00776
1.25600 0.00755 0.00755
1.26000 0.00729 0.00729
1.26400 0.00702 0.00702
1.26800 0.00677 0.00677
1.27200 0.00657 0.00657
1.27600 0.00642 0.00642
1.28000 0.00631 0.00631
1.28400 0.00624 0.00624
1.28800 0.00621 0.00621
1.29200 0.00620 0.00620
1.29600 0.00620 0.00620
1.30000 0.00620 0.00620
1.30400 0.00615 0.00615
1.30800 0.00606 0.00606
1.31200 0.00592 0.00592
1.31600 0.00578 0.00578
1.32000 0.00565 0.00565
1.32400 0.00554 0.00554
1.32800 0.00546 0.00546
1.33200 0.00541 0.00541
1.33600 0.00537 0.00537
1.34000 0.00537 0.00537
1.34400 0.00538 0.00538
1.34800 0.00541 0.00541
1.35200 0.00543 0.00543
1.35600 0.00542 0.00542
1.36000 0.00537 0.00537
1.36400 0.00527 0.00527
1.36800 0.00516 0.00516
1.37200 0.00504 0.00504
1.37600 0.00495 0.00495
1.38000 0.00487 0.00487
1.38400 0.00482 0.00482
1.38800 0.00479 0.00479
1.39200 0.00479 0.00479
1.39600 0.00480 0.00480
1.40000 0.00482 0.00482
1.40400 0.00484 0.00484
1.40800 0.00483 0.00483
1.41200 0.00479 0.00479
1.41600 0.00471 0.00471
1.42000 0.00461 0.00461
1.42400 0.00451 0.00451
1.42800 0.00442 0.00442
1.43200 0.00435 0.00435
1.43600 0.00429 0.00429
1.44000 0.00425 0.00425
1.44400 0.00423 0.00423
1.44800 0.00422 0.00422
1.45200 0.00423 0.00423
1.45600 0.00425 0.00425
1.46000 0.00428 0.00428
1.46400 0.00429 0.00429
1.46800 0.00428 0.00428
1.47200 0.00423 0.00423
1.47600 0.00415 0.00415
1.48000 0.00406 0.00406
1.48400 0.00398 0.00398
1.48800 0.00390 0.00390
1.49200 0.00384 0.00384
1.49600 0.00379 0.00379
1.50000 0.00375 0.00375
1.50400 0.00372 0.00372
1.50800 0.00371 0.00371
1.51200 0.00370 0.00370
1.51600 0.00371 0.00371
1.52000 0.00372 0.00372
1.52400 0.00372 0.00372
1.52800 0.00370 0.00370
1.53200 0.00367 0.00367
1.53600 0.00361 0.00361
1.54000 0.00355 0.00355
1.54400 0.00349 0.00349
1.54800 0.00344 0.00344
1.55200 0.00340 0.00340
1.55600 0.00337 0.00337
1.56000 0.00335 0.00335
1.56400 0.00333 0.00333
1.56800 0.00332 0.00332
1.57200 0.00330 0.00330
1.57600 0.00329 0.00329
1.58000 0.00326 0.00326
1.58400 0.00322 0.00322
1.58800 0.00318 0.00318
1.59200 0.00315 0.00315
1.59600 0.00311 0.00311
1.60000 0.00308 0.00308
1.60400 0.00306 0.00306
1.60800 0.00304 0.00304
1.61200 0.00302 0.00302
1.61600 0.00301 0.00301
1.62000 0.00300 0.00300
1.62400 0.00300 0.00300
1.62800 0.00299 0.00299
1.63200 0.00299 0.00299
1.63600 0.00297 0.00297
1.64000 0.00294 0.00294
1.64400 0.00291 0.00291
1.64800 0.00288 0.00288
1.65200 0.00284 0.00284
1.65600 0.00281 0.00281
1.66000 0.00279 0.00279
1.66400 0.00277 0.00277
1.66800 0.00275 0.00275
1.67200 0.00273 0.00273
1.67600 0.00272 0.00272
1.68000 0.00271 0.00271
1.68400 0.00270 0.00270
1.68800 0.00270 0.00270
1.69200 0.00269 0.00269
1.69600 0.00268 0.00268
1.70000 0.00266 0.00266
1.70400 0.00264 0.00264
1.70800 0.00262 0.00262
1.71200 0.00259 0.00259
1.71600 0.00257 0.00257
1.72000 0.00255 0.00255
1.72400 0.00253 0.00253
1.72800 0.00251 0.00251
1.73200 0.00250 0.00250
1.73600 0.00249 0.00249
1.74000 0.00248 0.00248
1.74400 0.00247 0.00247
1.74800 0.00247 0.00247
1.75200 0.00246 0.00246
1.75600 0.00245 0.00245
1.76000 0.00243 0.00243
1.76400 0.00241 0.00241
1.76800 0.00239 0.00239
1.77200 0.00237 0.00237
1.77600 0.00235 0.00235
1.78000 0.00233 0.00233
1.78400 0.00231 0.00231
1.78800 0.00230 0.00230
1.79200 0.00228 0.00228
1.79600 0.00227 0.00227
1.80000 0.00226 0.00226
1.80400 0.00225 0.00225
1.80800 0.00224 0.00224
1.81200 0.00223 0.00223
1.81600 0.00222 0.00222
1.82000 0.00221 0.00221
1.82400 0.00220 0.00220
1.82800 0.00218 0.00218
1.83200 0.00217 0.00217
1.83600 0.00215 0.00215
1.84000 0.00214 0.00214
1.84400 0.00213 0.00213
1.84800 0.00212 0.00212
1.85200 0.00211 0.00211
1.85600 0.00210 0.00210
1.86000 0.00209 0.00209
1.86400 0.00208 0.00208
1.86800 0.00207 0.00207
1.87200 0.00207 0.00207
1.87600 0.00206 0.00206
1.88000 0.00205 0.00205
1.88400 0.00205 0.00205
1.88800 0.00204 0.00204
1.89200 0.00202 0.00202
1.89600 0.00201 0.00201
1.90000 0.00200 0.00200
1.90400 0.00199 0.00199
1.90800 0.00198 0.00198
1.91200 0.00197 0.00197
1.91600 0.00196 0.00196
1.92000 0.00195 0.00195
1.92400 0.00194 0.00194
1.92800 0.00193 0.00193
1.93200 0.00193 0.00193
1.93600 0.00192 0.00192
1.94000 0.00191 0.00191
1.94400 0.00190 0.00190
1.94800 0.00189 0.00189
1.95200 0.00187 0.00187
1.95600 0.00186 0.00186
1.96000 0.00185 0.00185
1.96400 0.00184 0.00184
1.96800 0.00183 0.00183
1.97200 0.00183 0.00183
1.97600 0.00182 0.00182
1.98000 0.00181 0.00181
1.98400 0.00181 0.00181
1.98800 0.00180 0.00180
1.99200 0.00179 0.00179
1.99600 0.00179 0.00179
2.00000 0.00178 0.00178
