-2.00000 0.00177 0.00177
-1.99600 0.00178 0.00178
-1.99200 0.00179 0.00179
-1.98800 0.00179 0.00179
-1.98400 0.00180 0.00180
-1.98000 0.00181 0.00181
-1.97600 0.00182 0.00182
-1.97200 0.00182 0.00182
-1.96800 0.00183 0.00183
-1.96400 0.00184 0.00184
-1.96000 0.00185 0.00185
-1.95600 0.00186 0.00186
-1.95200 0.00187 0.00187
-1.94800 0.00187 0.00187
-1.94400 0.00189 0.00189
-1.94000 0.00190 0.00190
-1.93600 0.00191 0.00191
-1.93200 0.00192 0.00192
-1.92800 0.00193 0.00193
-1.92400 0.00194 0.00194
-1.92000 0.00195 0.00195
-1.91600 0.00196 0.00196
-1.91200 0.00197 0.00197
-1.90800 0.00197 0.00197
-1.90400 0.00198 0.00198
-1.90000 0.00199 0.00199
-1.89600 0.00200 0.00200
-1.89200 0.00201 0.00201
-1.88800 0.00202 0.00202
-1.88400 0.00203 0.00203
-1.88000 0.00204 0.00204
-1.87600 0.00206 0.00206
-1.87200 0.00207 0.00207
-1.86800 0.00209 0.00209
-1.86400 0.00211 0.00211
-1.86000 0.00212 0.00212
-1.85600 0.00213 0.00213
-1.85200 0.00214 0.00214
-1.84800 0.00215 0.00215
-1.84400 0.00215 0.00215
-1.84000 0.00216 0.00216
-1.83600 0.00217 0.00217
-1.83200 0.00217 0.00217
-1.82800 0.00218 0.00218
-1.82400 0.00220 0.00220
-1.82000 0.00221 0.00221
-1.81600 0.00222 0.00222
-1.81200 0.00224 0.00224
-1.80800 0.00225 0.00225
-1.80400 0.00227 0.00227
-1.80000 0.00229 0.00229
-1.79600 0.00231 0.00231
-1.79200 0.00232 0.00232
-1.78800 0.00233 0.00233
-1.78400 0.00233 0.00233
-1.78000 0.00234 0.00234
-1.77600 0.00235 0.00235
-1.77200 0.00235 0.00235
-1.76800 0.00236 0.00236
-1.76400 0.00237 0.00237
-1.76000 0.00239 0.00239
-1.75600 0.00240 0.00240
-1.75200 0.00241 0.00241
-1.74800 0.00243 0.00243
-1.74400 0.00245 0.00245
-1.74000 0.00247 0.00247
-1.73600 0.00249 0.00249
-1.73200 0.00251 0.00251
-1.72800 0.00253 0.00253
-1.72400 0.00254 0.00254
-1.72000 0.00255 0.00255
-1.71600 0.00256 0.00256
-1.71200 0.00257 0.00257
-1.70800 0.00258 0.00258
-1.70400 0.00259 0.00259
-1.70000 0.00261 0.00261
-1.69600 0.00262 0.00262
-1.69200 0.00264 0.00264
-1.68800 0.00266 0.00266
-1.68400 0.00268 0.00268
-1.68000 0.00270 0.00270
-1.67600 0.00273 0.00273
-1.67200 0.00276 0.00276
-1.66800 0.00280 0.00280
-1.66400 0.00284 0.00284
-1.66000 0.00288 0.00288
-1.65600 0.00291 0.00291
-1.65200 0.00294 0.00294
-1.64800 0.00295 0.00295
-1.64400 0.00295 0.00295
-1.64000 0.00295 0.00295
-1.63600 0.00295 0.00295
-1.63200 0.00295 0.00295
-1.62800 0.00296 0.00296
-1.62400 0.00297 0.00297
-1.62000 0.00299 0.00299
-1.61600 0.00302 0.00302
-1.61200 0.00305 0.00305
-1.60800 0.00309 0.00309
-1.60400 0.00312 0.00312
-1.60000 0.00316 0.00316
-1.59600 0.00319 0.00319
-1.59200 0.00321 0.00321
-1.58800 0.00321 0.00321
-1.58400 0.00321 0.00321
-1.58000 0.00321 0.00321
-1.57600 0.00321 0.00321
-1.57200 0.00322 0.00322
-1.56800 0.00324 0.00324
-1.56400 0.00326 0.00326
-1.56000 0.00328 0.00328
-1.55600 0.00331 0.00331
-1.55200 0.00334 0.00334
-1.54800 0.00338 0.00338
-1.54400 0.00343 0.00343
-1.54000 0.00349 0.00349
-1.53600 0.00355 0.00355
-1.53200 0.00361 0.00361
-1.52800 0.00366 0.00366
-1.52400 0.00370 0.00370
-1.52000 0.00372 0.00372
-1.51600 0.00372 0.00372
-1.51200 0.00371 0.00371
-1.50800 0.00371 0.00371
-1.50400 0.00372 0.00372
-1.50000 0.00374 0.00374
-1.49600 0.00377 0.00377
-1.49200 0.00381 0.00381
-1.48800 0.00386 0.00386
-1.48400 0.00393 0.00393
-1.48000 0.00401 0.00401
-1.47600 0.00409 0.00409
-1.47200 0.00417 0.00417
-1.46800 0.00424 0.00424
-1.46400 0.00426 0.00426
-1.46000 0.00426 0.00426
-1.45600 0.00424 0.00424
-1.45200 0.00422 0.00422
-1.44800 0.00421 0.00421
-1.44400 0.00421 0.00421
-1.44000 0.00423 0.00423
-1.43600 0.00426 0.00426
-1.43200 0.00430 0.00430
-1.42800 0.00437 0.00437
-1.42400 0.00445 0.00445
-1.42000 0.00455 0.00455
-1.41600 0.00467 0.00467
-1.41200 0.00480 0.00480
-1.40800 0.00493 0.00493
-1.40400 0.00504 0.00504
-1.40000 0.00510 0.00510
-1.39600 0.00510 0.00510
-1.39200 0.00505 0.00505
-1.38800 0.00500 0.00500
-1.38400 0.00495 0.00495
-1.38000 0.00492 0.00492
-1.37600 0.00491 0.00491
-1.37200 0.00493 0.00493
-1.36800 0.00497 0.00497
-1.36400 0.00503 0.00503
-1.36000 0.00511 0.00511
-1.35600 0.00522 0.00522
-1.35200 0.00535 0.00535
-1.34800 0.00547 0.00547
-1.34400 0.00558 0.00558
-1.34000 0.00564 0.00564
-1.33600 0.00565 0.00565
-1.33200 0.00562 0.00562
-1.32800 0.00557 0.00557
-1.32400 0.00554 0.00554
-1.32000 0.00553 0.00553
-1.31600 0.00553 0.00553
-1.31200 0.00557 0.00557
-1.30800 0.00562 0.00562
-1.30400 0.00570 0.00570
-1.30000 0.00580 0.00580
-1.29600 0.00594 0.00594
-1.29200 0.00609 0.00609
-1.28800 0.00627 0.00627
-1.28400 0.00646 0.00646
-1.28000 0.00662 0.00662
-1.27600 0.00673 0.00673
-1.27200 0.00676 0.00676
-1.26800 0.00675 0.00675
-1.26400 0.00672 0.00672
-1.26000 0.00671 0.00671
-1.25600 0.00674 0.00674
-1.25200 0.00681 0.00681
-1.24800 0.00692 0.00692
-1.24400 0.00708 0.00708
-1.24000 0.00729 0.00729
-1.23600 0.00756 0.00756
-1.23200 0.00787 0.00787
-1.22800 0.00820 0.00820
-1.22400 0.00849 0.00849
-1.22000 0.00866 0.00866
-1.21600 0.00869 0.00869
-1.21200 0.00860 0.00860
-1.20800 0.00847 0.00847
-1.20400 0.00835 0.00835
-1.20000 0.00828 0.00828
-1.19600 0.00828 0.00828
-1.19200 0.00835 0.00835
-1.18800 0.00849 0.00849
-1.18400 0.00871 0.00871
-1.18000 0.00900 0.00900
-1.17600 0.00938 0.00938
-1.17200 0.00982 0.00982
-1.16800 0.01027 0.01027
-1.16400 0.01064 0.01064
-1.16000 0.01085 0.01085
-1.15600 0.01084 0.01084
-1.15200 0.01068 0.01068
-1.14800 0.01047 0.01047
-1.14400 0.01028 0.01028
-1.14000 0.01018 0.01018
-1.13600 0.01016 0.01016
-1.13200 0.01024 0.01024
-1.12800 0.01042 0.01042
-1.12400 0.01069 0.01069
-1.12000 0.01107 0.01107
-1.11600 0.01156 0.01156
-1.11200 0.01216 0.01216
-1.10800 0.01283 0.01283
-1.10400 0.01348 0.01348
-1.10000 0.01398 0.01398
-1.09600 0.01420 0.01420
-1.09200 0.01415 0.01415
-1.08800 0.01395 0.01395
-1.08400 0.01375 0.01375
-1.08000 0.01364 0.01364
-1.07600 0.01369 0.01369
-1.07200 0.01390 0.01390
-1.06800 0.01429 0.01429
-1.06400 0.01487 0.01487
-1.06000 0.01564 0.01564
-1.05600 0.01655 0.01655
-1.05200 0.01752 0.01752
-1.04800 0.01836 0.01836
-1.04400 0.01887 0.01887
-1.04000 0.01897 0.01897
-1.03600 0.01877 0.01877
-1.03200 0.01850 0.01850
-1.02800 0.01833 0.01833
-1.02400 0.01837 0.01837
-1.02000 0.01867 0.01867
-1.01600 0.01925 0.01925
-1.01200 0.02014 0.02014
-1.00800 0.02136 0.02136
-1.00400 0.02295 0.02295
-1.00000 0.02490 0.02490
-0.99600 0.02711 0.02711
-0.99200 0.02934 0.02934
-0.98800 0.03117 0.03117
-0.98400 0.03227 0.03227
-0.98000 0.03264 0.03264
-0.97600 0.03268 0.03268
-0.97200 0.03290 0.03290
-0.96800 0.03366 0.03366
-0.96400 0.03513 0.03513
-0.96000 0.03727 0.03727
-0.95600 0.03978 0.03978
-0.95200 0.04208 0.04208
-0.94800 0.04346 0.04346
-0.94400 0.04355 0.04355
-0.94000 0.04264 0.04264
-0.93600 0.04146 0.04146
-0.93200 0.04067 0.04067
-0.92800 0.04067 0.04067
-0.92400 0.04166 0.04166
-0.92000 0.04377 0.04377
-0.91600 0.04706 0.04706
-0.91200 0.05153 0.05153
-0.90800 0.05695 0.05695
-0.90400 0.06261 0.06261
-0.90000 0.06723 0.06723
-0.89600 0.06932 0.06932
-0.89200 0.06825 0.06825
-0.88800 0.06478 0.06478
-0.88400 0.06043 0.06043
-0.88000 0.05646 0.05646
-0.87600 0.05353 0.05353
-0.87200 0.05187 0.05187
-0.86800 0.05152 0.05152
-0.86400 0.05247 0.05247
-0.86000 0.05476 0.05476
-0.85600 0.05848 0.05848
-0.85200 0.06377 0.06377
-0.84800 0.07073 0.07073
-0.84400 0.07923 0.07923
-0.84000 0.08859 0.08859
-0.83600 0.09726 0.09726
-0.83200 0.10314 0.10314
-0.82800 0.10483 0.10483
-0.82400 0.10292 0.10292
-0.82000 0.09957 0.09957
-0.81600 0.09696 0.09696
-0.81200 0.09630 0.09630
-0.80800 0.09770 0.09770
-0.80400 0.10027 0.10027
-0.80000 0.10227 0.10227
-0.79600 0.10199 0.10199
-0.79200 0.09892 0.09892
-0.78800 0.09412 0.09412
-0.78400 0.08930 0.08930
-0.78000 0.08572 0.08572
-0.77600 0.08407 0.08407
-0.77200 0.08462 0.08462
-0.76800 0.08751 0.08751
-0.76400 0.09292 0.09292
-0.76000 0.10104 0.10104
-0.75600 0.11195 0.11195
-0.75200 0.12531 0.12531
-0.74800 0.13978 0.13978
-0.74400 0.15257 0.15257
-0.74000 0.16010 0.16010
-0.73600 0.16027 0.16027
-0.73200 0.15440 0.15440
-0.72800 0.14610 0.14610
-0.72400 0.13881 0.13881
-0.72000 0.13447 0.13447
-0.71600 0.13354 0.13354
-0.71200 0.13537 0.13537
-0.70800 0.13829 0.13829
-0.70400 0.14016 0.14016
-0.70000 0.13957 0.13957
-0.69600 0.13693 0.13693
-0.69200 0.13409 0.13409
-0.68800 0.13297 0.13297
-0.68400 0.13489 0.13489
-0.68000 0.14056 0.14056
-0.67600 0.15027 0.15027
-0.67200 0.16392 0.16392
-0.66800 0.18049 0.18049
-0.66400 0.19754 0.19754
-0.66000 0.21125 0.21125
-0.65600 0.21842 0.21842
-0.65200 0.21914 0.21914
-0.64800 0.21706 0.21706
-0.64400 0.21663 0.21663
-0.64000 0.22075 0.22075
-0.63600 0.23000 0.23000
-0.63200 0.24235 0.24235
-0.62800 0.25329 0.25329
-0.62400 0.25736 0.25736
-0.62000 0.25179 0.25179
-0.61600 0.23877 0.23877
-0.61200 0.22341 0.22341
-0.60800 0.21024 0.21024
-0.60400 0.20181 0.20181
-0.60000 0.19916 0.19916
-0.59600 0.20263 0.20263
-0.59200 0.21241 0.21241
-0.58800 0.22858 0.22858
-0.58400 0.25074 0.25074
-0.58000 0.27717 0.27717
-0.57600 0.30390 0.30390
-0.57200 0.32523 0.32523
-0.56800 0.33693 0.33693
-0.56400 0.34012 0.34012
-0.56000 0.34071 0.34071
-0.55600 0.34490 0.34490
-0.55200 0.35565 0.35565
-0.54800 0.37143 0.37143
-0.54400 0.38662 0.38662
-0.54000 0.39437 0.39437
-0.53600 0.39180 0.39180
-0.53200 0.38269 0.38269
-0.52800 0.37424 0.37424
-0.52400 0.37197 0.37197
-0.52000 0.37716 0.37716
-0.51600 0.38646 0.38646
-0.51200 0.39287 0.39287
-0.50800 0.38942 0.38942
-0.50400 0.37444 0.37444
-0.50000 0.35269 0.35269
-0.49600 0.33122 0.33122
-0.49200 0.31525 0.31525
-0.48800 0.30738 0.30738
-0.48400 0.30863 0.30863
-0.48000 0.31945 0.31945
-0.47600 0.34010 0.34010
-0.47200 0.37055 0.37055
-0.46800 0.40960 0.40960
-0.46400 0.45395 0.45395
-0.46000 0.49824 0.49824
-0.45600 0.53808 0.53808
-0.45200 0.57367 0.57367
-0.44800 0.60863 0.60863
-0.44400 0.64331 0.64331
-0.44000 0.67019 0.67019
-0.43600 0.67758 0.67758
-0.43200 0.66038 0.66038
-0.42800 0.62608 0.62608
-0.42400 0.58852 0.58852
-0.42000 0.55796 0.55796
-0.41600 0.53682 0.53682
-0.41200 0.52070 0.52070
-0.40800 0.50261 0.50261
-0.40400 0.47888 0.47888
-0.40000 0.45200 0.45200
-0.39600 0.42782 0.42782
-0.39200 0.41136 0.41136
-0.38800 0.40540 0.40540
-0.38400 0.41117 0.41117
-0.38000 0.42919 0.42919
-0.37600 0.45961 0.45961
-0.37200 0.50206 0.50206
-0.36800 0.55566 0.55566
-0.36400 0.61965 0.61965
-0.36000 0.69379 0.69379
-0.35600 0.77552 0.77552
-0.35200 0.85449 0.85449
-0.34800 0.91072 0.91072
-0.34400 0.92428 0.92428
-0.34000 0.89188 0.89188
-0.33600 0.83079 0.83079
-0.33200 0.76473 0.76473
-0.32800 0.70974 0.70974
-0.32400 0.67041 0.67041
-0.32000 0.64238 0.64238
-0.31600 0.61704 0.61704
-0.31200 0.58806 0.58806
-0.30800 0.55581 0.55581
-0.30400 0.52525 0.52525
-0.30000 0.50080 0.50080
-0.29600 0.48397 0.48397
-0.29200 0.47490 0.47490
-0.28800 0.47443 0.47443
-0.28400 0.48455 0.48455
-0.28000 0.50732 0.50732
-0.27600 0.54383 0.54383
-0.27200 0.59363 0.59363
-0.26800 0.65432 0.65432
-0.26400 0.72109 0.72109
-0.26000 0.78513 0.78513
-0.25600 0.83231 0.83231
-0.25200 0.84847 0.84847
-0.24800 0.83091 0.83091
-0.24400 0.79191 0.79191
-0.24000 0.74801 0.74801
-0.23600 0.70863 0.70863
-0.23200 0.67440 0.67440
-0.22800 0.64294 0.64294
-0.22400 0.61491 0.61491
-0.22000 0.59444 0.59444
-0.21600 0.58558 0.58558
-0.21200 0.58990 0.58990
-0.20800 0.60674 0.60674
-0.20400 0.63514 0.63514
-0.20000 0.67580 0.67580
-0.19600 0.73031 0.73031
-0.19200 0.79718 0.79718
-0.18800 0.86724 0.86724
-0.18400 0.92283 0.92283
-0.18000 0.94596 0.94596
-0.17600 0.93234 0.93234
-0.17200 0.89503 0.89503
-0.16800 0.85202 0.85202
-0.16400 0.81364 0.81364
-0.16000 0.78106 0.78106
-0.15600 0.75191 0.75191
-0.15200 0.72460 0.72460
-0.14800 0.69816 0.69816
-0.14400 0.67220 0.67220
-0.14000 0.64898 0.64898
-0.13600 0.63337 0.63337
-0.13200 0.63034 0.63034
-0.12800 0.64353 0.64353
-0.12400 0.67556 0.67556
-0.12000 0.72889 0.72889
-0.11600 0.80601 0.80601
-0.11200 0.90858 0.90858
-0.10800 1.03466 1.03466
-0.10400 1.17361 1.17361
-0.10000 1.30121 1.30121
-0.09600 1.38357 1.38357
-0.09200 1.39680 1.39680
-0.08800 1.34705 1.34705
-0.08400 1.26427 1.26427
-0.08000 1.17794 1.17794
-0.07600 1.10348 1.10348
-0.07200 1.04585 1.04585
-0.06800 1.00784 1.00784
-0.06400 0.99355 0.99355
-0.06000 1.00748 1.00748
-0.05600 1.05372 1.05372
-0.05200 1.13644 1.13644
-0.04800 1.26049 1.26049
-0.04400 1.43068 1.43068
-0.04000 1.64855 1.64855
-0.03600 1.90508 1.90508
-0.03200 2.16953 2.16953
-0.02800 2.38361 2.38361
-0.02400 2.48109 2.48109
-0.02000 2.43456 2.43456
-0.01600 2.28114 2.28114
-0.01200 2.09202 2.09202
-0.00800 1.92726 1.92726
-0.00400 1.81991 1.81991
0.00000 1.78310 1.78310
0.00400 1.81991 1.81991
0.00800 1.92726 1.92726
0.01200 2.09203 2.09203
0.01600 2.28115 2.28115
0.02000 2.43457 2.43457
0.02400 2.48112 2.48112
0.02800 2.38364 2.38364
0.03200 2.16955 2.16955
0.03600 1.90510 1.90510
0.04000 1.64857 1.64857
0.04400 1.43068 1.43068
0.04800 1.26049 1.26049
0.05200 1.13642 1.13642
0.05600 1.05368 1.05368
0.06000 1.00744 1.00744
0.06400 0.99348 0.99348
0.06800 1.00772 1.00772
0.07200 1.04566 1.04566
0.07600 1.10318 1.10318
0.08000 1.17750 1.17750
0.08400 1.26374 1.26374
0.08800 1.34658 1.34658
0.09200 1.39662 1.39662
0.09600 1.38383 1.38383
0.10000 1.30186 1.30186
0.10400 1.17444 1.17444
0.10800 1.03550 1.03550
0.11200 0.90933 0.90933
0.11600 0.80663 0.80663
0.12000 0.72940 0.72940
0.12400 0.67598 0.67598
0.12800 0.64388 0.64388
0.13200 0.63065 0.63065
0.13600 0.63365 0.63365
0.14000 0.64923 0.64923
0.14400 0.67238 0.67238
0.14800 0.69822 0.69822
0.15200 0.72446 0.72446
0.15600 0.75150 0.75150
0.16000 0.78037 0.78037
0.16400 0.81268 0.81268
0.16800 0.85078 0.85078
0.17200 0.89358 0.89358
0.17600 0.93079 0.93079
0.18000 0.94449 0.94449
0.18400 0.92159 0.92159
0.18800 0.86627 0.86627
0.19200 0.79646 0.79646
0.19600 0.72981 0.72981
0.20000 0.67555 0.67555
0.20400 0.63518 0.63518
0.20800 0.60708 0.60708
0.21200 0.59047 0.59047
0.21600 0.58627 0.58627
0.22000 0.59519 0.59519
0.22400 0.61567 0.61567
0.22800 0.64371 0.64371
0.23200 0.67520 0.67520
0.23600 0.70953 0.70953
0.24000 0.74911 0.74911
0.24400 0.79335 0.79335
0.24800 0.83285 0.83285
0.25200 0.85097 0.85097
0.25600 0.83520 0.83520
0.26000 0.78792 0.78792
0.26400 0.72316 0.72316
0.26800 0.65523 0.65523
0.27200 0.59344 0.59344
0.27600 0.54293 0.54293
0.28000 0.50609 0.50609
0.28400 0.48316 0.48316
0.28800 0.47286 0.47286
0.29200 0.47305 0.47305
0.29600 0.48191 0.48191
0.30000 0.49878 0.49878
0.30400 0.52356 0.52356
0.30800 0.55450 0.55450
0.31200 0.58693 0.58693
0.31600 0.61584 0.61584
0.32000 0.64107 0.64107
0.32400 0.66917 0.66917
0.32800 0.70872 0.70872
0.33200 0.76400 0.76400
0.33600 0.83026 0.83026
0.34000 0.89140 0.89140
0.34400 0.92377 0.92377
0.34800 0.91037 0.91037
0.35200 0.85470 0.85470
0.35600 0.77651 0.77651
0.36000 0.69529 0.69529
0.36400 0.62103 0.62103
0.36800 0.55642 0.55642
0.37200 0.50219 0.50219
0.37600 0.45939 0.45939
0.38000 0.42892 0.42892
0.38400 0.41104 0.41104
0.38800 0.40549 0.40549
0.39200 0.41169 0.41169
0.39600 0.42838 0.42838
0.40000 0.45275 0.45275
0.40400 0.47975 0.47975
0.40800 0.50356 0.50356
0.41200 0.52177 0.52177
0.41600 0.53816 0.53816
0.42000 0.55967 0.55967
0.42400 0.59052 0.59052
0.42800 0.62804 0.62804
0.43200 0.66176 0.66176
0.43600 0.67798 0.67798
0.44000 0.66978 0.66978
0.44400 0.64277 0.64277
0.44800 0.60852 0.60852
0.45200 0.57402 0.57402
0.45600 0.53845 0.53845
0.46000 0.49822 0.49822
0.46400 0.45343 0.45343
0.46800 0.40879 0.40879
0.47200 0.36967 0.36967
0.47600 0.33927 0.33927
0.48000 0.31870 0.31870
0.48400 0.30797 0.30797
0.48800 0.30675 0.30675
0.49200 0.31462 0.31462
0.49600 0.33051 0.33051
0.50000 0.35178 0.35178
0.50400 0.37321 0.37321
0.50800 0.38783 0.38783
0.51200 0.39105 0.39105
0.51600 0.38476 0.38476
0.52000 0.37590 0.37590
0.52400 0.37133 0.37133
0.52800 0.37420 0.37420
0.53200 0.38302 0.38302
0.53600 0.39216 0.39216
0.54000 0.39447 0.39447
0.54400 0.38647 0.38647
0.54800 0.37134 0.37134
0.55200 0.35599 0.35599
0.55600 0.34587 0.34587
0.56000 0.34225 0.34225
0.56400 0.34192 0.34192
0.56800 0.33848 0.33848
0.57200 0.32613 0.32613
0.57600 0.30412 0.30412
0.58000 0.27693 0.27693
0.58400 0.25030 0.25030
0.58800 0.22809 0.22809
0.59200 0.21192 0.21192
0.59600 0.20214 0.20214
0.60000 0.19866 0.19866
0.60400 0.20130 0.20130
0.60800 0.20974 0.20974
0.61200 0.22304 0.22304
0.61600 0.23877 0.23877
0.62000 0.25247 0.25247
0.62400 0.25890 0.25890
0.62800 0.25546 0.25546
0.63200 0.24461 0.24461
0.63600 0.23182 0.23182
0.64000 0.22181 0.22181
0.64400 0.21685 0.21685
0.64800 0.21654 0.21654
0.65200 0.21814 0.21814
0.65600 0.21730 0.21730
0.66000 0.21033 0.21033
0.66400 0.19693 0.19693
0.66800 0.18015 0.18015
0.67200 0.16375 0.16375
0.67600 0.15021 0.15021
0.68000 0.14056 0.14056
0.68400 0.13495 0.13495
0.68800 0.13306 0.13306
0.69200 0.13419 0.13419
0.69600 0.13699 0.13699
0.70000 0.13954 0.13954
0.70400 0.14001 0.14001
0.70800 0.13805 0.13805
0.71200 0.13511 0.13511
0.71600 0.13333 0.13333
0.72000 0.13433 0.13433
0.72400 0.13875 0.13875
0.72800 0.14608 0.14608
0.73200 0.15435 0.15435
0.73600 0.16012 0.16012
0.74000 0.15978 0.15978
0.74400 0.15212 0.15212
0.74800 0.13927 0.13927
0.75200 0.12482 0.12482
0.75600 0.11153 0.11153
0.76000 0.10070 0.10070
0.76400 0.09266 0.09266
0.76800 0.08731 0.08731
0.77200 0.08447 0.08447
0.77600 0.08397 0.08397
0.78000 0.08567 0.08567
0.78400 0.08930 0.08930
0.78800 0.09422 0.09422
0.79200 0.09915 0.09915
0.79600 0.10238 0.10238
0.80000 0.10277 0.10277
0.80400 0.10076 0.10076
0.80800 0.09809 0.09809
0.81200 0.09651 0.09651
0.81600 0.09697 0.09697
0.82000 0.09943 0.09943
0.82400 0.10272 0.10272
0.82800 0.10469 0.10469
0.83200 0.10316 0.10316
0.83600 0.09745 0.09745
0.84000 0.08888 0.08888
0.84400 0.07954 0.07954
0.84800 0.07101 0.07101
0.85200 0.06400 0.06400
0.85600 0.05866 0.05866
0.86000 0.05490 0.05490
0.86400 0.05258 0.05258
0.86800 0.05161 0.05161
0.87200 0.05194 0.05194
0.87600 0.05358 0.05358
0.88000 0.05650 0.05650
0.88400 0.06045 0.06045
0.88800 0.06479 0.06479
0.89200 0.06824 0.06824
0.89600 0.06929 0.06929
0.90000 0.06718 0.06718
0.90400 0.06255 0.06255
0.90800 0.05687 0.05687
0.91200 0.05144 0.05144
0.91600 0.04696 0.04696
0.92000 0.04365 0.04365
0.92400 0.04153 0.04153
0.92800 0.04051 0.04051
0.93200 0.04048 0.04048
0.93600 0.04126 0.04126
0.94000 0.04245 0.04245
0.94400 0.04342 0.04342
0.94800 0.04343 0.04343
0.95200 0.04214 0.04214
0.95600 0.03989 0.03989
0.96000 0.03737 0.03737
0.96400 0.03519 0.03519
0.96800 0.03365 0.03365
0.97200 0.03283 0.03283
0.97600 0.03257 0.03257
0.98000 0.03253 0.03253
0.98400 0.03220 0.03220
0.98800 0.03116 0.03116
0.99200 0.02938 0.02938
0.99600 0.02719 0.02719
1.00000 0.02498 0.02498
1.00400 0.02302 0.02302
1.00800 0.02142 0.02142
1.01200 0.02019 0.02019
1.01600 0.01929 0.01929
1.02000 0.01870 0.01870
1.02400 0.01840 0.01840
1.02800 0.01835 0.01835
1.03200 0.01852 0.01852
1.03600 0.01879 0.01879
1.04000 0.01898 0.01898
1.04400 0.01888 0.01888
1.04800 0.01837 0.01837
1.05200 0.01753 0.01753
1.05600 0.01656 0.01656
1.06000 0.01564 0.01564
1.06400 0.01487 0.01487
1.06800 0.01429 0.01429
1.07200 0.01389 0.01389
1.07600 0.01367 0.01367
1.08000 0.01362 0.01362
1.08400 0.01372 0.01372
1.08800 0.01393 0.01393
1.09200 0.01413 0.01413
1.09600 0.01419 0.01419
1.10000 0.01398 0.01398
1.10400 0.01349 0.01349
1.10800 0.01284 0.01284
1.11200 0.01217 0.01217
1.11600 0.01157 0.01157
1.12000 0.01108 0.01108
1.12400 0.01069 0.01069
1.12800 0.01042 0.01042
1.13200 0.01024 0.01024
1.13600 0.01016 0.01016
1.14000 0.01017 0.01017
1.14400 0.01027 0.01027
1.14800 0.01045 0.01045
1.15200 0.01066 0.01066
1.15600 0.01083 0.01083
1.16000 0.01085 0.01085
1.16400 0.01065 0.01065
1.16800 0.01028 0.01028
1.17200 0.00983 0.00983
1.17600 0.00939 0.00939
1.18000 0.00902 0.00902
1.18400 0.00872 0.00872
1.18800 0.00850 0.00850
1.19200 0.00835 0.00835
1.19600 0.00828 0.00828
1.20000 0.00828 0.00828
1.20400 0.00835 0.00835
1.20800 0.00847 0.00847
1.21200 0.00860 0.00860
1.21600 0.00870 0.00870
1.22000 0.00867 0.00867
1.22400 0.00850 0.00850
1.22800 0.00822 0.00822
1.23200 0.00788 0.00788
1.23600 0.00757 0.00757
1.24000 0.00730 0.00730
1.24400 0.00708 0.00708
1.24800 0.00691 0.00691
1.25200 0.00680 0.00680
1.25600 0.00672 0.00672
1.26000 0.00669 0.00669
1.26400 0.00670 0.00670
1.26800 0.00673 0.00673
1.27200 0.00674 0.00674
1.27600 0.00672 0.00672
1.28000 0.00663 0.00663
1.28400 0.00647 0.00647
1.28800 0.00629 0.00629
1.29200 0.00611 0.00611
1.29600 0.00595 0.00595
1.30000 0.00581 0.00581
1.30400 0.00571 0.00571
1.30800 0.00562 0.00562
1.31200 0.00557 0.00557
1.31600 0.00553 0.00553
1.32000 0.00552 0.00552
1.32400 0.00553 0.00553
1.32800 0.00556 0.00556
1.33200 0.00560 0.00560
1.33600 0.00563 0.00563
1.34000 0.00563 0.00563
1.34400 0.00558 0.00558
1.34800 0.00548 0.00548
1.35200 0.00535 0.00535
1.35600 0.00523 0.00523
1.36000 0.00512 0.00512
1.36400 0.00503 0.00503
1.36800 0.00497 0.00497
1.37200 0.00493 0.00493
1.37600 0.00491 0.00491
1.38000 0.00491 0.00491
1.38400 0.00494 0.00494
1.38800 0.00499 0.00499
1.39200 0.00505 0.00505
1.39600 0.00509 0.00509
1.40000 0.00510 0.00510
1.40400 0.00505 0.00505
1.40800 0.00494 0.00494
1.41200 0.00481 0.00481
1.41600 0.00467 0.00467
1.42000 0.00455 0.00455
1.42400 0.00445 0.00445
1.42800 0.00437 0.00437
1.43200 0.00430 0.00430
1.43600 0.00426 0.00426
1.44000 0.00422 0.00422
1.44400 0.00421 0.00421
1.44800 0.00420 0.00420
1.45200 0.00421 0.00421
1.45600 0.00424 0.00424
1.46000 0.00426 0.00426
1.46400 0.00426 0.00426
1.46800 0.00424 0.00424
1.47200 0.00418 0.00418
1.47600 0.00410 0.00410
1.48000 0.00402 0.00402
1.48400 0.00394 0.00394
1.48800 0.00387 0.00387
1.49200 0.00381 0.00381
1.49600 0.00377 0.00377
1.50000 0.00374 0.00374
1.50400 0.00372 0.00372
1.50800 0.00371 0.00371
1.51200 0.00371 0.00371
1.51600 0.00371 0.00371
1.52000 0.00371 0.00371
1.52400 0.00370 0.00370
1.52800 0.00367 0.00367
1.53200 0.00361 0.00361
1.53600 0.00355 0.00355
1.54000 0.00349 0.00349
1.54400 0.00344 0.00344
1.54800 0.00339 0.00339
1.55200 0.00335 0.00335
1.55600 0.00331 0.00331
1.56000 0.00328 0.00328
1.56400 0.00326 0.00326
1.56800 0.00324 0.00324
1.57200 0.00322 0.00322
1.57600 0.00321 0.00321
1.58000 0.00321 0.00321
1.58400 0.00321 0.00321
1.58800 0.00321 0.00321
1.59200 0.00320 0.00320
1.59600 0.00319 0.00319
1.60000 0.00316 0.00316
1.60400 0.00313 0.00313
1.60800 0.00309 0.00309
1.61200 0.00305 0.00305
1.61600 0.00302 0.00302
1.62000 0.00299 0.00299
1.62400 0.00297 0.00297
1.62800 0.00296 0.00296
1.63200 0.00295 0.00295
1.63600 0.00294 0.00294
1.64000 0.00294 0.00294
1.64400 0.00295 0.00295
1.64800 0.00294 0.00294
1.65200 0.00294 0.00294
1.65600 0.00291 0.00291
1.66000 0.00288 0.00288
1.66400 0.00284 0.00284
1.66800 0.00280 0.00280
1.67200 0.00277 0.00277
1.67600 0.00273 0.00273
1.68000 0.00271 0.00271
1.68400 0.00268 0.00268
1.68800 0.00266 0.00266
1.69200 0.00264 0.00264
1.69600 0.00262 0.00262
1.70000 0.00261 0.00261
1.70400 0.00259 0.00259
1.70800 0.00258 0.00258
1.71200 0.00257 0.00257
1.71600 0.00256 0.00256
1.72000 0.00255 0.00255
1.72400 0.00254 0.00254
1.72800 0.00253 0.00253
1.73200 0.00251 0.00251
1.73600 0.00249 0.00249
1.74000 0.00247 0.00247
1.74400 0.00245 0.00245
1.74800 0.00243 0.00243
1.75200 0.00241 0.00241
1.75600 0.00240 0.00240
1.76000 0.00239 0.00239
1.76400 0.00237 0.00237
1.76800 0.00236 0.00236
1.77200 0.00235 0.00235
1.77600 0.00235 0.00235
1.78000 0.00234 0.00234
1.78400 0.00233 0.00233
1.78800 0.00233 0.00233
1.79200 0.00232 0.00232
1.79600 0.00231 0.00231
1.80000 0.00229 0.00229
1.80400 0.00227 0.00227
1.80800 0.00226 0.00226
1.81200 0.00224 0.00224
1.81600 0.00222 0.00222
1.82000 0.00221 0.00221
1.82400 0.00220 0.00220
1.82800 0.00218 0.00218
1.83200 0.00217 0.00217
1.83600 0.00217 0.00217
1.84000 0.00216 0.00216
1.84400 0.00215 0.00215
1.84800 0.00215 0.00215
1.85200 0.00214 0.00214
1.85600 0.00213 0.00213
1.86000 0.00212 0.00212
1.86400 0.00211 0.00211
1.86800 0.00209 0.00209
1.87200 0.00207 0.00207
1.87600 0.00206 0.00206
1.88000 0.00204 0.00204
1.88400 0.00203 0.00203
1.88800 0.00202 0.00202
1.89200 0.00201 0.00201
1.89600 0.00200 0.00200
1.90000 0.00199 0.00199
1.90400 0.00198 0.00198
1.90800 0.00197 0.00197
1.91200 0.00196 0.00196
1.91600 0.00196 0.00196
1.92000 0.00195 0.00195
1.92400 0.00194 0.00194
1.92800 0.00193 0.00193
1.93200 0.00192 0.00192
1.93600 0.00191 0.00191
1.94000 0.00190 0.00190
1.94400 0.00189 0.00189
1.94800 0.00188 0.00188
1.95200 0.00187 0.00187
1.95600 0.00186 0.00186
1.96000 0.00185 0.00185
1.96400 0.00184 0.00184
1.96800 0.00183 0.00183
1.97200 0.00182 0.00182
1.97600 0.00182 0.00182
1.98000 0.00181 0.00181
1.98400 0.00180 0.00180
1.98800 0.00179 0.00179
1.99200 0.00179 0.00179
1.99600 0.00178 0.00178
2.00000 0.00177 0.00177
