-2.00000 0.00176 0.00176
-1.99600 0.00177 0.00177
-1.99200 0.00178 0.00178
-1.98800 0.00179 0.00179
-1.98400 0.00180 0.00180
-1.98000 0.00181 0.00181
-1.97600 0.00182 0.00182
-1.97200 0.00183 0.00183
-1.96800 0.00184 0.00184
-1.96400 0.00184 0.00184
-1.96000 0.00185 0.00185
-1.95600 0.00186 0.00186
-1.95200 0.00187 0.00187
-1.94800 0.00187 0.00187
-1.94400 0.00188 0.00188
-1.94000 0.00189 0.00189
-1.93600 0.00190 0.00190
-1.93200 0.00191 0.00191
-1.92800 0.00192 0.00192
-1.92400 0.00194 0.00194
-1.92000 0.00195 0.00195
-1.91600 0.00196 0.00196
-1.91200 0.00197 0.00197
-1.90800 0.00198 0.00198
-1.90400 0.00199 0.00199
-1.90000 0.00200 0.00200
-1.89600 0.00200 0.00200
-1.89200 0.00201 0.00201
-1.88800 0.00202 0.00202
-1.88400 0.00203 0.00203
-1.88000 0.00204 0.00204
-1.87600 0.00205 0.00205
-1.87200 0.00206 0.00206
-1.86800 0.00208 0.00208
-1.86400 0.00209 0.00209
-1.86000 0.00211 0.00211
-1.85600 0.00212 0.00212
-1.85200 0.00214 0.00214
-1.84800 0.00216 0.00216
-1.84400 0.00217 0.00217
-1.84000 0.00218 0.00218
-1.83600 0.00218 0.00218
-1.83200 0.00219 0.00219
-1.82800 0.00219 0.00219
-1.82400 0.00220 0.00220
-1.82000 0.00221 0.00221
-1.81600 0.00222 0.00222
-1.81200 0.00223 0.00223
-1.80800 0.00224 0.00224
-1.80400 0.00226 0.00226
-1.80000 0.00227 0.00227
-1.79600 0.00229 0.00229
-1.79200 0.00231 0.00231
-1.78800 0.00233 0.00233
-1.78400 0.00234 0.00234
-1.78000 0.00236 0.00236
-1.77600 0.00237 0.00237
-1.77200 0.00237 0.00237
-1.76800 0.00238 0.00238
-1.76400 0.00239 0.00239
-1.76000 0.00239 0.00239
-1.75600 0.00240 0.00240
-1.75200 0.00241 0.00241
-1.74800 0.00243 0.00243
-1.74400 0.00244 0.00244
-1.74000 0.00246 0.00246
-1.73600 0.00247 0.00247
-1.73200 0.00249 0.00249
-1.72800 0.00251 0.00251
-1.72400 0.00253 0.00253
-1.72000 0.00256 0.00256
-1.71600 0.00258 0.00258
-1.71200 0.00260 0.00260
-1.70800 0.00261 0.00261
-1.70400 0.00262 0.00262
-1.70000 0.00263 0.00263
-1.69600 0.00263 0.00263
-1.69200 0.00264 0.00264
-1.68800 0.00266 0.00266
-1.68400 0.00267 0.00267
-1.68000 0.00269 0.00269
-1.67600 0.00271 0.00271
-1.67200 0.00273 0.00273
-1.66800 0.00276 0.00276
-1.66400 0.00278 0.00278
-1.66000 0.00282 0.00282
-1.65600 0.00286 0.00286
-1.65200 0.00290 0.00290
-1.64800 0.00294 0.00294
-1.64400 0.00298 0.00298
-1.64000 0.00300 0.00300
-1.63600 0.00301 0.00301
-1.63200 0.00302 0.00302
-1.62800 0.00301 0.00301
-1.62400 0.00301 0.00301
-1.62000 0.00301 0.00301
-1.61600 0.00302 0.00302
-1.61200 0.00303 0.00303
-1.60800 0.00305 0.00305
-1.60400 0.00308 0.00308
-1.60000 0.00311 0.00311
-1.59600 0.00314 0.00314
-1.59200 0.00318 0.00318
-1.58800 0.00322 0.00322
-1.58400 0.00326 0.00326
-1.58000 0.00328 0.00328
-1.57600 0.00329 0.00329
-1.57200 0.00329 0.00329
-1.56800 0.00329 0.00329
-1.56400 0.00329 0.00329
-1.56000 0.00330 0.00330
-1.55600 0.00331 0.00331
-1.55200 0.00333 0.00333
-1.54800 0.00335 0.00335
-1.54400 0.00338 0.00338
-1.54000 0.00341 0.00341
-1.53600 0.00346 0.00346
-1.53200 0.00350 0.00350
-1.52800 0.00356 0.00356
-1.52400 0.00363 0.00363
-1.52000 0.00369 0.00369
-1.51600 0.00376 0.00376
-1.51200 0.00381 0.00381
-1.50800 0.00384 0.00384
-1.50400 0.00385 0.00385
-1.50000 0.00384 0.00384
-1.49600 0.00383 0.00383
-1.49200 0.00383 0.00383
-1.48800 0.00384 0.00384
-1.48400 0.00387 0.00387
-1.48000 0.00390 0.00390
-1.47600 0.00395 0.00395
-1.47200 0.00402 0.00402
-1.46800 0.00410 0.00410
-1.46400 0.00418 0.00418
-1.46000 0.00427 0.00427
-1.45600 0.00435 0.00435
-1.45200 0.00439 0.00439
-1.44800 0.00440 0.00440
-1.44400 0.00438 0.00438
-1.44000 0.00435 0.00435
-1.43600 0.00433 0.00433
-1.43200 0.00433 0.00433
-1.42800 0.00434 0.00434
-1.42400 0.00436 0.00436
-1.42000 0.00440 0.00440
-1.41600 0.00446 0.00446
-1.41200 0.00454 0.00454
-1.40800 0.00463 0.00463
-1.40400 0.00475 0.00475
-1.40000 0.00488 0.00488
-1.39600 0.00503 0.00503
-1.39200 0.00516 0.00516
-1.38800 0.00526 0.00526
-1.38400 0.00529 0.00529
-1.38000 0.00526 0.00526
-1.37600 0.00520 0.00520
-1.37200 0.00513 0.00513
-1.36800 0.00509 0.00509
-1.36400 0.00506 0.00506
-1.36000 0.00506 0.00506
-1.35600 0.00509 0.00509
-1.35200 0.00513 0.00513
-1.34800 0.00520 0.00520
-1.34400 0.00530 0.00530
-1.34000 0.00541 0.00541
-1.33600 0.00555 0.00555
-1.33200 0.00568 0.00568
-1.32800 0.00578 0.00578
-1.32400 0.00584 0.00584
-1.32000 0.00584 0.00584
-1.31600 0.00581 0.00581
-1.31200 0.00577 0.00577
-1.30800 0.00574 0.00574
-1.30400 0.00574 0.00574
-1.30000 0.00576 0.00576
-1.29600 0.00580 0.00580
-1.29200 0.00587 0.00587
-1.28800 0.00597 0.00597
-1.28400 0.00609 0.00609
-1.28000 0.00625 0.00625
-1.27600 0.00643 0.00643
-1.27200 0.00664 0.00664
-1.26800 0.00685 0.00685
-1.26400 0.00703 0.00703
-1.26000 0.00713 0.00713
-1.25600 0.00715 0.00715
-1.25200 0.00712 0.00712
-1.24800 0.00708 0.00708
-1.24400 0.00707 0.00707
-1.24000 0.00709 0.00709
-1.23600 0.00717 0.00717
-1.23200 0.00730 0.00730
-1.22800 0.00748 0.00748
-1.22400 0.00773 0.00773
-1.22000 0.00803 0.00803
-1.21600 0.00837 0.00837
-1.21200 0.00872 0.00872
-1.20800 0.00899 0.00899
-1.20400 0.00913 0.00913
-1.20000 0.00910 0.00910
-1.19600 0.00898 0.00898
-1.19200 0.00883 0.00883
-1.18800 0.00871 0.00871
-1.18400 0.00866 0.00866
-1.18000 0.00868 0.00868
-1.17600 0.00877 0.00877
-1.17200 0.00894 0.00894
-1.16800 0.00919 0.00919
-1.16400 0.00953 0.00953
-1.16000 0.00995 0.00995
-1.15600 0.01044 0.01044
-1.15200 0.01094 0.01094
-1.14800 0.01134 0.01134
-1.14400 0.01155 0.01155
-1.14000 0.01153 0.01153
-1.13600 0.01134 0.01134
-1.13200 0.01111 0.01111
-1.12800 0.01092 0.01092
-1.12400 0.01082 0.01082
-1.12000 0.01083 0.01083
-1.11600 0.01093 0.01093
-1.11200 0.01115 0.01115
-1.10800 0.01148 0.01148
-1.10400 0.01193 0.01193
-1.10000 0.01251 0.01251
-1.09600 0.01318 0.01318
-1.09200 0.01389 0.01389
-1.08800 0.01452 0.01452
-1.08400 0.01493 0.01493
-1.08000 0.01503 0.01503
-1.07600 0.01492 0.01492
-1.07200 0.01472 0.01472
-1.06800 0.01460 0.01460
-1.06400 0.01462 0.01462
-1.06000 0.01482 0.01482
-1.05600 0.01522 0.01522
-1.05200 0.01583 0.01583
-1.04800 0.01666 0.01666
-1.04400 0.01767 0.01767
-1.04000 0.01878 0.01878
-1.03600 0.01981 0.01981
-1.03200 0.02053 0.02053
-1.02800 0.02081 0.02081
-1.02400 0.02073 0.02073
-1.02000 0.02051 0.02051
-1.01600 0.02040 0.02040
-1.01200 0.02054 0.02054
-1.00800 0.02100 0.02100
-1.00400 0.02184 0.02184
-1.00000 0.02308 0.02308
-0.99600 0.02477 0.02477
-0.99200 0.02690 0.02690
-0.98800 0.02938 0.02938
-0.98400 0.03193 0.03193
-0.98000 0.03403 0.03403
-0.97600 0.03514 0.03514
-0.97200 0.03509 0.03509
-0.96800 0.03425 0.03425
-0.96400 0.03323 0.03323
-0.96000 0.03253 0.03253
-0.95600 0.03242 0.03242
-0.95200 0.03303 0.03303
-0.94800 0.03443 0.03443
-0.94400 0.03670 0.03670
-0.94000 0.03991 0.03991
-0.93600 0.04409 0.04409
-0.93200 0.04911 0.04911
-0.92800 0.05445 0.05445
-0.92400 0.05904 0.05904
-0.92000 0.06156 0.06156
-0.91600 0.06124 0.06124
-0.91200 0.05858 0.05858
-0.90800 0.05489 0.05489
-0.90400 0.05141 0.05141
-0.90000 0.04882 0.04882
-0.89600 0.04741 0.04741
-0.89200 0.04723 0.04723
-0.88800 0.04827 0.04827
-0.88400 0.05051 0.05051
-0.88000 0.05387 0.05387
-0.87600 0.05805 0.05805
-0.87200 0.06245 0.06245
-0.86800 0.06618 0.06618
-0.86400 0.06856 0.06856
-0.86000 0.06974 0.06974
-0.85600 0.07068 0.07068
-0.85200 0.07251 0.07251
-0.84800 0.07599 0.07599
-0.84400 0.08136 0.08136
-0.84000 0.08820 0.08820
-0.83600 0.09523 0.09523
-0.83200 0.10034 0.10034
-0.82800 0.10152 0.10152
-0.82400 0.09845 0.09845
-0.82000 0.09271 0.09271
-0.81600 0.08652 0.08652
-0.81200 0.08148 0.08148
-0.80800 0.07837 0.07837
-0.80400 0.07743 0.07743
-0.80000 0.07874 0.07874
-0.79600 0.08229 0.08229
-0.79200 0.08796 0.08796
-0.78800 0.09537 0.09537
-0.78400 0.10347 0.10347
-0.78000 0.11047 0.11047
-0.77600 0.11443 0.11443
-0.77200 0.11476 0.11476
-0.76800 0.11277 0.11277
-0.76400 0.11075 0.11075
-0.76000 0.11060 0.11060
-0.75600 0.11344 0.11344
-0.75200 0.11976 0.11976
-0.74800 0.12953 0.12953
-0.74400 0.14189 0.14189
-0.74000 0.15461 0.15461
-0.73600 0.16402 0.16402
-0.73200 0.16646 0.16646
-0.72800 0.16100 0.16100
-0.72400 0.15022 0.15022
-0.72000 0.13805 0.13805
-0.71600 0.12739 0.12739
-0.71200 0.11967 0.11967
-0.70800 0.11529 0.11529
-0.70400 0.11425 0.11425
-0.70000 0.11647 0.11647
-0.69600 0.12179 0.12179
-0.69200 0.12989 0.12989
-0.68800 0.13987 0.13987
-0.68400 0.14993 0.14993
-0.68000 0.15774 0.15774
-0.67600 0.16182 0.16182
-0.67200 0.16297 0.16297
-0.66800 0.16379 0.16379
-0.66400 0.16703 0.16703
-0.66000 0.17454 0.17454
-0.65600 0.18721 0.18721
-0.65200 0.20487 0.20487
-0.64800 0.22584 0.22584
-0.64400 0.24621 0.24621
-0.64000 0.26041 0.26041
-0.63600 0.26436 0.26436
-0.63200 0.25894 0.25894
-0.62800 0.24940 0.24940
-0.62400 0.24142 0.24142
-0.62000 0.23826 0.23826
-0.61600 0.24028 0.24028
-0.61200 0.24519 0.24519
-0.60800 0.24879 0.24879
-0.60400 0.24727 0.24727
-0.60000 0.23998 0.23998
-0.59600 0.22994 0.22994
-0.59200 0.22119 0.22119
-0.58800 0.21676 0.21676
-0.58400 0.21824 0.21824
-0.58000 0.22642 0.22642
-0.57600 0.24166 0.24166
-0.57200 0.26386 0.26386
-0.56800 0.29170 0.29170
-0.56400 0.32150 0.32150
-0.56000 0.34681 0.34681
-0.55600 0.36085 0.36085
-0.55200 0.36170 0.36170
-0.54800 0.35434 0.35434
-0.54400 0.34690 0.34690
-0.54000 0.34587 0.34587
-0.53600 0.35435 0.35435
-0.53200 0.37208 0.37208
-0.52800 0.39530 0.39530
-0.52400 0.41680 0.41680
-0.52000 0.42869 0.42869
-0.51600 0.42788 0.42788
-0.51200 0.41898 0.41898
-0.50800 0.41018 0.41018
-0.50400 0.40746 0.40746
-0.50000 0.41172 0.41172
-0.49600 0.41857 0.41857
-0.49200 0.42038 0.42038
-0.48800 0.41128 0.41128
-0.48400 0.39192 0.39192
-0.48000 0.36859 0.36859
-0.47600 0.34819 0.34819
-0.47200 0.33515 0.33515
-0.46800 0.33152 0.33152
-0.46400 0.33816 0.33816
-0.46000 0.35557 0.35557
-0.45600 0.38405 0.38405
-0.45200 0.42320 0.42320
-0.44800 0.47055 0.47055
-0.44400 0.52018 0.52018
-0.44000 0.56339 0.56339
-0.43600 0.59386 0.59386
-0.43200 0.61348 0.61348
-0.42800 0.63067 0.63067
-0.42400 0.65204 0.65204
-0.42000 0.67573 0.67573
-0.41600 0.69137 0.69137
-0.41200 0.68781 0.68781
-0.40800 0.66365 0.66365
-0.40400 0.62887 0.62887
-0.40000 0.59609 0.59609
-0.39600 0.57219 0.57219
-0.39200 0.55614 0.55614
-0.38800 0.54140 0.54140
-0.38400 0.52149 0.52149
-0.38000 0.49557 0.49557
-0.37600 0.46870 0.46870
-0.37200 0.44734 0.44734
-0.36800 0.43587 0.43587
-0.36400 0.43635 0.43635
-0.36000 0.44930 0.44930
-0.35600 0.47436 0.47436
-0.35200 0.51050 0.51050
-0.34800 0.55673 0.55673
-0.34400 0.61344 0.61344
-0.34000 0.68241 0.68241
-0.33600 0.76327 0.76327
-0.33200 0.84787 0.84787
-0.32800 0.91727 0.91727
-0.32400 0.94841 0.94841
-0.32000 0.93081 0.93081
-0.31600 0.87651 0.87651
-0.31200 0.80986 0.80986
-0.30800 0.75077 0.75077
-0.30400 0.70753 0.70753
-0.30000 0.67806 0.67806
-0.29600 0.65412 0.65412
-0.29200 0.62752 0.62752
-0.28800 0.59564 0.59564
-0.28400 0.56106 0.56106
-0.28000 0.52731 0.52731
-0.27600 0.49698 0.49698
-0.27200 0.47263 0.47263
-0.26800 0.45692 0.45692
-0.26400 0.45196 0.45196
-0.26000 0.45908 0.45908
-0.25600 0.47918 0.47918
-0.25200 0.51297 0.51297
-0.24800 0.56094 0.56094
-0.24400 0.62301 0.62301
-0.24000 0.69774 0.69774
-0.23600 0.77999 0.77999
-0.23200 0.85753 0.85753
-0.22800 0.91202 0.91202
-0.22400 0.92966 0.92966
-0.22000 0.91296 0.91296
-0.21600 0.87750 0.87750
-0.21200 0.83717 0.83717
-0.20800 0.79640 0.79640
-0.20400 0.75462 0.75462
-0.20000 0.71393 0.71393
-0.19600 0.68003 0.68003
-0.19200 0.65776 0.65776
-0.18800 0.64811 0.64811
-0.18400 0.64920 0.64920
-0.18000 0.65948 0.65948
-0.17600 0.67982 0.67982
-0.17200 0.71170 0.71170
-0.16800 0.75322 0.75322
-0.16400 0.79636 0.79636
-0.16000 0.82920 0.82920
-0.15600 0.84426 0.84426
-0.15200 0.84534 0.84534
-0.14800 0.84340 0.84340
-0.14400 0.84618 0.84618
-0.14000 0.85346 0.85346
-0.13600 0.86056 0.86056
-0.13200 0.86444 0.86444
-0.12800 0.86425 0.86425
-0.12400 0.85774 0.85774
-0.12000 0.84227 0.84227
-0.11600 0.82066 0.82066
-0.11200 0.80205 0.80205
-0.10800 0.79680 0.79680
-0.10400 0.81245 0.81245
-0.10000 0.85351 0.85351
-0.09600 0.92229 0.92229
-0.09200 1.01841 1.01841
-0.08800 1.13576 1.13576
-0.08400 1.25807 1.25807
-0.08000 1.35870 1.35870
-0.07600 1.41261 1.41261
-0.07200 1.41524 1.41524
-0.06800 1.38482 1.38482
-0.06400 1.34392 1.34392
-0.06000 1.30512 1.30512
-0.05600 1.27431 1.27431
-0.05200 1.25956 1.25956
-0.04800 1.27248 1.27248
-0.04400 1.32410 1.32410
-0.04000 1.42218 1.42218
-0.03600 1.56996 1.56996
-0.03200 1.76250 1.76250
-0.02800 1.97889 1.97889
-0.02400 2.17544 2.17544
-0.02000 2.29531 2.29531
-0.01600 2.30430 2.30430
-0.01200 2.22186 2.22186
-0.00800 2.10624 2.10624
-0.00400 2.01444 2.01444
0.00000 1.98036 1.98036
0.00400 2.01444 2.01444
0.00800 2.10623 2.10623
0.01200 2.22184 2.22184
0.01600 2.30428 2.30428
0.02000 2.29527 2.29527
0.02400 2.17540 2.17540
0.02800 1.97886 1.97886
0.03200 1.76247 1.76247
0.03600 1.56995 1.56995
0.04000 1.42219 1.42219
0.04400 1.32412 1.32412
0.04800 1.27253 1.27253
0.05200 1.25965 1.25965
0.05600 1.27449 1.27449
0.06000 1.30545 1.30545
0.06400 1.34443 1.34443
0.06800 1.38547 1.38547
0.07200 1.41582 1.41582
0.07600 1.41288 1.41288
0.08000 1.35851 1.35851
0.08400 1.25750 1.25750
0.08800 1.13501 1.13501
0.09200 1.01765 1.01765
0.09600 0.92160 0.92160
0.10000 0.85289 0.85289
0.10400 0.81189 0.81189
0.10800 0.79627 0.79627
0.11200 0.80153 0.80153
0.11600 0.82013 0.82013
0.12000 0.84176 0.84176
0.12400 0.85728 0.85728
0.12800 0.86395 0.86395
0.13200 0.86435 0.86435
0.13600 0.86068 0.86068
0.14000 0.85378 0.85378
0.14400 0.84669 0.84669
0.14800 0.84411 0.84411
0.15200 0.84626 0.84626
0.15600 0.84537 0.84537
0.16000 0.83047 0.83047
0.16400 0.79774 0.79774
0.16800 0.75468 0.75468
0.17200 0.71319 0.71319
0.17600 0.68122 0.68122
0.18000 0.66064 0.66064
0.18400 0.64997 0.64997
0.18800 0.64847 0.64847
0.19200 0.65780 0.65780
0.19600 0.67988 0.67988
0.20000 0.71367 0.71367
0.20400 0.75429 0.75429
0.20800 0.79598 0.79598
0.21200 0.83660 0.83660
0.21600 0.87662 0.87662
0.22000 0.91154 0.91154
0.22400 0.92747 0.92747
0.22800 0.90906 0.90906
0.23200 0.85414 0.85414
0.23600 0.77675 0.77675
0.24000 0.69515 0.69515
0.24400 0.62135 0.62135
0.24800 0.56019 0.56019
0.25200 0.51290 0.51290
0.25600 0.47952 0.47952
0.26000 0.45968 0.45968
0.26400 0.45277 0.45277
0.26800 0.45794 0.45794
0.27200 0.47389 0.47389
0.27600 0.49847 0.49847
0.28000 0.52891 0.52891
0.28400 0.56257 0.56257
0.28800 0.59693 0.59693
0.29200 0.62865 0.62865
0.29600 0.65523 0.65523
0.30000 0.67922 0.67922
0.30400 0.70868 0.70868
0.30800 0.75183 0.75183
0.31200 0.81081 0.81081
0.31600 0.87736 0.87736
0.32000 0.93158 0.93158
0.32400 0.94906 0.94906
0.32800 0.91768 0.91768
0.33200 0.84791 0.84791
0.33600 0.76291 0.76291
0.34000 0.68181 0.68181
0.34400 0.61295 0.61295
0.34800 0.55669 0.55669
0.35200 0.51101 0.51101
0.35600 0.47519 0.47519
0.36000 0.45014 0.45014
0.36400 0.43699 0.43699
0.36800 0.43622 0.43622
0.37200 0.44736 0.44736
0.37600 0.46840 0.46840
0.38000 0.49494 0.49494
0.38400 0.52054 0.52054
0.38800 0.54012 0.54012
0.39200 0.55450 0.55450
0.39600 0.57017 0.57017
0.40000 0.59372 0.59372
0.40400 0.62634 0.62634
0.40800 0.66130 0.66130
0.41200 0.68609 0.68609
0.41600 0.69046 0.69046
0.42000 0.67542 0.67542
0.42400 0.65191 0.65191
0.42800 0.63044 0.63044
0.43200 0.61313 0.61313
0.43600 0.59359 0.59359
0.44000 0.56337 0.56337
0.44400 0.52045 0.52045
0.44800 0.47102 0.47102
0.45200 0.42374 0.42374
0.45600 0.38460 0.38460
0.46000 0.35611 0.35611
0.46400 0.33872 0.33872
0.46800 0.33211 0.33211
0.47200 0.33582 0.33582
0.47600 0.34900 0.34900
0.48000 0.36962 0.36962
0.48400 0.39327 0.39327
0.48800 0.41299 0.41299
0.49200 0.42235 0.42235
0.49600 0.42051 0.42051
0.50000 0.41332 0.41332
0.50400 0.40850 0.40850
0.50800 0.41062 0.41062
0.51200 0.41897 0.41897
0.51600 0.42769 0.42769
0.52000 0.42858 0.42858
0.52400 0.41686 0.41686
0.52800 0.39540 0.39540
0.53200 0.37201 0.37201
0.53600 0.35395 0.35395
0.54000 0.34506 0.34506
0.54400 0.34572 0.34572
0.54800 0.35295 0.35295
0.55200 0.36041 0.36041
0.55600 0.36000 0.36000
0.56000 0.34654 0.34654
0.56400 0.32173 0.32173
0.56800 0.29218 0.29218
0.57200 0.26443 0.26443
0.57600 0.24222 0.24222
0.58000 0.22696 0.22696
0.58400 0.21878 0.21878
0.58800 0.21730 0.21730
0.59200 0.22171 0.22171
0.59600 0.23035 0.23035
0.60000 0.24012 0.24012
0.60400 0.24692 0.24692
0.60800 0.24787 0.24787
0.61200 0.24375 0.24375
0.61600 0.23846 0.23846
0.62000 0.23618 0.23618
0.62400 0.23920 0.23920
0.62800 0.24727 0.24727
0.63200 0.25730 0.25730
0.63600 0.26373 0.26373
0.64000 0.26106 0.26106
0.64400 0.24785 0.24785
0.64800 0.22782 0.22782
0.65200 0.20661 0.20661
0.65600 0.18839 0.18839
0.66000 0.17507 0.17507
0.66400 0.16692 0.16692
0.66800 0.16318 0.16318
0.67200 0.16212 0.16212
0.67600 0.16109 0.16109
0.68000 0.15744 0.15744
0.68400 0.15012 0.15012
0.68800 0.14035 0.14035
0.69200 0.13046 0.13046
0.69600 0.12231 0.12231
0.70000 0.11687 0.11687
0.70400 0.11453 0.11453
0.70800 0.11544 0.11544
0.71200 0.11970 0.11970
0.71600 0.12733 0.12733
0.72000 0.13793 0.13793
0.72400 0.15014 0.15014
0.72800 0.16108 0.16108
0.73200 0.16682 0.16682
0.73600 0.16466 0.16466
0.74000 0.15541 0.15541
0.74400 0.14267 0.14267
0.74800 0.13018 0.13018
0.75200 0.12022 0.12022
0.75600 0.11369 0.11369
0.76000 0.11067 0.11067
0.76400 0.11066 0.11066
0.76800 0.11256 0.11256
0.77200 0.11449 0.11449
0.77600 0.11419 0.11419
0.78000 0.11029 0.11029
0.78400 0.10335 0.10335
0.78800 0.09528 0.09528
0.79200 0.08787 0.08787
0.79600 0.08216 0.08216
0.80000 0.07858 0.07858
0.80400 0.07721 0.07721
0.80800 0.07809 0.07809
0.81200 0.08114 0.08114
0.81600 0.08613 0.08613
0.82000 0.09232 0.09232
0.82400 0.09816 0.09816
0.82800 0.10142 0.10142
0.83200 0.10045 0.10045
0.83600 0.09547 0.09547
0.84000 0.08842 0.08842
0.84400 0.08145 0.08145
0.84800 0.07590 0.07590
0.85200 0.07224 0.07224
0.85600 0.07027 0.07027
0.86000 0.06929 0.06929
0.86400 0.06820 0.06820
0.86800 0.06601 0.06601
0.87200 0.06247 0.06247
0.87600 0.05819 0.05819
0.88000 0.05404 0.05404
0.88400 0.05069 0.05069
0.88800 0.04842 0.04842
0.89200 0.04736 0.04736
0.89600 0.04752 0.04752
0.90000 0.04892 0.04892
0.90400 0.05150 0.05150
0.90800 0.05498 0.05498
0.91200 0.05866 0.05866
0.91600 0.06132 0.06132
0.92000 0.06164 0.06164
0.92400 0.05912 0.05912
0.92800 0.05451 0.05451
0.93200 0.04916 0.04916
0.93600 0.04413 0.04413
0.94000 0.03994 0.03994
0.94400 0.03672 0.03672
0.94800 0.03445 0.03445
0.95200 0.03304 0.03304
0.95600 0.03242 0.03242
0.96000 0.03252 0.03252
0.96400 0.03322 0.03322
0.96800 0.03423 0.03423
0.97200 0.03508 0.03508
0.97600 0.03515 0.03515
0.98000 0.03406 0.03406
0.98400 0.03196 0.03196
0.98800 0.02941 0.02941
0.99200 0.02692 0.02692
0.99600 0.02478 0.02478
1.00000 0.02308 0.02308
1.00400 0.02182 0.02182
1.00800 0.02096 0.02096
1.01200 0.02048 0.02048
1.01600 0.02033 0.02033
1.02000 0.02043 0.02043
1.02400 0.02064 0.02064
1.02800 0.02075 0.02075
1.03200 0.02051 0.02051
1.03600 0.01982 0.01982
1.04000 0.01881 0.01881
1.04400 0.01771 0.01771
1.04800 0.01669 0.01669
1.05200 0.01586 0.01586
1.05600 0.01524 0.01524
1.06000 0.01483 0.01483
1.06400 0.01462 0.01462
1.06800 0.01459 0.01459
1.07200 0.01471 0.01471
1.07600 0.01490 0.01490
1.08000 0.01502 0.01502
1.08400 0.01493 0.01493
1.08800 0.01453 0.01453
1.09200 0.01391 0.01391
1.09600 0.01320 0.01320
1.10000 0.01252 0.01252
1.10400 0.01194 0.01194
1.10800 0.01149 0.01149
1.11200 0.01116 0.01116
1.11600 0.01094 0.01094
1.12000 0.01082 0.01082
1.12400 0.01082 0.01082
1.12800 0.01092 0.01092
1.13200 0.01110 0.01110
1.13600 0.01133 0.01133
1.14000 0.01152 0.01152
1.14400 0.01155 0.01155
1.14800 0.01135 0.01135
1.15200 0.01095 0.01095
1.15600 0.01046 0.01046
1.16000 0.00996 0.00996
1.16400 0.00954 0.00954
1.16800 0.00920 0.00920
1.17200 0.00894 0.00894
1.17600 0.00876 0.00876
1.18000 0.00866 0.00866
1.18400 0.00864 0.00864
1.18800 0.00869 0.00869
1.19200 0.00880 0.00880
1.19600 0.00895 0.00895
1.20000 0.00908 0.00908
1.20400 0.00911 0.00911
1.20800 0.00898 0.00898
1.21200 0.00872 0.00872
1.21600 0.00838 0.00838
1.22000 0.00804 0.00804
1.22400 0.00773 0.00773
1.22800 0.00749 0.00749
1.23200 0.00731 0.00731
1.23600 0.00718 0.00718
1.24000 0.00710 0.00710
1.24400 0.00708 0.00708
1.24800 0.00709 0.00709
1.25200 0.00713 0.00713
1.25600 0.00716 0.00716
1.26000 0.00713 0.00713
1.26400 0.00703 0.00703
1.26800 0.00685 0.00685
1.27200 0.00664 0.00664
1.27600 0.00643 0.00643
1.28000 0.00625 0.00625
1.28400 0.00609 0.00609
1.28800 0.00597 0.00597
1.29200 0.00587 0.00587
1.29600 0.00580 0.00580
1.30000 0.00576 0.00576
1.30400 0.00574 0.00574
1.30800 0.00575 0.00575
1.31200 0.00578 0.00578
1.31600 0.00582 0.00582
1.32000 0.00585 0.00585
1.32400 0.00585 0.00585
1.32800 0.00579 0.00579
1.33200 0.00568 0.00568
1.33600 0.00555 0.00555
1.34000 0.00541 0.00541
1.34400 0.00530 0.00530
1.34800 0.00520 0.00520
1.35200 0.00513 0.00513
1.35600 0.00508 0.00508
1.36000 0.00506 0.00506
1.36400 0.00506 0.00506
1.36800 0.00508 0.00508
1.37200 0.00513 0.00513
1.37600 0.00519 0.00519
1.38000 0.00526 0.00526
1.38400 0.00529 0.00529
1.38800 0.00526 0.00526
1.39200 0.00516 0.00516
1.39600 0.00503 0.00503
1.40000 0.00488 0.00488
1.40400 0.00475 0.00475
1.40800 0.00463 0.00463
1.41200 0.00454 0.00454
1.41600 0.00446 0.00446
1.42000 0.00440 0.00440
1.42400 0.00436 0.00436
1.42800 0.00434 0.00434
1.43200 0.00433 0.00433
1.43600 0.00433 0.00433
1.44000 0.00435 0.00435
1.44400 0.00438 0.00438
1.44800 0.00440 0.00440
1.45200 0.00439 0.00439
1.45600 0.00434 0.00434
1.46000 0.00427 0.00427
1.46400 0.00418 0.00418
1.46800 0.00409 0.00409
1.47200 0.00402 0.00402
1.47600 0.00395 0.00395
1.48000 0.00390 0.00390
1.48400 0.00387 0.00387
1.48800 0.00384 0.00384
1.49200 0.00383 0.00383
1.49600 0.00383 0.00383
1.50000 0.00384 0.00384
1.50400 0.00385 0.00385
1.50800 0.00384 0.00384
1.51200 0.00381 0.00381
1.51600 0.00376 0.00376
1.52000 0.00369 0.00369
1.52400 0.00363 0.00363
1.52800 0.00356 0.00356
1.53200 0.00350 0.00350
1.53600 0.00346 0.00346
1.54000 0.00341 0.00341
1.54400 0.00338 0.00338
1.54800 0.00335 0.00335
1.55200 0.00333 0.00333
1.55600 0.00331 0.00331
1.56000 0.00330 0.00330
1.56400 0.00329 0.00329
1.56800 0.00329 0.00329
1.57200 0.00329 0.00329
1.57600 0.00329 0.00329
1.58000 0.00328 0.00328
1.58400 0.00326 0.00326
1.58800 0.00322 0.00322
1.59200 0.00319 0.00319
1.59600 0.00315 0.00315
1.60000 0.00311 0.00311
1.60400 0.00308 0.00308
1.60800 0.00305 0.00305
1.61200 0.00303 0.00303
1.61600 0.00302 0.00302
1.62000 0.00301 0.00301
1.62400 0.00301 0.00301
1.62800 0.00301 0.00301
1.63200 0.00302 0.00302
1.63600 0.00302 0.00302
1.64000 0.00300 0.00300
1.64400 0.00298 0.00298
1.64800 0.00294 0.00294
1.65200 0.00290 0.00290
1.65600 0.00285 0.00285
1.66000 0.00282 0.00282
1.66400 0.00278 0.00278
1.66800 0.00276 0.00276
1.67200 0.00273 0.00273
1.67600 0.00271 0.00271
1.68000 0.00269 0.00269
1.68400 0.00267 0.00267
1.68800 0.00266 0.00266
1.69200 0.00264 0.00264
1.69600 0.00263 0.00263
1.70000 0.00262 0.00262
1.70400 0.00262 0.00262
1.70800 0.00261 0.00261
1.71200 0.00260 0.00260
1.71600 0.00258 0.00258
1.72000 0.00256 0.00256
1.72400 0.00253 0.00253
1.72800 0.00251 0.00251
1.73200 0.00249 0.00249
1.73600 0.00247 0.00247
1.74000 0.00246 0.00246
1.74400 0.00244 0.00244
1.74800 0.00243 0.00243
1.75200 0.00241 0.00241
1.75600 0.00240 0.00240
1.76000 0.00239 0.00239
1.76400 0.00239 0.00239
1.76800 0.00238 0.00238
1.77200 0.00237 0.00237
1.77600 0.00237 0.00237
1.78000 0.00236 0.00236
1.78400 0.00234 0.00234
1.78800 0.00233 0.00233
1.79200 0.00231 0.00231
1.79600 0.00229 0.00229
1.80000 0.00227 0.00227
1.80400 0.00226 0.00226
1.80800 0.00224 0.00224
1.81200 0.00223 0.00223
1.81600 0.00222 0.00222
1.82000 0.00221 0.00221
1.82400 0.00220 0.00220
1.82800 0.00219 0.00219
1.83200 0.00219 0.00219
1.83600 0.00218 0.00218
1.84000 0.00218 0.00218
1.84400 0.00217 0.00217
1.84800 0.00216 0.00216
1.85200 0.00214 0.00214
1.85600 0.00212 0.00212
1.86000 0.00211 0.00211
1.86400 0.00209 0.00209
1.86800 0.00208 0.00208
1.87200 0.00206 0.00206
1.87600 0.00205 0.00205
1.88000 0.00204 0.00204
1.88400 0.00203 0.00203
1.88800 0.00202 0.00202
1.89200 0.00201 0.00201
1.89600 0.00200 0.00200
1.90000 0.00200 0.00200
1.90400 0.00199 0.00199
1.90800 0.00198 0.00198
1.91200 0.00197 0.00197
1.91600 0.00196 0.00196
1.92000 0.00195 0.00195
1.92400 0.00194 0.00194
1.92800 0.00192 0.00192
1.93200 0.00191 0.00191
1.93600 0.00190 0.00190
1.94000 0.00189 0.00189
1.94400 0.00188 0.00188
1.94800 0.00187 0.00187
1.95200 0.00187 0.00187
1.95600 0.00186 0.00186
1.96000 0.00185 0.00185
1.96400 0.00184 0.00184
1.96800 0.00184 0.00184
1.97200 0.00183 0.00183
1.97600 0.00182 0.00182
1.98000 0.00181 0.00181
1.98400 0.00180 0.00180
1.98800 0.00179 0.00179
1.99200 0.00178 0.00178
1.99600 0.00177 0.00177
2.00000 0.00176 0.00176
