-2.00000 0.00177 0.00177
-1.99600 0.00178 0.00178
-1.99200 0.00179 0.00179
-1.98800 0.00180 0.00180
-1.98400 0.00181 0.00181
-1.98000 0.00182 0.00182
-1.97600 0.00182 0.00182
-1.97200 0.00183 0.00183
-1.96800 0.00183 0.00183
-1.96400 0.00184 0.00184
-1.96000 0.00185 0.00185
-1.95600 0.00186 0.00186
-1.95200 0.00187 0.00187
-1.94800 0.00188 0.00188
-1.94400 0.00189 0.00189
-1.94000 0.00190 0.00190
-1.93600 0.00191 0.00191
-1.93200 0.00192 0.00192
-1.92800 0.00193 0.00193
-1.92400 0.00194 0.00194
-1.92000 0.00195 0.00195
-1.91600 0.00196 0.00196
-1.91200 0.00196 0.00196
-1.90800 0.00197 0.00197
-1.90400 0.00198 0.00198
-1.90000 0.00199 0.00199
-1.89600 0.00199 0.00199
-1.89200 0.00200 0.00200
-1.88800 0.00201 0.00201
-1.88400 0.00202 0.00202
-1.88000 0.00203 0.00203
-1.87600 0.00204 0.00204
-1.87200 0.00205 0.00205
-1.86800 0.00206 0.00206
-1.86400 0.00208 0.00208
-1.86000 0.00209 0.00209
-1.85600 0.00210 0.00210
-1.85200 0.00212 0.00212
-1.84800 0.00213 0.00213
-1.84400 0.00215 0.00215
-1.84000 0.00216 0.00216
-1.83600 0.00217 0.00217
-1.83200 0.00218 0.00218
-1.82800 0.00218 0.00218
-1.82400 0.00219 0.00219
-1.82000 0.00220 0.00220
-1.81600 0.00221 0.00221
-1.81200 0.00222 0.00222
-1.80800 0.00223 0.00223
-1.80400 0.00225 0.00225
-1.80000 0.00226 0.00226
-1.79600 0.00228 0.00228
-1.79200 0.00230 0.00230
-1.78800 0.00231 0.00231
-1.78400 0.00234 0.00234
-1.78000 0.00236 0.00236
-1.77600 0.00238 0.00238
-1.77200 0.00239 0.00239
-1.76800 0.00240 0.00240
-1.76400 0.00241 0.00241
-1.76000 0.00242 0.00242
-1.75600 0.00242 0.00242
-1.75200 0.00243 0.00243
-1.74800 0.00244 0.00244
-1.74400 0.00245 0.00245
-1.74000 0.00246 0.00246
-1.73600 0.00247 0.00247
-1.73200 0.00249 0.00249
-1.72800 0.00251 0.00251
-1.72400 0.00253 0.00253
-1.72000 0.00255 0.00255
-1.71600 0.00258 0.00258
-1.71200 0.00260 0.00260
-1.70800 0.00263 0.00263
-1.70400 0.00266 0.00266
-1.70000 0.00268 0.00268
-1.69600 0.00270 0.00270
-1.69200 0.00271 0.00271
-1.68800 0.00271 0.00271
-1.68400 0.00271 0.00271
-1.68000 0.00272 0.00272
-1.67600 0.00273 0.00273
-1.67200 0.00274 0.00274
-1.66800 0.00276 0.00276
-1.66400 0.00278 0.00278
-1.66000 0.00280 0.00280
-1.65600 0.00283 0.00283
-1.65200 0.00286 0.00286
-1.64800 0.00290 0.00290
-1.64400 0.00294 0.00294
-1.64000 0.00297 0.00297
-1.63600 0.00299 0.00299
-1.63200 0.00301 0.00301
-1.62800 0.00301 0.00301
-1.62400 0.00301 0.00301
-1.62000 0.00301 0.00301
-1.61600 0.00301 0.00301
-1.61200 0.00301 0.00301
-1.60800 0.00303 0.00303
-1.60400 0.00304 0.00304
-1.60000 0.00306 0.00306
-1.59600 0.00309 0.00309
-1.59200 0.00311 0.00311
-1.58800 0.00315 0.00315
-1.58400 0.00319 0.00319
-1.58000 0.00323 0.00323
-1.57600 0.00328 0.00328
-1.57200 0.00333 0.00333
-1.56800 0.00337 0.00337
-1.56400 0.00340 0.00340
-1.56000 0.00342 0.00342
-1.55600 0.00342 0.00342
-1.55200 0.00341 0.00341
-1.54800 0.00341 0.00341
-1.54400 0.00341 0.00341
-1.54000 0.00343 0.00343
-1.53600 0.00344 0.00344
-1.53200 0.00347 0.00347
-1.52800 0.00350 0.00350
-1.52400 0.00354 0.00354
-1.52000 0.00359 0.00359
-1.51600 0.00365 0.00365
-1.51200 0.00371 0.00371
-1.50800 0.00379 0.00379
-1.50400 0.00387 0.00387
-1.50000 0.00395 0.00395
-1.49600 0.00400 0.00400
-1.49200 0.00402 0.00402
-1.48800 0.00401 0.00401
-1.48400 0.00399 0.00399
-1.48000 0.00397 0.00397
-1.47600 0.00396 0.00396
-1.47200 0.00396 0.00396
-1.46800 0.00397 0.00397
-1.46400 0.00400 0.00400
-1.46000 0.00404 0.00404
-1.45600 0.00409 0.00409
-1.45200 0.00416 0.00416
-1.44800 0.00424 0.00424
-1.44400 0.00432 0.00432
-1.44000 0.00440 0.00440
-1.43600 0.00445 0.00445
-1.43200 0.00447 0.00447
-1.42800 0.00446 0.00446
-1.42400 0.00444 0.00444
-1.42000 0.00442 0.00442
-1.41600 0.00441 0.00441
-1.41200 0.00441 0.00441
-1.40800 0.00442 0.00442
-1.40400 0.00445 0.00445
-1.40000 0.00449 0.00449
-1.39600 0.00454 0.00454
-1.39200 0.00461 0.00461
-1.38800 0.00468 0.00468
-1.38400 0.00478 0.00478
-1.38000 0.00489 0.00489
-1.37600 0.00503 0.00503
-1.37200 0.00518 0.00518
-1.36800 0.00534 0.00534
-1.36400 0.00547 0.00547
-1.36000 0.00555 0.00555
-1.35600 0.00557 0.00557
-1.35200 0.00555 0.00555
-1.34800 0.00550 0.00550
-1.34400 0.00547 0.00547
-1.34000 0.00547 0.00547
-1.33600 0.00549 0.00549
-1.33200 0.00554 0.00554
-1.32800 0.00563 0.00563
-1.32400 0.00576 0.00576
-1.32000 0.00592 0.00592
-1.31600 0.00611 0.00611
-1.31200 0.00631 0.00631
-1.30800 0.00649 0.00649
-1.30400 0.00661 0.00661
-1.30000 0.00663 0.00663
-1.29600 0.00657 0.00657
-1.29200 0.00648 0.00648
-1.28800 0.00640 0.00640
-1.28400 0.00635 0.00635
-1.28000 0.00633 0.00633
-1.27600 0.00636 0.00636
-1.27200 0.00642 0.00642
-1.26800 0.00653 0.00653
-1.26400 0.00668 0.00668
-1.26000 0.00688 0.00688
-1.25600 0.00712 0.00712
-1.25200 0.00742 0.00742
-1.24800 0.00772 0.00772
-1.24400 0.00800 0.00800
-1.24000 0.00817 0.00817
-1.23600 0.00819 0.00819
-1.23200 0.00809 0.00809
-1.22800 0.00793 0.00793
-1.22400 0.00778 0.00778
-1.22000 0.00766 0.00766
-1.21600 0.00759 0.00759
-1.21200 0.00759 0.00759
-1.20800 0.00763 0.00763
-1.20400 0.00773 0.00773
-1.20000 0.00788 0.00788
-1.19600 0.00808 0.00808
-1.19200 0.00834 0.00834
-1.18800 0.00865 0.00865
-1.18400 0.00897 0.00897
-1.18000 0.00926 0.00926
-1.17600 0.00944 0.00944
-1.17200 0.00948 0.00948
-1.16800 0.00942 0.00942
-1.16400 0.00931 0.00931
-1.16000 0.00922 0.00922
-1.15600 0.00919 0.00919
-1.15200 0.00922 0.00922
-1.14800 0.00932 0.00932
-1.14400 0.00950 0.00950
-1.14000 0.00975 0.00975
-1.13600 0.01009 0.01009
-1.13200 0.01051 0.01051
-1.12800 0.01104 0.01104
-1.12400 0.01163 0.01163
-1.12000 0.01223 0.01223
-1.11600 0.01272 0.01272
-1.11200 0.01299 0.01299
-1.10800 0.01298 0.01298
-1.10400 0.01280 0.01280
-1.10000 0.01257 0.01257
-1.09600 0.01240 0.01240
-1.09200 0.01233 0.01233
-1.08800 0.01239 0.01239
-1.08400 0.01258 0.01258
-1.08000 0.01292 0.01292
-1.07600 0.01340 0.01340
-1.07200 0.01403 0.01403
-1.06800 0.01482 0.01482
-1.06400 0.01570 0.01570
-1.06000 0.01656 0.01656
-1.05600 0.01723 0.01723
-1.05200 0.01756 0.01756
-1.04800 0.01754 0.01754
-1.04400 0.01734 0.01734
-1.04000 0.01712 0.01712
-1.03600 0.01705 0.01705
-1.03200 0.01717 0.01717
-1.02800 0.01753 0.01753
-1.02400 0.01813 0.01813
-1.02000 0.01901 0.01901
-1.01600 0.02019 0.02019
-1.01200 0.02172 0.02172
-1.00800 0.02361 0.02361
-1.00400 0.02580 0.02580
-1.00000 0.02809 0.02809
-0.99600 0.03007 0.03007
-0.99200 0.03127 0.03127
-0.98800 0.03151 0.03151
-0.98400 0.03104 0.03104
-0.98000 0.03038 0.03038
-0.97600 0.02999 0.02999
-0.97200 0.03013 0.03013
-0.96800 0.03095 0.03095
-0.96400 0.03251 0.03251
-0.96000 0.03490 0.03490
-0.95600 0.03813 0.03813
-0.95200 0.04212 0.04212
-0.94800 0.04651 0.04651
-0.94400 0.05050 0.05050
-0.94000 0.05298 0.05298
-0.93600 0.05319 0.05319
-0.93200 0.05135 0.05135
-0.92800 0.04849 0.04849
-0.92400 0.04569 0.04569
-0.92000 0.04359 0.04359
-0.91600 0.04248 0.04248
-0.91200 0.04245 0.04245
-0.90800 0.04352 0.04352
-0.90400 0.04573 0.04573
-0.90000 0.04906 0.04906
-0.89600 0.05344 0.05344
-0.89200 0.05848 0.05848
-0.88800 0.06335 0.06335
-0.88400 0.06685 0.06685
-0.88000 0.06812 0.06812
-0.87600 0.06739 0.06739
-0.87200 0.06582 0.06582
-0.86800 0.06472 0.06472
-0.86400 0.06493 0.06493
-0.86000 0.06682 0.06682
-0.85600 0.07032 0.07032
-0.85200 0.07487 0.07487
-0.84800 0.07929 0.07929
-0.84400 0.08197 0.08197
-0.84000 0.08181 0.08181
-0.83600 0.07910 0.07910
-0.83200 0.07524 0.07524
-0.82800 0.07172 0.07172
-0.82400 0.06945 0.06945
-0.82000 0.06888 0.06888
-0.81600 0.07017 0.07017
-0.81200 0.07346 0.07346
-0.80800 0.07886 0.07886
-0.80400 0.08645 0.08645
-0.80000 0.09609 0.09609
-0.79600 0.10695 0.10695
-0.79200 0.11718 0.11718
-0.78800 0.12404 0.12404
-0.78400 0.12545 0.12545
-0.78000 0.12168 0.12168
-0.77600 0.11524 0.11524
-0.77200 0.10893 0.10893
-0.76800 0.10464 0.10464
-0.76400 0.10319 0.10319
-0.76000 0.10481 0.10481
-0.75600 0.10929 0.10929
-0.75200 0.11588 0.11588
-0.74800 0.12300 0.12300
-0.74400 0.12835 0.12835
-0.74000 0.12996 0.12996
-0.73600 0.12775 0.12775
-0.73200 0.12359 0.12359
-0.72800 0.11990 0.11990
-0.72400 0.11842 0.11842
-0.72000 0.12010 0.12010
-0.71600 0.12539 0.12539
-0.71200 0.13455 0.13455
-0.70800 0.14753 0.14753
-0.70400 0.16357 0.16357
-0.70000 0.18050 0.18050
-0.69600 0.19447 0.19447
-0.69200 0.20136 0.20136
-0.68800 0.19980 0.19980
-0.68400 0.19253 0.19253
-0.68000 0.18423 0.18423
-0.67600 0.17870 0.17870
-0.67200 0.17792 0.17792
-0.66800 0.18227 0.18227
-0.66400 0.19073 0.19073
-0.66000 0.20063 0.20063
-0.65600 0.20780 0.20780
-0.65200 0.20837 0.20837
-0.64800 0.20159 0.20159
-0.64400 0.19037 0.19037
-0.64000 0.17883 0.17883
-0.63600 0.16994 0.16994
-0.63200 0.16519 0.16519
-0.62800 0.16512 0.16512
-0.62400 0.16997 0.16997
-0.62000 0.17990 0.17990
-0.61600 0.19496 0.19496
-0.61200 0.21469 0.21469
-0.60800 0.23731 0.23731
-0.60400 0.25900 0.25900
-0.60000 0.27458 0.27458
-0.59600 0.28076 0.28076
-0.59200 0.27916 0.27916
-0.58800 0.27532 0.27532
-0.58400 0.27495 0.27495
-0.58000 0.28166 0.28166
-0.57600 0.29664 0.29664
-0.57200 0.31856 0.31856
-0.56800 0.34292 0.34292
-0.56400 0.36193 0.36193
-0.56000 0.36760 0.36760
-0.55600 0.35741 0.35741
-0.55200 0.33650 0.33650
-0.54800 0.31325 0.31325
-0.54400 0.29425 0.29425
-0.54000 0.28286 0.28286
-0.53600 0.28023 0.28023
-0.53200 0.28639 0.28639
-0.52800 0.30051 0.30051
-0.52400 0.32043 0.32043
-0.52000 0.34209 0.34209
-0.51600 0.36024 0.36024
-0.51200 0.37166 0.37166
-0.50800 0.37826 0.37826
-0.50400 0.38598 0.38598
-0.50000 0.40075 0.40075
-0.49600 0.42564 0.42564
-0.49200 0.45965 0.45965
-0.48800 0.49672 0.49672
-0.48400 0.52617 0.52617
-0.48000 0.53777 0.53777
-0.47600 0.52970 0.52970
-0.47200 0.51055 0.51055
-0.46800 0.49249 0.49249
-0.46400 0.48425 0.48425
-0.46000 0.48897 0.48897
-0.45600 0.50426 0.50426
-0.45200 0.52231 0.52231
-0.44800 0.53176 0.53176
-0.44400 0.52380 0.52380
-0.44000 0.49898 0.49898
-0.43600 0.46626 0.46626
-0.43200 0.43583 0.43583
-0.42800 0.41425 0.41425
-0.42400 0.40421 0.40421
-0.42000 0.40590 0.40590
-0.41600 0.41779 0.41779
-0.41200 0.43677 0.43677
-0.40800 0.45893 0.45893
-0.40400 0.48198 0.48198
-0.40000 0.50784 0.50784
-0.39600 0.54182 0.54182
-0.39200 0.58891 0.58891
-0.38800 0.65019 0.65019
-0.38400 0.71971 0.71971
-0.38000 0.78262 0.78262
-0.37600 0.81894 0.81894
-0.37200 0.81620 0.81620
-0.36800 0.78038 0.78038
-0.36400 0.73069 0.73069
-0.36000 0.68496 0.68496
-0.35600 0.65131 0.65131
-0.35200 0.62786 0.62786
-0.34800 0.60661 0.60661
-0.34400 0.58010 0.58010
-0.34000 0.54747 0.54747
-0.33600 0.51437 0.51437
-0.33200 0.48768 0.48768
-0.32800 0.47186 0.47186
-0.32400 0.46849 0.46849
-0.32000 0.47719 0.47719
-0.31600 0.49638 0.49638
-0.31200 0.52437 0.52437
-0.30800 0.56116 0.56116
-0.30400 0.60939 0.60939
-0.30000 0.67253 0.67253
-0.29600 0.75091 0.75091
-0.29200 0.83726 0.83726
-0.28800 0.91388 0.91388
-0.28400 0.95726 0.95726
-0.28000 0.95333 0.95333
-0.27600 0.90979 0.90979
-0.27200 0.84901 0.84901
-0.26800 0.79046 0.79046
-0.26400 0.74140 0.74140
-0.26000 0.69866 0.69866
-0.25600 0.65627 0.65627
-0.25200 0.61264 0.61264
-0.24800 0.57130 0.57130
-0.24400 0.53643 0.53643
-0.24000 0.50980 0.50980
-0.23600 0.49161 0.49161
-0.23200 0.48242 0.48242
-0.22800 0.48378 0.48378
-0.22400 0.49753 0.49753
-0.22000 0.52536 0.52536
-0.21600 0.56848 0.56848
-0.21200 0.62690 0.62690
-0.20800 0.69786 0.69786
-0.20400 0.77400 0.77400
-0.20000 0.84331 0.84331
-0.19600 0.89299 0.89299
-0.19200 0.91643 0.91643
-0.18800 0.91775 0.91775
-0.18400 0.90678 0.90678
-0.18000 0.88888 0.88888
-0.17600 0.86240 0.86240
-0.17200 0.82626 0.82626
-0.16800 0.78615 0.78615
-0.16400 0.75128 0.75128
-0.16000 0.72812 0.72812
-0.15600 0.71904 0.71904
-0.15200 0.72449 0.72449
-0.14800 0.74393 0.74393
-0.14400 0.77394 0.77394
-0.14000 0.80660 0.80660
-0.13600 0.83265 0.83265
-0.13200 0.84863 0.84863
-0.12800 0.85990 0.85990
-0.12400 0.87452 0.87452
-0.12000 0.89581 0.89581
-0.11600 0.92158 0.92158
-0.11200 0.94788 0.94788
-0.10800 0.97031 0.97031
-0.10400 0.98273 0.98273
-0.10000 0.98074 0.98074
-0.09600 0.96876 0.96876
-0.09200 0.95981 0.95981
-0.08800 0.96790 0.96790
-0.08400 1.00239 1.00239
-0.08000 1.06683 1.06683
-0.07600 1.15823 1.15823
-0.07200 1.26472 1.26472
-0.06800 1.36500 1.36500
-0.06400 1.43654 1.43654
-0.06000 1.47070 1.47070
-0.05600 1.47689 1.47689
-0.05200 1.46969 1.46969
-0.04800 1.45945 1.45945
-0.04400 1.45672 1.45672
-0.04000 1.47677 1.47677
-0.03600 1.53517 1.53517
-0.03200 1.64100 1.64100
-0.02800 1.79143 1.79143
-0.02400 1.96597 1.96597
-0.02000 2.12350 2.12350
-0.01600 2.21607 2.21607
-0.01200 2.22249 2.22249
-0.00800 2.16892 2.16892
-0.00400 2.10784 2.10784
0.00000 2.08233 2.08233
0.00400 2.10784 2.10784
0.00800 2.16892 2.16892
0.01200 2.22249 2.22249
0.01600 2.21606 2.21606
0.02000 2.12350 2.12350
0.02400 1.96596 1.96596
0.02800 1.79143 1.79143
0.03200 1.64099 1.64099
0.03600 1.53517 1.53517
0.04000 1.47677 1.47677
0.04400 1.45673 1.45673
0.04800 1.45947 1.45947
0.05200 1.46972 1.46972
0.05600 1.47693 1.47693
0.06000 1.47073 1.47073
0.06400 1.43654 1.43654
0.06800 1.36496 1.36496
0.07200 1.26466 1.26466
0.07600 1.15816 1.15816
0.08000 1.06676 1.06676
0.08400 1.00233 1.00233
0.08800 0.96784 0.96784
0.09200 0.95976 0.95976
0.09600 0.96872 0.96872
0.10000 0.98073 0.98073
0.10400 0.98279 0.98279
0.10800 0.97045 0.97045
0.11200 0.94808 0.94808
0.11600 0.92177 0.92177
0.12000 0.89592 0.89592
0.12400 0.87454 0.87454
0.12800 0.85987 0.85987
0.13200 0.84858 0.84858
0.13600 0.83260 0.83260
0.14000 0.80657 0.80657
0.14400 0.77392 0.77392
0.14800 0.74393 0.74393
0.15200 0.72449 0.72449
0.15600 0.71904 0.71904
0.16000 0.72812 0.72812
0.16400 0.75129 0.75129
0.16800 0.78618 0.78618
0.17200 0.82636 0.82636
0.17600 0.86263 0.86263
0.18000 0.88932 0.88932
0.18400 0.90740 0.90740
0.18800 0.91837 0.91837
0.19200 0.91668 0.91668
0.19600 0.89252 0.89252
0.20000 0.84211 0.84211
0.20400 0.77241 0.77241
0.20800 0.69632 0.69632
0.21200 0.62565 0.62565
0.21600 0.56759 0.56759
0.22000 0.52482 0.52482
0.22400 0.49729 0.49729
0.22800 0.48380 0.48380
0.23200 0.48266 0.48266
0.23600 0.49203 0.49203
0.24000 0.51043 0.51043
0.24400 0.53735 0.53735
0.24800 0.57251 0.57251
0.25200 0.61395 0.61395
0.25600 0.65737 0.65737
0.26000 0.69949 0.69949
0.26400 0.74228 0.74228
0.26800 0.79186 0.79186
0.27200 0.85105 0.85105
0.27600 0.91196 0.91196
0.28000 0.95467 0.95467
0.28400 0.95701 0.95701
0.28800 0.91216 0.91216
0.29200 0.83493 0.83493
0.29600 0.74885 0.74885
0.30000 0.67119 0.67119
0.30400 0.60875 0.60875
0.30800 0.56091 0.56091
0.31200 0.52414 0.52414
0.31600 0.49601 0.49601
0.32000 0.47676 0.47676
0.32400 0.46816 0.46816
0.32800 0.47173 0.47173
0.33200 0.48774 0.48774
0.33600 0.51446 0.51446
0.34000 0.54736 0.54736
0.34400 0.57953 0.57953
0.34800 0.60558 0.60558
0.35200 0.62673 0.62673
0.35600 0.65062 0.65062
0.36000 0.68502 0.68502
0.36400 0.73146 0.73146
0.36800 0.78142 0.78142
0.37200 0.81682 0.81682
0.37600 0.81866 0.81866
0.38000 0.78157 0.78157
0.38400 0.71851 0.71851
0.38800 0.64946 0.64946
0.39200 0.58896 0.58896
0.39600 0.54261 0.54261
0.40000 0.50901 0.50901
0.40400 0.48300 0.48300
0.40800 0.45944 0.45944
0.41200 0.43684 0.43684
0.41600 0.41779 0.41779
0.42000 0.40623 0.40623
0.42400 0.40511 0.40511
0.42800 0.41580 0.41580
0.43200 0.43791 0.43791
0.43600 0.46845 0.46845
0.44000 0.50051 0.50051
0.44400 0.52380 0.52380
0.44800 0.52993 0.52993
0.45200 0.51934 0.51934
0.45600 0.50136 0.50136
0.46000 0.48714 0.48714
0.46400 0.48395 0.48395
0.46800 0.49364 0.49364
0.47200 0.51257 0.51257
0.47600 0.53151 0.53151
0.48000 0.53831 0.53831
0.48400 0.52512 0.52512
0.48800 0.49478 0.49478
0.49200 0.45795 0.45795
0.49600 0.42501 0.42501
0.50000 0.40153 0.40153
0.50400 0.38807 0.38807
0.50800 0.38108 0.38108
0.51200 0.37432 0.37432
0.51600 0.36195 0.36195
0.52000 0.34260 0.34260
0.52400 0.31995 0.31995
0.52800 0.29938 0.29938
0.53200 0.28482 0.28482
0.53600 0.27828 0.27828
0.54000 0.28049 0.28049
0.54400 0.29146 0.29146
0.54800 0.31013 0.31013
0.55200 0.33339 0.33339
0.55600 0.35498 0.35498
0.56000 0.36655 0.36655
0.56400 0.36251 0.36251
0.56800 0.34475 0.34475
0.57200 0.32102 0.32102
0.57600 0.29927 0.29927
0.58000 0.28425 0.28425
0.58400 0.27740 0.27740
0.58800 0.27749 0.27749
0.59200 0.28077 0.28077
0.59600 0.28146 0.28146
0.60000 0.27420 0.27420
0.60400 0.25777 0.25777
0.60800 0.23574 0.23574
0.61200 0.21321 0.21321
0.61600 0.19382 0.19382
0.62000 0.17918 0.17918
0.62400 0.16970 0.16970
0.62800 0.16530 0.16530
0.63200 0.16580 0.16580
0.63600 0.17096 0.17096
0.64000 0.18015 0.18015
0.64400 0.19176 0.19176
0.64800 0.20262 0.20262
0.65200 0.20861 0.20861
0.65600 0.20714 0.20714
0.66000 0.19939 0.19939
0.66400 0.18940 0.18940
0.66800 0.18121 0.18121
0.67200 0.17731 0.17731
0.67600 0.17858 0.17858
0.68000 0.18449 0.18449
0.68400 0.19296 0.19296
0.68800 0.20008 0.20008
0.69200 0.20120 0.20120
0.69600 0.19383 0.19383
0.70000 0.17961 0.17961
0.70400 0.16275 0.16275
0.70800 0.14700 0.14700
0.71200 0.13441 0.13441
0.71600 0.12570 0.12570
0.72000 0.12087 0.12087
0.72400 0.11964 0.11964
0.72800 0.12145 0.12145
0.73200 0.12517 0.12517
0.73600 0.12885 0.12885
0.74000 0.13007 0.13007
0.74400 0.12734 0.12734
0.74800 0.12128 0.12128
0.75200 0.11408 0.11408
0.75600 0.10790 0.10790
0.76000 0.10407 0.10407
0.76400 0.10319 0.10319
0.76800 0.10537 0.10537
0.77200 0.11030 0.11030
0.77600 0.11697 0.11697
0.78000 0.12330 0.12330
0.78400 0.12637 0.12637
0.78800 0.12395 0.12395
0.79200 0.11625 0.11625
0.79600 0.10566 0.10566
0.80000 0.09485 0.09485
0.80400 0.08550 0.08550
0.80800 0.07827 0.07827
0.81200 0.07326 0.07326
0.81600 0.07036 0.07036
0.82000 0.06945 0.06945
0.82400 0.07040 0.07040
0.82800 0.07294 0.07294
0.83200 0.07653 0.07653
0.83600 0.08004 0.08004
0.84000 0.08192 0.08192
0.84400 0.08108 0.08108
0.84800 0.07771 0.07771
0.85200 0.07320 0.07320
0.85600 0.06904 0.06904
0.86000 0.06620 0.06620
0.86400 0.06505 0.06505
0.86800 0.06552 0.06552
0.87200 0.06708 0.06708
0.87600 0.06871 0.06871
0.88000 0.06902 0.06902
0.88400 0.06702 0.06702
0.88800 0.06288 0.06288
0.89200 0.05770 0.05770
0.89600 0.05264 0.05264
0.90000 0.04841 0.04841
0.90400 0.04528 0.04528
0.90800 0.04330 0.04330
0.91200 0.04245 0.04245
0.91600 0.04269 0.04269
0.92000 0.04401 0.04401
0.92400 0.04629 0.04629
0.92800 0.04920 0.04920
0.93200 0.05200 0.05200
0.93600 0.05358 0.05358
0.94000 0.05299 0.05299
0.94400 0.05017 0.05017
0.94800 0.04603 0.04603
0.95200 0.04164 0.04164
0.95600 0.03774 0.03774
0.96000 0.03465 0.03465
0.96400 0.03240 0.03240
0.96800 0.03098 0.03098
0.97200 0.03030 0.03030
0.97600 0.03028 0.03028
0.98000 0.03075 0.03075
0.98400 0.03141 0.03141
0.98800 0.03176 0.03176
0.99200 0.03131 0.03131
0.99600 0.02988 0.02988
1.00000 0.02778 0.02778
1.00400 0.02547 0.02547
1.00800 0.02332 0.02332
1.01200 0.02151 0.02151
1.01600 0.02006 0.02006
1.02000 0.01895 0.01895
1.02400 0.01814 0.01814
1.02800 0.01761 0.01761
1.03200 0.01733 0.01733
1.03600 0.01728 0.01728
1.04000 0.01742 0.01742
1.04400 0.01764 0.01764
1.04800 0.01778 0.01778
1.05200 0.01766 0.01766
1.05600 0.01716 0.01716
1.06000 0.01636 0.01636
1.06400 0.01545 0.01545
1.06800 0.01459 0.01459
1.07200 0.01385 0.01385
1.07600 0.01327 0.01327
1.08000 0.01283 0.01283
1.08400 0.01254 0.01254
1.08800 0.01239 0.01239
1.09200 0.01237 0.01237
1.09600 0.01248 0.01248
1.10000 0.01268 0.01268
1.10400 0.01293 0.01293
1.10800 0.01309 0.01309
1.11200 0.01305 0.01305
1.11600 0.01273 0.01273
1.12000 0.01220 0.01220
1.12400 0.01158 0.01158
1.12800 0.01099 0.01099
1.13200 0.01048 0.01048
1.13600 0.01006 0.01006
1.14000 0.00974 0.00974
1.14400 0.00950 0.00950
1.14800 0.00933 0.00933
1.15200 0.00925 0.00925
1.15600 0.00923 0.00923
1.16000 0.00927 0.00927
1.16400 0.00936 0.00936
1.16800 0.00946 0.00946
1.17200 0.00950 0.00950
1.17600 0.00942 0.00942
1.18000 0.00921 0.00921
1.18400 0.00891 0.00891
1.18800 0.00858 0.00858
1.19200 0.00829 0.00829
1.19600 0.00804 0.00804
1.20000 0.00785 0.00785
1.20400 0.00772 0.00772
1.20800 0.00763 0.00763
1.21200 0.00760 0.00760
1.21600 0.00762 0.00762
1.22000 0.00770 0.00770
1.22400 0.00783 0.00783
1.22800 0.00800 0.00800
1.23200 0.00815 0.00815
1.23600 0.00823 0.00823
1.24000 0.00817 0.00817
1.24400 0.00796 0.00796
1.24800 0.00767 0.00767
1.25200 0.00736 0.00736
1.25600 0.00708 0.00708
1.26000 0.00684 0.00684
1.26400 0.00666 0.00666
1.26800 0.00652 0.00652
1.27200 0.00642 0.00642
1.27600 0.00637 0.00637
1.28000 0.00635 0.00635
1.28400 0.00637 0.00637
1.28800 0.00644 0.00644
1.29200 0.00652 0.00652
1.29600 0.00661 0.00661
1.30000 0.00665 0.00665
1.30400 0.00660 0.00660
1.30800 0.00647 0.00647
1.31200 0.00628 0.00628
1.31600 0.00607 0.00607
1.32000 0.00589 0.00589
1.32400 0.00574 0.00574
1.32800 0.00562 0.00562
1.33200 0.00554 0.00554
1.33600 0.00550 0.00550
1.34000 0.00548 0.00548
1.34400 0.00550 0.00550
1.34800 0.00553 0.00553
1.35200 0.00558 0.00558
1.35600 0.00559 0.00559
1.36000 0.00556 0.00556
1.36400 0.00546 0.00546
1.36800 0.00532 0.00532
1.37200 0.00516 0.00516
1.37600 0.00501 0.00501
1.38000 0.00488 0.00488
1.38400 0.00477 0.00477
1.38800 0.00468 0.00468
1.39200 0.00460 0.00460
1.39600 0.00454 0.00454
1.40000 0.00449 0.00449
1.40400 0.00446 0.00446
1.40800 0.00443 0.00443
1.41200 0.00442 0.00442
1.41600 0.00442 0.00442
1.42000 0.00443 0.00443
1.42400 0.00445 0.00445
1.42800 0.00447 0.00447
1.43200 0.00447 0.00447
1.43600 0.00444 0.00444
1.44000 0.00438 0.00438
1.44400 0.00430 0.00430
1.44800 0.00422 0.00422
1.45200 0.00415 0.00415
1.45600 0.00408 0.00408
1.46000 0.00403 0.00403
1.46400 0.00400 0.00400
1.46800 0.00397 0.00397
1.47200 0.00396 0.00396
1.47600 0.00397 0.00397
1.48000 0.00398 0.00398
1.48400 0.00400 0.00400
1.48800 0.00402 0.00402
1.49200 0.00403 0.00403
1.49600 0.00400 0.00400
1.50000 0.00394 0.00394
1.50400 0.00386 0.00386
1.50800 0.00378 0.00378
1.51200 0.00370 0.00370
1.51600 0.00364 0.00364
1.52000 0.00358 0.00358
1.52400 0.00354 0.00354
1.52800 0.00350 0.00350
1.53200 0.00347 0.00347
1.53600 0.00345 0.00345
1.54000 0.00343 0.00343
1.54400 0.00342 0.00342
1.54800 0.00342 0.00342
1.55200 0.00342 0.00342
1.55600 0.00343 0.00343
1.56000 0.00342 0.00342
1.56400 0.00340 0.00340
1.56800 0.00337 0.00337
1.57200 0.00332 0.00332
1.57600 0.00327 0.00327
1.58000 0.00322 0.00322
1.58400 0.00318 0.00318
1.58800 0.00314 0.00314
1.59200 0.00311 0.00311
1.59600 0.00308 0.00308
1.60000 0.00306 0.00306
1.60400 0.00304 0.00304
1.60800 0.00303 0.00303
1.61200 0.00302 0.00302
1.61600 0.00301 0.00301
1.62000 0.00301 0.00301
1.62400 0.00301 0.00301
1.62800 0.00302 0.00302
1.63200 0.00301 0.00301
1.63600 0.00299 0.00299
1.64000 0.00296 0.00296
1.64400 0.00293 0.00293
1.64800 0.00289 0.00289
1.65200 0.00286 0.00286
1.65600 0.00283 0.00283
1.66000 0.00280 0.00280
1.66400 0.00278 0.00278
1.66800 0.00276 0.00276
1.67200 0.00274 0.00274
1.67600 0.00273 0.00273
1.68000 0.00272 0.00272
1.68400 0.00272 0.00272
1.68800 0.00272 0.00272
1.69200 0.00271 0.00271
1.69600 0.00270 0.00270
1.70000 0.00268 0.00268
1.70400 0.00266 0.00266
1.70800 0.00263 0.00263
1.71200 0.00260 0.00260
1.71600 0.00257 0.00257
1.72000 0.00255 0.00255
1.72400 0.00253 0.00253
1.72800 0.00251 0.00251
1.73200 0.00249 0.00249
1.73600 0.00247 0.00247
1.74000 0.00246 0.00246
1.74400 0.00245 0.00245
1.74800 0.00244 0.00244
1.75200 0.00243 0.00243
1.75600 0.00242 0.00242
1.76000 0.00242 0.00242
1.76400 0.00241 0.00241
1.76800 0.00240 0.00240
1.77200 0.00239 0.00239
1.77600 0.00237 0.00237
1.78000 0.00235 0.00235
1.78400 0.00233 0.00233
1.78800 0.00231 0.00231
1.79200 0.00229 0.00229
1.79600 0.00228 0.00228
1.80000 0.00226 0.00226
1.80400 0.00225 0.00225
1.80800 0.00223 0.00223
1.81200 0.00222 0.00222
1.81600 0.00221 0.00221
1.82000 0.00220 0.00220
1.82400 0.00219 0.00219
1.82800 0.00219 0.00219
1.83200 0.00218 0.00218
1.83600 0.00217 0.00217
1.84000 0.00216 0.00216
1.84400 0.00214 0.00214
1.84800 0.00213 0.00213
1.85200 0.00212 0.00212
1.85600 0.00210 0.00210
1.86000 0.00209 0.00209
1.86400 0.00207 0.00207
1.86800 0.00206 0.00206
1.87200 0.00205 0.00205
1.87600 0.00204 0.00204
1.88000 0.00203 0.00203
1.88400 0.00202 0.00202
1.88800 0.00201 0.00201
1.89200 0.00200 0.00200
1.89600 0.00199 0.00199
1.90000 0.00199 0.00199
1.90400 0.00198 0.00198
1.90800 0.00197 0.00197
1.91200 0.00197 0.00197
1.91600 0.00196 0.00196
1.92000 0.00195 0.00195
1.92400 0.00194 0.00194
1.92800 0.00193 0.00193
1.93200 0.00192 0.00192
1.93600 0.00191 0.00191
1.94000 0.00189 0.00189
1.94400 0.00188 0.00188
1.94800 0.00187 0.00187
1.95200 0.00187 0.00187
1.95600 0.00186 0.00186
1.96000 0.00185 0.00185
1.96400 0.00184 0.00184
1.96800 0.00184 0.00184
1.97200 0.00183 0.00183
1.97600 0.00182 0.00182
1.98000 0.00182 0.00182
1.98400 0.00181 0.00181
1.98800 0.00180 0.00180
1.99200 0.00179 0.00179
1.99600 0.00178 0.00178
2.00000 0.00177 0.00177
