-2.00000 0.00177 0.00177
-1.99600 0.00177 0.00177
-1.99200 0.00178 0.00178
-1.98800 0.00179 0.00179
-1.98400 0.00180 0.00180
-1.98000 0.00181 0.00181
-1.97600 0.00181 0.00181
-1.97200 0.00182 0.00182
-1.96800 0.00183 0.00183
-1.96400 0.00184 0.00184
-1.96000 0.00185 0.00185
-1.95600 0.00186 0.00186
-1.95200 0.00187 0.00187
-1.94800 0.00187 0.00187
-1.94400 0.00188 0.00188
-1.94000 0.00189 0.00189
-1.93600 0.00190 0.00190
-1.93200 0.00191 0.00191
-1.92800 0.00192 0.00192
-1.92400 0.00193 0.00193
-1.92000 0.00194 0.00194
-1.91600 0.00195 0.00195
-1.91200 0.00196 0.00196
-1.90800 0.00197 0.00197
-1.90400 0.00198 0.00198
-1.90000 0.00199 0.00199
-1.89600 0.00200 0.00200
-1.89200 0.00201 0.00201
-1.88800 0.00202 0.00202
-1.88400 0.00203 0.00203
-1.88000 0.00204 0.00204
-1.87600 0.00206 0.00206
-1.87200 0.00207 0.00207
-1.86800 0.00209 0.00209
-1.86400 0.00210 0.00210
-1.86000 0.00212 0.00212
-1.85600 0.00213 0.00213
-1.85200 0.00215 0.00215
-1.84800 0.00216 0.00216
-1.84400 0.00217 0.00217
-1.84000 0.00218 0.00218
-1.83600 0.00219 0.00219
-1.83200 0.00221 0.00221
-1.82800 0.00222 0.00222
-1.82400 0.00223 0.00223
-1.82000 0.00224 0.00224
-1.81600 0.00225 0.00225
-1.81200 0.00225 0.00225
-1.80800 0.00226 0.00226
-1.80400 0.00227 0.00227
-1.80000 0.00227 0.00227
-1.79600 0.00228 0.00228
-1.79200 0.00229 0.00229
-1.78800 0.00231 0.00231
-1.78400 0.00232 0.00232
-1.78000 0.00233 0.00233
-1.77600 0.00235 0.00235
-1.77200 0.00236 0.00236
-1.76800 0.00237 0.00237
-1.76400 0.00238 0.00238
-1.76000 0.00239 0.00239
-1.75600 0.00240 0.00240
-1.75200 0.00242 0.00242
-1.74800 0.00243 0.00243
-1.74400 0.00245 0.00245
-1.74000 0.00247 0.00247
-1.73600 0.00249 0.00249
-1.73200 0.00251 0.00251
-1.72800 0.00253 0.00253
-1.72400 0.00256 0.00256
-1.72000 0.00258 0.00258
-1.71600 0.00260 0.00260
-1.71200 0.00262 0.00262
-1.70800 0.00263 0.00263
-1.70400 0.00264 0.00264
-1.70000 0.00265 0.00265
-1.69600 0.00266 0.00266
-1.69200 0.00267 0.00267
-1.68800 0.00268 0.00268
-1.68400 0.00270 0.00270
-1.68000 0.00272 0.00272
-1.67600 0.00275 0.00275
-1.67200 0.00277 0.00277
-1.66800 0.00279 0.00279
-1.66400 0.00281 0.00281
-1.66000 0.00283 0.00283
-1.65600 0.00284 0.00284
-1.65200 0.00287 0.00287
-1.64800 0.00289 0.00289
-1.64400 0.00293 0.00293
-1.64000 0.00296 0.00296
-1.63600 0.00301 0.00301
-1.63200 0.00306 0.00306
-1.62800 0.00310 0.00310
-1.62400 0.00314 0.00314
-1.62000 0.00315 0.00315
-1.61600 0.00316 0.00316
-1.61200 0.00316 0.00316
-1.60800 0.00316 0.00316
-1.60400 0.00317 0.00317
-1.60000 0.00318 0.00318
-1.59600 0.00320 0.00320
-1.59200 0.00323 0.00323
-1.58800 0.00326 0.00326
-1.58400 0.00328 0.00328
-1.58000 0.00329 0.00329
-1.57600 0.00329 0.00329
-1.57200 0.00329 0.00329
-1.56800 0.00329 0.00329
-1.56400 0.00330 0.00330
-1.56000 0.00331 0.00331
-1.55600 0.00333 0.00333
-1.55200 0.00335 0.00335
-1.54800 0.00338 0.00338
-1.54400 0.00342 0.00342
-1.54000 0.00346 0.00346
-1.53600 0.00351 0.00351
-1.53200 0.00357 0.00357
-1.52800 0.00363 0.00363
-1.52400 0.00368 0.00368
-1.52000 0.00372 0.00372
-1.51600 0.00376 0.00376
-1.51200 0.00379 0.00379
-1.50800 0.00383 0.00383
-1.50400 0.00388 0.00388
-1.50000 0.00393 0.00393
-1.49600 0.00397 0.00397
-1.49200 0.00399 0.00399
-1.48800 0.00398 0.00398
-1.48400 0.00397 0.00397
-1.48000 0.00396 0.00396
-1.47600 0.00395 0.00395
-1.47200 0.00396 0.00396
-1.46800 0.00398 0.00398
-1.46400 0.00400 0.00400
-1.46000 0.00404 0.00404
-1.45600 0.00410 0.00410
-1.45200 0.00416 0.00416
-1.44800 0.00423 0.00423
-1.44400 0.00430 0.00430
-1.44000 0.00437 0.00437
-1.43600 0.00442 0.00442
-1.43200 0.00445 0.00445
-1.42800 0.00448 0.00448
-1.42400 0.00451 0.00451
-1.42000 0.00455 0.00455
-1.41600 0.00461 0.00461
-1.41200 0.00470 0.00470
-1.40800 0.00480 0.00480
-1.40400 0.00490 0.00490
-1.40000 0.00499 0.00499
-1.39600 0.00504 0.00504
-1.39200 0.00505 0.00505
-1.38800 0.00503 0.00503
-1.38400 0.00501 0.00501
-1.38000 0.00500 0.00500
-1.37600 0.00502 0.00502
-1.37200 0.00506 0.00506
-1.36800 0.00512 0.00512
-1.36400 0.00521 0.00521
-1.36000 0.00531 0.00531
-1.35600 0.00541 0.00541
-1.35200 0.00550 0.00550
-1.34800 0.00557 0.00557
-1.34400 0.00563 0.00563
-1.34000 0.00570 0.00570
-1.33600 0.00579 0.00579
-1.33200 0.00592 0.00592
-1.32800 0.00608 0.00608
-1.32400 0.00625 0.00625
-1.32000 0.00642 0.00642
-1.31600 0.00652 0.00652
-1.31200 0.00653 0.00653
-1.30800 0.00648 0.00648
-1.30400 0.00639 0.00639
-1.30000 0.00632 0.00632
-1.29600 0.00628 0.00628
-1.29200 0.00627 0.00627
-1.28800 0.00630 0.00630
-1.28400 0.00635 0.00635
-1.28000 0.00639 0.00639
-1.27600 0.00641 0.00641
-1.27200 0.00641 0.00641
-1.26800 0.00641 0.00641
-1.26400 0.00642 0.00642
-1.26000 0.00646 0.00646
-1.25600 0.00652 0.00652
-1.25200 0.00661 0.00661
-1.24800 0.00673 0.00673
-1.24400 0.00688 0.00688
-1.24000 0.00706 0.00706
-1.23600 0.00726 0.00726
-1.23200 0.00746 0.00746
-1.22800 0.00764 0.00764
-1.22400 0.00780 0.00780
-1.22000 0.00796 0.00796
-1.21600 0.00815 0.00815
-1.21200 0.00838 0.00838
-1.20800 0.00863 0.00863
-1.20400 0.00886 0.00886
-1.20000 0.00900 0.00900
-1.19600 0.00902 0.00902
-1.19200 0.00895 0.00895
-1.18800 0.00883 0.00883
-1.18400 0.00874 0.00874
-1.18000 0.00869 0.00869
-1.17600 0.00870 0.00870
-1.17200 0.00878 0.00878
-1.16800 0.00892 0.00892
-1.16400 0.00913 0.00913
-1.16000 0.00941 0.00941
-1.15600 0.00977 0.00977
-1.15200 0.01022 0.01022
-1.14800 0.01074 0.01074
-1.14400 0.01129 0.01129
-1.14000 0.01181 0.01181
-1.13600 0.01218 0.01218
-1.13200 0.01237 0.01237
-1.12800 0.01243 0.01243
-1.12400 0.01247 0.01247
-1.12000 0.01259 0.01259
-1.11600 0.01285 0.01285
-1.11200 0.01322 0.01322
-1.10800 0.01365 0.01365
-1.10400 0.01403 0.01403
-1.10000 0.01426 0.01426
-1.09600 0.01436 0.01436
-1.09200 0.01439 0.01439
-1.08800 0.01448 0.01448
-1.08400 0.01464 0.01464
-1.08000 0.01486 0.01486
-1.07600 0.01501 0.01501
-1.07200 0.01503 0.01503
-1.06800 0.01491 0.01491
-1.06400 0.01472 0.01472
-1.06000 0.01458 0.01458
-1.05600 0.01453 0.01453
-1.05200 0.01461 0.01461
-1.04800 0.01483 0.01483
-1.04400 0.01519 0.01519
-1.04000 0.01568 0.01568
-1.03600 0.01631 0.01631
-1.03200 0.01706 0.01706
-1.02800 0.01790 0.01790
-1.02400 0.01880 0.01880
-1.02000 0.01978 0.01978
-1.01600 0.02089 0.02089
-1.01200 0.02225 0.02225
-1.00800 0.02396 0.02396
-1.00400 0.02608 0.02608
-1.00000 0.02862 0.02862
-0.99600 0.03140 0.03140
-0.99200 0.03410 0.03410
-0.98800 0.03629 0.03629
-0.98400 0.03779 0.03779
-0.98000 0.03880 0.03880
-0.97600 0.03971 0.03971
-0.97200 0.04068 0.04068
-0.96800 0.04148 0.04148
-0.96400 0.04173 0.04173
-0.96000 0.04132 0.04132
-0.95600 0.04053 0.04053
-0.95200 0.03977 0.03977
-0.94800 0.03928 0.03928
-0.94400 0.03916 0.03916
-0.94000 0.03952 0.03952
-0.93600 0.04051 0.04051
-0.93200 0.04231 0.04231
-0.92800 0.04513 0.04513
-0.92400 0.04915 0.04915
-0.92000 0.05463 0.05463
-0.91600 0.06184 0.06184
-0.91200 0.07101 0.07101
-0.90800 0.08213 0.08213
-0.90400 0.09449 0.09449
-0.90000 0.10621 0.10621
-0.89600 0.11420 0.11420
-0.89200 0.11563 0.11563
-0.88800 0.11015 0.11015
-0.88400 0.10018 0.10018
-0.88000 0.08898 0.08898
-0.87600 0.07879 0.07879
-0.87200 0.07057 0.07057
-0.86800 0.06442 0.06442
-0.86400 0.06007 0.06007
-0.86000 0.05704 0.05704
-0.85600 0.05486 0.05486
-0.85200 0.05321 0.05321
-0.84800 0.05207 0.05207
-0.84400 0.05159 0.05159
-0.84000 0.05191 0.05191
-0.83600 0.05304 0.05304
-0.83200 0.05478 0.05478
-0.82800 0.05671 0.05671
-0.82400 0.05832 0.05832
-0.82000 0.05938 0.05938
-0.81600 0.06020 0.06020
-0.81200 0.06135 0.06135
-0.80800 0.06336 0.06336
-0.80400 0.06654 0.06654
-0.80000 0.07097 0.07097
-0.79600 0.07667 0.07667
-0.79200 0.08359 0.08359
-0.78800 0.09142 0.09142
-0.78400 0.09908 0.09908
-0.78000 0.10466 0.10466
-0.77600 0.10630 0.10630
-0.77200 0.10365 0.10365
-0.76800 0.09819 0.09819
-0.76400 0.09193 0.09193
-0.76000 0.08628 0.08628
-0.75600 0.08193 0.08193
-0.75200 0.07911 0.07911
-0.74800 0.07782 0.07782
-0.74400 0.07798 0.07798
-0.74000 0.07951 0.07951
-0.73600 0.08241 0.08241
-0.73200 0.08680 0.08680
-0.72800 0.09286 0.09286
-0.72400 0.10090 0.10090
-0.72000 0.11132 0.11132
-0.71600 0.12472 0.12472
-0.71200 0.14185 0.14185
-0.70800 0.16372 0.16372
-0.70400 0.19145 0.19145
-0.70000 0.22610 0.22610
-0.69600 0.26792 0.26792
-0.69200 0.31494 0.31494
-0.68800 0.36105 0.36105
-0.68400 0.39549 0.39549
-0.68000 0.40706 0.40706
-0.67600 0.39209 0.39209
-0.67200 0.35744 0.35744
-0.66800 0.31459 0.31459
-0.66400 0.27272 0.27272
-0.66000 0.23665 0.23665
-0.65600 0.20792 0.20792
-0.65200 0.18632 0.18632
-0.64800 0.17100 0.17100
-0.64400 0.16098 0.16098
-0.64000 0.15527 0.15527
-0.63600 0.15277 0.15277
-0.63200 0.15219 0.15219
-0.62800 0.15229 0.15229
-0.62400 0.15259 0.15259
-0.62000 0.15366 0.15366
-0.61600 0.15673 0.15673
-0.61200 0.16303 0.16303
-0.60800 0.17358 0.17358
-0.60400 0.18926 0.18926
-0.60000 0.21088 0.21088
-0.59600 0.23888 0.23888
-0.59200 0.27254 0.27254
-0.58800 0.30849 0.30849
-0.58400 0.33946 0.33946
-0.58000 0.35573 0.35573
-0.57600 0.35099 0.35099
-0.57200 0.32772 0.32772
-0.56800 0.29492 0.29492
-0.56400 0.26141 0.26141
-0.56000 0.23223 0.23223
-0.55600 0.20901 0.20901
-0.55200 0.19159 0.19159
-0.54800 0.17924 0.17924
-0.54400 0.17117 0.17117
-0.54000 0.16677 0.16677
-0.53600 0.16559 0.16559
-0.53200 0.16737 0.16737
-0.52800 0.17199 0.17199
-0.52400 0.17954 0.17954
-0.52000 0.19023 0.19023
-0.51600 0.20448 0.20448
-0.51200 0.22294 0.22294
-0.50800 0.24655 0.24655
-0.50400 0.27657 0.27657
-0.50000 0.31473 0.31473
-0.49600 0.36328 0.36328
-0.49200 0.42498 0.42498
-0.48800 0.50285 0.50285
-0.48400 0.59914 0.59914
-0.48000 0.71290 0.71290
-0.47600 0.83546 0.83546
-0.47200 0.94576 0.94576
-0.46800 1.01283 1.01283
-0.46400 1.01284 1.01284
-0.46000 0.94887 0.94887
-0.45600 0.84834 0.84834
-0.45200 0.74175 0.74175
-0.44800 0.64823 0.64823
-0.44400 0.57501 0.57501
-0.44000 0.52232 0.52232
-0.43600 0.48730 0.48730
-0.43200 0.46632 0.46632
-0.42800 0.45678 0.45678
-0.42400 0.45830 0.45830
-0.42000 0.47240 0.47240
-0.41600 0.50102 0.50102
-0.41200 0.54469 0.54469
-0.40800 0.60032 0.60032
-0.40400 0.65824 0.65824
-0.40000 0.70104 0.70104
-0.39600 0.70976 0.70976
-0.39200 0.67715 0.67715
-0.38800 0.61381 0.61381
-0.38400 0.53872 0.53872
-0.38000 0.46692 0.46692
-0.37600 0.40555 0.40555
-0.37200 0.35618 0.35618
-0.36800 0.31775 0.31775
-0.36400 0.28848 0.28848
-0.36000 0.26661 0.26661
-0.35600 0.25071 0.25071
-0.35200 0.23968 0.23968
-0.34800 0.23273 0.23273
-0.34400 0.22932 0.22932
-0.34000 0.22913 0.22913
-0.33600 0.23197 0.23197
-0.33200 0.23784 0.23784
-0.32800 0.24686 0.24686
-0.32400 0.25932 0.25932
-0.32000 0.27568 0.27568
-0.31600 0.29659 0.29659
-0.31200 0.32298 0.32298
-0.30800 0.35612 0.35612
-0.30400 0.39771 0.39771
-0.30000 0.45003 0.45003
-0.29600 0.51615 0.51615
-0.29200 0.60004 0.60004
-0.28800 0.70665 0.70665
-0.28400 0.84153 0.84153
-0.28000 1.00935 1.00935
-0.27600 1.20999 1.20999
-0.27200 1.43094 1.43094
-0.26800 1.63792 1.63792
-0.26400 1.77525 1.77525
-0.26000 1.79221 1.79221
-0.25600 1.68282 1.68282
-0.25200 1.49134 1.49134
-0.24800 1.27580 1.27580
-0.24400 1.07607 1.07607
-0.24000 0.90890 0.90890
-0.23600 0.77663 0.77663
-0.23200 0.67553 0.67553
-0.22800 0.60019 0.60019
-0.22400 0.54509 0.54509
-0.22000 0.50456 0.50456
-0.21600 0.47242 0.47242
-0.21200 0.44277 0.44277
-0.20800 0.41213 0.41213
-0.20400 0.38073 0.38073
-0.20000 0.35097 0.35097
-0.19600 0.32499 0.32499
-0.19200 0.30369 0.30369
-0.18800 0.28703 0.28703
-0.18400 0.27451 0.27451
-0.18000 0.26559 0.26559
-0.17600 0.25976 0.25976
-0.17200 0.25664 0.25664
-0.16800 0.25594 0.25594
-0.16400 0.25749 0.25749
-0.16000 0.26119 0.26119
-0.15600 0.26702 0.26702
-0.15200 0.27502 0.27502
-0.14800 0.28532 0.28532
-0.14400 0.29811 0.29811
-0.14000 0.31364 0.31364
-0.13600 0.33230 0.33230
-0.13200 0.35454 0.35454
-0.12800 0.38100 0.38100
-0.12400 0.41246 0.41246
-0.12000 0.44995 0.44995
-0.11600 0.49482 0.49482
-0.11200 0.54879 0.54879
-0.10800 0.61415 0.61415
-0.10400 0.69392 0.69392
-0.10000 0.79210 0.79210
-0.09600 0.91399 0.91399
-0.09200 1.06659 1.06659
-0.08800 1.25894 1.25894
-0.08400 1.50209 1.50209
-0.08000 1.80810 1.80810
-0.07600 2.18605 2.18605
-0.07200 2.63243 2.63243
-0.06800 3.11326 3.11326
-0.06400 3.54503 3.54503
-0.06000 3.80331 3.80331
-0.05600 3.78993 3.78993
-0.05200 3.51341 3.51341
-0.04800 3.08131 3.08131
-0.04400 2.61525 2.61525
-0.04000 2.19158 2.19158
-0.03600 1.83905 1.83905
-0.03200 1.55882 1.55882
-0.02800 1.34129 1.34129
-0.02400 1.17476 1.17476
-0.02000 1.04884 1.04884
-0.01600 0.95531 0.95531
-0.01200 0.88808 0.88808
-0.00800 0.84284 0.84284
-0.00400 0.81676 0.81676
0.00000 0.80824 0.80824
0.00400 0.81676 0.81676
0.00800 0.84284 0.84284
0.01200 0.88808 0.88808
0.01600 0.95531 0.95531
0.02000 1.04884 1.04884
0.02400 1.17476 1.17476
0.02800 1.34129 1.34129
0.03200 1.55882 1.55882
0.03600 1.83905 1.83905
0.04000 2.19158 2.19158
0.04400 2.61525 2.61525
0.04800 3.08131 3.08131
0.05200 3.51341 3.51341
0.05600 3.78993 3.78993
0.06000 3.80331 3.80331
0.06400 3.54503 3.54503
0.06800 3.11326 3.11326
0.07200 2.63243 2.63243
0.07600 2.18605 2.18605
0.08000 1.80810 1.80810
0.08400 1.50209 1.50209
0.08800 1.25894 1.25894
0.09200 1.06659 1.06659
0.09600 0.91399 0.91399
0.10000 0.79210 0.79210
0.10400 0.69392 0.69392
0.10800 0.61415 0.61415
0.11200 0.54879 0.54879
0.11600 0.49482 0.49482
0.12000 0.44995 0.44995
0.12400 0.41246 0.41246
0.12800 0.38100 0.38100
0.13200 0.35454 0.35454
0.13600 0.33230 0.33230
0.14000 0.31364 0.31364
0.14400 0.29811 0.29811
0.14800 0.28532 0.28532
0.15200 0.27502 0.27502
0.15600 0.26702 0.26702
0.16000 0.26119 0.26119
0.16400 0.25749 0.25749
0.16800 0.25594 0.25594
0.17200 0.25664 0.25664
0.17600 0.25976 0.25976
0.18000 0.26559 0.26559
0.18400 0.27451 0.27451
0.18800 0.28703 0.28703
0.19200 0.30369 0.30369
0.19600 0.32499 0.32499
0.20000 0.35097 0.35097
0.20400 0.38073 0.38073
0.20800 0.41213 0.41213
0.21200 0.44277 0.44277
0.21600 0.47242 0.47242
0.22000 0.50456 0.50456
0.22400 0.54509 0.54509
0.22800 0.60019 0.60019
0.23200 0.67553 0.67553
0.23600 0.77663 0.77663
0.24000 0.90890 0.90890
0.24400 1.07607 1.07607
0.24800 1.27580 1.27580
0.25200 1.49134 1.49134
0.25600 1.68282 1.68282
0.26000 1.79221 1.79221
0.26400 1.77525 1.77525
0.26800 1.63792 1.63792
0.27200 1.43094 1.43094
0.27600 1.20999 1.20999
0.28000 1.00935 1.00935
0.28400 0.84153 0.84153
0.28800 0.70665 0.70665
0.29200 0.60004 0.60004
0.29600 0.51615 0.51615
0.30000 0.45003 0.45003
0.30400 0.39771 0.39771
0.30800 0.35612 0.35612
0.31200 0.32298 0.32298
0.31600 0.29659 0.29659
0.32000 0.27568 0.27568
0.32400 0.25932 0.25932
0.32800 0.24686 0.24686
0.33200 0.23784 0.23784
0.33600 0.23197 0.23197
0.34000 0.22913 0.22913
0.34400 0.22932 0.22932
0.34800 0.23273 0.23273
0.35200 0.23968 0.23968
0.35600 0.25071 0.25071
0.36000 0.26661 0.26661
0.36400 0.28848 0.28848
0.36800 0.31775 0.31775
0.37200 0.35618 0.35618
0.37600 0.40555 0.40555
0.38000 0.46692 0.46692
0.38400 0.53872 0.53872
0.38800 0.61381 0.61381
0.39200 0.67715 0.67715
0.39600 0.70976 0.70976
0.40000 0.70104 0.70104
0.40400 0.65824 0.65824
0.40800 0.60032 0.60032
0.41200 0.54469 0.54469
0.41600 0.50102 0.50102
0.42000 0.47240 0.47240
0.42400 0.45830 0.45830
0.42800 0.45678 0.45678
0.43200 0.46632 0.46632
0.43600 0.48730 0.48730
0.44000 0.52232 0.52232
0.44400 0.57501 0.57501
0.44800 0.64823 0.64823
0.45200 0.74175 0.74175
0.45600 0.84834 0.84834
0.46000 0.94887 0.94887
0.46400 1.01284 1.01284
0.46800 1.01283 1.01283
0.47200 0.94576 0.94576
0.47600 0.83546 0.83546
0.48000 0.71290 0.71290
0.48400 0.59914 0.59914
0.48800 0.50285 0.50285
0.49200 0.42498 0.42498
0.49600 0.36328 0.36328
0.50000 0.31473 0.31473
0.50400 0.27657 0.27657
0.50800 0.24655 0.24655
0.51200 0.22294 0.22294
0.51600 0.20448 0.20448
0.52000 0.19023 0.19023
0.52400 0.17954 0.17954
0.52800 0.17199 0.17199
0.53200 0.16737 0.16737
0.53600 0.16559 0.16559
0.54000 0.16677 0.16677
0.54400 0.17117 0.17117
0.54800 0.17924 0.17924
0.55200 0.19159 0.19159
0.55600 0.20901 0.20901
0.56000 0.23223 0.23223
0.56400 0.26141 0.26141
0.56800 0.29492 0.29492
0.57200 0.32772 0.32772
0.57600 0.35099 0.35099
0.58000 0.35573 0.35573
0.58400 0.33946 0.33946
0.58800 0.30849 0.30849
0.59200 0.27254 0.27254
0.59600 0.23888 0.23888
0.60000 0.21088 0.21088
0.60400 0.18926 0.18926
0.60800 0.17358 0.17358
0.61200 0.16303 0.16303
0.61600 0.15673 0.15673
0.62000 0.15366 0.15366
0.62400 0.15259 0.15259
0.62800 0.15229 0.15229
0.63200 0.15219 0.15219
0.63600 0.15277 0.15277
0.64000 0.15527 0.15527
0.64400 0.16098 0.16098
0.64800 0.17100 0.17100
0.65200 0.18632 0.18632
0.65600 0.20792 0.20792
0.66000 0.23665 0.23665
0.66400 0.27272 0.27272
0.66800 0.31459 0.31459
0.67200 0.35744 0.35744
0.67600 0.39209 0.39209
0.68000 0.40706 0.40706
0.68400 0.39549 0.39549
0.68800 0.36105 0.36105
0.69200 0.31494 0.31494
0.69600 0.26792 0.26792
0.70000 0.22610 0.22610
0.70400 0.19145 0.19145
0.70800 0.16372 0.16372
0.71200 0.14185 0.14185
0.71600 0.12472 0.12472
0.72000 0.11132 0.11132
0.72400 0.10090 0.10090
0.72800 0.09286 0.09286
0.73200 0.08680 0.08680
0.73600 0.08241 0.08241
0.74000 0.07951 0.07951
0.74400 0.07798 0.07798
0.74800 0.07782 0.07782
0.75200 0.07911 0.07911
0.75600 0.08193 0.08193
0.76000 0.08628 0.08628
0.76400 0.09193 0.09193
0.76800 0.09819 0.09819
0.77200 0.10365 0.10365
0.77600 0.10630 0.10630
0.78000 0.10466 0.10466
0.78400 0.09908 0.09908
0.78800 0.09142 0.09142
0.79200 0.08359 0.08359
0.79600 0.07667 0.07667
0.80000 0.07097 0.07097
0.80400 0.06654 0.06654
0.80800 0.06337 0.06337
0.81200 0.06135 0.06135
0.81600 0.06020 0.06020
0.82000 0.05938 0.05938
0.82400 0.05832 0.05832
0.82800 0.05671 0.05671
0.83200 0.05478 0.05478
0.83600 0.05304 0.05304
0.84000 0.05191 0.05191
0.84400 0.05159 0.05159
0.84800 0.05207 0.05207
0.85200 0.05321 0.05321
0.85600 0.05486 0.05486
0.86000 0.05704 0.05704
0.86400 0.06007 0.06007
0.86800 0.06442 0.06442
0.87200 0.07057 0.07057
0.87600 0.07879 0.07879
0.88000 0.08898 0.08898
0.88400 0.10018 0.10018
0.88800 0.11014 0.11014
0.89200 0.11563 0.11563
0.89600 0.11420 0.11420
0.90000 0.10621 0.10621
0.90400 0.09449 0.09449
0.90800 0.08213 0.08213
0.91200 0.07101 0.07101
0.91600 0.06184 0.06184
0.92000 0.05463 0.05463
0.92400 0.04915 0.04915
0.92800 0.04513 0.04513
0.93200 0.04231 0.04231
0.93600 0.04051 0.04051
0.94000 0.03952 0.03952
0.94400 0.03916 0.03916
0.94800 0.03928 0.03928
0.95200 0.03977 0.03977
0.95600 0.04053 0.04053
0.96000 0.04132 0.04132
0.96400 0.04173 0.04173
0.96800 0.04148 0.04148
0.97200 0.04068 0.04068
0.97600 0.03971 0.03971
0.98000 0.03880 0.03880
0.98400 0.03779 0.03779
0.98800 0.03629 0.03629
0.99200 0.03410 0.03410
0.99600 0.03140 0.03140
1.00000 0.02862 0.02862
1.00400 0.02608 0.02608
1.00800 0.02396 0.02396
1.01200 0.02225 0.02225
1.01600 0.02089 0.02089
1.02000 0.01978 0.01978
1.02400 0.01880 0.01880
1.02800 0.01790 0.01790
1.03200 0.01706 0.01706
1.03600 0.01631 0.01631
1.04000 0.01568 0.01568
1.04400 0.01519 0.01519
1.04800 0.01483 0.01483
1.05200 0.01461 0.01461
1.05600 0.01453 0.01453
1.06000 0.01458 0.01458
1.06400 0.01472 0.01472
1.06800 0.01491 0.01491
1.07200 0.01503 0.01503
1.07600 0.01501 0.01501
1.08000 0.01486 0.01486
1.08400 0.01464 0.01464
1.08800 0.01448 0.01448
1.09200 0.01439 0.01439
1.09600 0.01436 0.01436
1.10000 0.01426 0.01426
1.10400 0.01403 0.01403
1.10800 0.01365 0.01365
1.11200 0.01322 0.01322
1.11600 0.01285 0.01285
1.12000 0.01259 0.01259
1.12400 0.01247 0.01247
1.12800 0.01243 0.01243
1.13200 0.01236 0.01236
1.13600 0.01218 0.01218
1.14000 0.01181 0.01181
1.14400 0.01129 0.01129
1.14800 0.01074 0.01074
1.15200 0.01022 0.01022
1.15600 0.00977 0.00977
1.16000 0.00941 0.00941
1.16400 0.00913 0.00913
1.16800 0.00892 0.00892
1.17200 0.00878 0.00878
1.17600 0.00870 0.00870
1.18000 0.00869 0.00869
1.18400 0.00874 0.00874
1.18800 0.00883 0.00883
1.19200 0.00895 0.00895
1.19600 0.00902 0.00902
1.20000 0.00900 0.00900
1.20400 0.00886 0.00886
1.20800 0.00863 0.00863
1.21200 0.00838 0.00838
1.21600 0.00815 0.00815
1.22000 0.00796 0.00796
1.22400 0.00780 0.00780
1.22800 0.00764 0.00764
1.23200 0.00746 0.00746
1.23600 0.00726 0.00726
1.24000 0.00706 0.00706
1.24400 0.00688 0.00688
1.24800 0.00673 0.00673
1.25200 0.00661 0.00661
1.25600 0.00652 0.00652
1.26000 0.00646 0.00646
1.26400 0.00642 0.00642
1.26800 0.00641 0.00641
1.27200 0.00641 0.00641
1.27600 0.00641 0.00641
1.28000 0.00639 0.00639
1.28400 0.00635 0.00635
1.28800 0.00630 0.00630
1.29200 0.00627 0.00627
1.29600 0.00628 0.00628
1.30000 0.00632 0.00632
1.30400 0.00639 0.00639
1.30800 0.00648 0.00648
1.31200 0.00653 0.00653
1.31600 0.00652 0.00652
1.32000 0.00642 0.00642
1.32400 0.00626 0.00626
1.32800 0.00608 0.00608
1.33200 0.00592 0.00592
1.33600 0.00579 0.00579
1.34000 0.00570 0.00570
1.34400 0.00563 0.00563
1.34800 0.00557 0.00557
1.35200 0.00550 0.00550
1.35600 0.00541 0.00541
1.36000 0.00531 0.00531
1.36400 0.00521 0.00521
1.36800 0.00512 0.00512
1.37200 0.00506 0.00506
1.37600 0.00502 0.00502
1.38000 0.00500 0.00500
1.38400 0.00501 0.00501
1.38800 0.00503 0.00503
1.39200 0.00505 0.00505
1.39600 0.00504 0.00504
1.40000 0.00499 0.00499
1.40400 0.00490 0.00490
1.40800 0.00480 0.00480
1.41200 0.00470 0.00470
1.41600 0.00461 0.00461
1.42000 0.00455 0.00455
1.42400 0.00451 0.00451
1.42800 0.00448 0.00448
1.43200 0.00445 0.00445
1.43600 0.00442 0.00442
1.44000 0.00437 0.00437
1.44400 0.00430 0.00430
1.44800 0.00423 0.00423
1.45200 0.00416 0.00416
1.45600 0.00410 0.00410
1.46000 0.00404 0.00404
1.46400 0.00400 0.00400
1.46800 0.00398 0.00398
1.47200 0.00396 0.00396
1.47600 0.00395 0.00395
1.48000 0.00396 0.00396
1.48400 0.00397 0.00397
1.48800 0.00398 0.00398
1.49200 0.00399 0.00399
1.49600 0.00397 0.00397
1.50000 0.00393 0.00393
1.50400 0.00388 0.00388
1.50800 0.00383 0.00383
1.51200 0.00379 0.00379
1.51600 0.00376 0.00376
1.52000 0.00372 0.00372
1.52400 0.00368 0.00368
1.52800 0.00363 0.00363
1.53200 0.00357 0.00357
1.53600 0.00351 0.00351
1.54000 0.00346 0.00346
1.54400 0.00342 0.00342
1.54800 0.00338 0.00338
1.55200 0.00335 0.00335
1.55600 0.00333 0.00333
1.56000 0.00331 0.00331
1.56400 0.00330 0.00330
1.56800 0.00329 0.00329
1.57200 0.00329 0.00329
1.57600 0.00329 0.00329
1.58000 0.00329 0.00329
1.58400 0.00328 0.00328
1.58800 0.00326 0.00326
1.59200 0.00323 0.00323
1.59600 0.00320 0.00320
1.60000 0.00318 0.00318
1.60400 0.00317 0.00317
1.60800 0.00316 0.00316
1.61200 0.00316 0.00316
1.61600 0.00316 0.00316
1.62000 0.00315 0.00315
1.62400 0.00314 0.00314
1.62800 0.00310 0.00310
1.63200 0.00306 0.00306
1.63600 0.00301 0.00301
1.64000 0.00296 0.00296
1.64400 0.00293 0.00293
1.64800 0.00289 0.00289
1.65200 0.00287 0.00287
1.65600 0.00284 0.00284
1.66000 0.00283 0.00283
1.66400 0.00281 0.00281
1.66800 0.00279 0.00279
1.67200 0.00277 0.00277
1.67600 0.00275 0.00275
1.68000 0.00272 0.00272
1.68400 0.00270 0.00270
1.68800 0.00268 0.00268
1.69200 0.00267 0.00267
1.69600 0.00266 0.00266
1.70000 0.00265 0.00265
1.70400 0.00264 0.00264
1.70800 0.00263 0.00263
1.71200 0.00262 0.00262
1.71600 0.00260 0.00260
1.72000 0.00258 0.00258
1.72400 0.00256 0.00256
1.72800 0.00253 0.00253
1.73200 0.00251 0.00251
1.73600 0.00249 0.00249
1.74000 0.00247 0.00247
1.74400 0.00245 0.00245
1.74800 0.00243 0.00243
1.75200 0.00242 0.00242
1.75600 0.00240 0.00240
1.76000 0.00239 0.00239
1.76400 0.00238 0.00238
1.76800 0.00237 0.00237
1.77200 0.00236 0.00236
1.77600 0.00235 0.00235
1.78000 0.00233 0.00233
1.78400 0.00232 0.00232
1.78800 0.00231 0.00231
1.79200 0.00229 0.00229
1.79600 0.00228 0.00228
1.80000 0.00227 0.00227
1.80400 0.00227 0.00227
1.80800 0.00226 0.00226
1.81200 0.00225 0.00225
1.81600 0.00225 0.00225
1.82000 0.00224 0.00224
1.82400 0.00223 0.00223
1.82800 0.00222 0.00222
1.83200 0.00221 0.00221
1.83600 0.00219 0.00219
1.84000 0.00218 0.00218
1.84400 0.00217 0.00217
1.84800 0.00216 0.00216
1.85200 0.00215 0.00215
1.85600 0.00213 0.00213
1.86000 0.00212 0.00212
1.86400 0.00210 0.00210
1.86800 0.00209 0.00209
1.87200 0.00207 0.00207
1.87600 0.00206 0.00206
1.88000 0.00204 0.00204
1.88400 0.00203 0.00203
1.88800 0.00202 0.00202
1.89200 0.00201 0.00201
1.89600 0.00200 0.00200
1.90000 0.00199 0.00199
1.90400 0.00198 0.00198
1.90800 0.00197 0.00197
1.91200 0.00196 0.00196
1.91600 0.00195 0.00195
1.92000 0.00194 0.00194
1.92400 0.00193 0.00193
1.92800 0.00192 0.00192
1.93200 0.00191 0.00191
1.93600 0.00190 0.00190
1.94000 0.00189 0.00189
1.94400 0.00188 0.00188
1.94800 0.00187 0.00187
1.95200 0.00187 0.00187
1.95600 0.00186 0.00186
1.96000 0.00185 0.00185
1.96400 0.00184 0.00184
1.96800 0.00183 0.00183
1.97200 0.00182 0.00182
1.97600 0.00181 0.00181
1.98000 0.00181 0.00181
1.98400 0.00180 0.00180
1.98800 0.00179 0.00179
1.99200 0.00178 0.00178
1.99600 0.00177 0.00177
2.00000 0.00177 0.00177
