-2.00000 0.00089 0.00089
-1.99600 0.00089 0.00089
-1.99200 0.00089 0.00089
-1.98800 0.00090 0.00090
-1.98400 0.00090 0.00090
-1.98000 0.00090 0.00090
-1.97600 0.00091 0.00091
-1.97200 0.00091 0.00091
-1.96800 0.00091 0.00091
-1.96400 0.00092 0.00092
-1.96000 0.00092 0.00092
-1.95600 0.00093 0.00093
-1.95200 0.00093 0.00093
-1.94800 0.00094 0.00094
-1.94400 0.00094 0.00094
-1.94000 0.00095 0.00095
-1.93600 0.00095 0.00095
-1.93200 0.00096 0.00096
-1.92800 0.00096 0.00096
-1.92400 0.00097 0.00097
-1.92000 0.00097 0.00097
-1.91600 0.00097 0.00097
-1.91200 0.00098 0.00098
-1.90800 0.00098 0.00098
-1.90400 0.00099 0.00099
-1.90000 0.00099 0.00099
-1.89600 0.00100 0.00100
-1.89200 0.00100 0.00100
-1.88800 0.00101 0.00101
-1.88400 0.00102 0.00102
-1.88000 0.00102 0.00102
-1.87600 0.00103 0.00103
-1.87200 0.00104 0.00104
-1.86800 0.00105 0.00105
-1.86400 0.00106 0.00106
-1.86000 0.00108 0.00108
-1.85600 0.00110 0.00110
-1.85200 0.00113 0.00113
-1.84800 0.00117 0.00117
-1.84400 0.00120 0.00120
-1.84000 0.00120 0.00120
-1.83600 0.00119 0.00119
-1.83200 0.00120 0.00120
-1.82800 0.00122 0.00122
-1.82400 0.00125 0.00125
-1.82000 0.00125 0.00125
-1.81600 0.00122 0.00122
-1.81200 0.00119 0.00119
-1.80800 0.00117 0.00117
-1.80400 0.00116 0.00116
-1.80000 0.00115 0.00115
-1.79600 0.00115 0.00115
-1.79200 0.00115 0.00115
-1.78800 0.00115 0.00115
-1.78400 0.00116 0.00116
-1.78000 0.00116 0.00116
-1.77600 0.00116 0.00116
-1.77200 0.00117 0.00117
-1.76800 0.00118 0.00118
-1.76400 0.00118 0.00118
-1.76000 0.00119 0.00119
-1.75600 0.00120 0.00120
-1.75200 0.00120 0.00120
-1.74800 0.00121 0.00121
-1.74400 0.00122 0.00122
-1.74000 0.00123 0.00123
-1.73600 0.00124 0.00124
-1.73200 0.00125 0.00125
-1.72800 0.00125 0.00125
-1.72400 0.00125 0.00125
-1.72000 0.00126 0.00126
-1.71600 0.00127 0.00127
-1.71200 0.00127 0.00127
-1.70800 0.00128 0.00128
-1.70400 0.00129 0.00129
-1.70000 0.00130 0.00130
-1.69600 0.00131 0.00131
-1.69200 0.00132 0.00132
-1.68800 0.00133 0.00133
-1.68400 0.00134 0.00134
-1.68000 0.00135 0.00135
-1.67600 0.00137 0.00137
-1.67200 0.00139 0.00139
-1.66800 0.00141 0.00141
-1.66400 0.00143 0.00143
-1.66000 0.00147 0.00147
-1.65600 0.00152 0.00152
-1.65200 0.00159 0.00159
-1.64800 0.00167 0.00167
-1.64400 0.00173 0.00173
-1.64000 0.00174 0.00174
-1.63600 0.00177 0.00177
-1.63200 0.00185 0.00185
-1.62800 0.00201 0.00201
-1.62400 0.00220 0.00220
-1.62000 0.00225 0.00225
-1.61600 0.00211 0.00211
-1.61200 0.00192 0.00192
-1.60800 0.00180 0.00180
-1.60400 0.00173 0.00173
-1.60000 0.00170 0.00170
-1.59600 0.00170 0.00170
-1.59200 0.00171 0.00171
-1.58800 0.00171 0.00171
-1.58400 0.00167 0.00167
-1.58000 0.00164 0.00164
-1.57600 0.00163 0.00163
-1.57200 0.00162 0.00162
-1.56800 0.00162 0.00162
-1.56400 0.00162 0.00162
-1.56000 0.00162 0.00162
-1.55600 0.00163 0.00163
-1.55200 0.00164 0.00164
-1.54800 0.00164 0.00164
-1.54400 0.00165 0.00165
-1.54000 0.00167 0.00167
-1.53600 0.00168 0.00168
-1.53200 0.00169 0.00169
-1.52800 0.00171 0.00171
-1.52400 0.00172 0.00172
-1.52000 0.00174 0.00174
-1.51600 0.00177 0.00177
-1.51200 0.00179 0.00179
-1.50800 0.00180 0.00180
-1.50400 0.00181 0.00181
-1.50000 0.00182 0.00182
-1.49600 0.00183 0.00183
-1.49200 0.00185 0.00185
-1.48800 0.00187 0.00187
-1.48400 0.00189 0.00189
-1.48000 0.00192 0.00192
-1.47600 0.00195 0.00195
-1.47200 0.00199 0.00199
-1.46800 0.00204 0.00204
-1.46400 0.00210 0.00210
-1.46000 0.00218 0.00218
-1.45600 0.00230 0.00230
-1.45200 0.00247 0.00247
-1.44800 0.00273 0.00273
-1.44400 0.00310 0.00310
-1.44000 0.00343 0.00343
-1.43600 0.00346 0.00346
-1.43200 0.00324 0.00324
-1.42800 0.00305 0.00305
-1.42400 0.00302 0.00302
-1.42000 0.00316 0.00316
-1.41600 0.00349 0.00349
-1.41200 0.00404 0.00404
-1.40800 0.00468 0.00468
-1.40400 0.00484 0.00484
-1.40000 0.00431 0.00431
-1.39600 0.00366 0.00366
-1.39200 0.00319 0.00319
-1.38800 0.00291 0.00291
-1.38400 0.00274 0.00274
-1.38000 0.00266 0.00266
-1.37600 0.00262 0.00262
-1.37200 0.00263 0.00263
-1.36800 0.00266 0.00266
-1.36400 0.00265 0.00265
-1.36000 0.00260 0.00260
-1.35600 0.00255 0.00255
-1.35200 0.00251 0.00251
-1.34800 0.00250 0.00250
-1.34400 0.00250 0.00250
-1.34000 0.00251 0.00251
-1.33600 0.00252 0.00252
-1.33200 0.00253 0.00253
-1.32800 0.00256 0.00256
-1.32400 0.00258 0.00258
-1.32000 0.00261 0.00261
-1.31600 0.00264 0.00264
-1.31200 0.00267 0.00267
-1.30800 0.00271 0.00271
-1.30400 0.00276 0.00276
-1.30000 0.00281 0.00281
-1.29600 0.00287 0.00287
-1.29200 0.00295 0.00295
-1.28800 0.00305 0.00305
-1.28400 0.00320 0.00320
-1.28000 0.00340 0.00340
-1.27600 0.00369 0.00369
-1.27200 0.00401 0.00401
-1.26800 0.00415 0.00415
-1.26400 0.00406 0.00406
-1.26000 0.00394 0.00394
-1.25600 0.00393 0.00393
-1.25200 0.00406 0.00406
-1.24800 0.00432 0.00432
-1.24400 0.00478 0.00478
-1.24000 0.00550 0.00550
-1.23600 0.00640 0.00640
-1.23200 0.00691 0.00691
-1.22800 0.00661 0.00661
-1.22400 0.00610 0.00610
-1.22000 0.00589 0.00589
-1.21600 0.00607 0.00607
-1.21200 0.00672 0.00672
-1.20800 0.00794 0.00794
-1.20400 0.00983 0.00983
-1.20000 0.01174 0.01174
-1.19600 0.01197 0.01197
-1.19200 0.01049 0.01049
-1.18800 0.00910 0.00910
-1.18400 0.00854 0.00854
-1.18000 0.00852 0.00852
-1.17600 0.00815 0.00815
-1.17200 0.00717 0.00717
-1.16800 0.00619 0.00619
-1.16400 0.00552 0.00552
-1.16000 0.00510 0.00510
-1.15600 0.00484 0.00484
-1.15200 0.00468 0.00468
-1.14800 0.00459 0.00459
-1.14400 0.00454 0.00454
-1.14000 0.00452 0.00452
-1.13600 0.00453 0.00453
-1.13200 0.00455 0.00455
-1.12800 0.00460 0.00460
-1.12400 0.00466 0.00466
-1.12000 0.00474 0.00474
-1.11600 0.00484 0.00484
-1.11200 0.00498 0.00498
-1.10800 0.00517 0.00517
-1.10400 0.00543 0.00543
-1.10000 0.00572 0.00572
-1.09600 0.00591 0.00591
-1.09200 0.00591 0.00591
-1.08800 0.00589 0.00589
-1.08400 0.00594 0.00594
-1.08000 0.00608 0.00608
-1.07600 0.00630 0.00630
-1.07200 0.00662 0.00662
-1.06800 0.00707 0.00707
-1.06400 0.00770 0.00770
-1.06000 0.00864 0.00864
-1.05600 0.00997 0.00997
-1.05200 0.01148 0.01148
-1.04800 0.01222 0.01222
-1.04400 0.01184 0.01184
-1.04000 0.01137 0.01137
-1.03600 0.01147 0.01147
-1.03200 0.01226 0.01226
-1.02800 0.01389 0.01389
-1.02400 0.01660 0.01660
-1.02000 0.02037 0.02037
-1.01600 0.02361 0.02361
-1.01200 0.02381 0.02381
-1.00800 0.02233 0.02233
-1.00400 0.02200 0.02200
-1.00000 0.02385 0.02385
-0.99600 0.02847 0.02847
-0.99200 0.03681 0.03681
-0.98800 0.04939 0.04939
-0.98400 0.06155 0.06155
-0.98000 0.06141 0.06141
-0.97600 0.04922 0.04922
-0.97200 0.03675 0.03675
-0.96800 0.02837 0.02837
-0.96400 0.02336 0.02336
-0.96000 0.02050 0.02050
-0.95600 0.01903 0.01903
-0.95200 0.01853 0.01853
-0.94800 0.01869 0.01869
-0.94400 0.01906 0.01906
-0.94000 0.01948 0.01948
-0.93600 0.02032 0.02032
-0.93200 0.02184 0.02184
-0.92800 0.02421 0.02421
-0.92400 0.02770 0.02770
-0.92000 0.03278 0.03278
-0.91600 0.04031 0.04031
-0.91200 0.05179 0.05179
-0.90800 0.06987 0.06987
-0.90400 0.09866 0.09866
-0.90000 0.14148 0.14148
-0.89600 0.18700 0.18700
-0.89200 0.19550 0.19550
-0.88800 0.15694 0.15694
-0.88400 0.11174 0.11174
-0.88000 0.08004 0.08004
-0.87600 0.06061 0.06061
-0.87200 0.04866 0.04866
-0.86800 0.04050 0.04050
-0.86400 0.03465 0.03465
-0.86000 0.03072 0.03072
-0.85600 0.02832 0.02832
-0.85200 0.02707 0.02707
-0.84800 0.02681 0.02681
-0.84400 0.02752 0.02752
-0.84000 0.02942 0.02942
-0.83600 0.03296 0.03296
-0.83200 0.03886 0.03886
-0.82800 0.04725 0.04725
-0.82400 0.05474 0.05474
-0.82000 0.05515 0.05515
-0.81600 0.05099 0.05099
-0.81200 0.04895 0.04895
-0.80800 0.05083 0.05083
-0.80400 0.05484 0.05484
-0.80000 0.05849 0.05849
-0.79600 0.06368 0.06368
-0.79200 0.07454 0.07454
-0.78800 0.09474 0.09474
-0.78400 0.12886 0.12886
-0.78000 0.17898 0.17898
-0.77600 0.22586 0.22586
-0.77200 0.22312 0.22312
-0.76800 0.17429 0.17429
-0.76400 0.12534 0.12534
-0.76000 0.09225 0.09225
-0.75600 0.07192 0.07192
-0.75200 0.05957 0.05957
-0.74800 0.05209 0.05209
-0.74400 0.04772 0.04772
-0.74000 0.04547 0.04547
-0.73600 0.04485 0.04485
-0.73200 0.04564 0.04564
-0.72800 0.04784 0.04784
-0.72400 0.05156 0.05156
-0.72000 0.05668 0.05668
-0.71600 0.06265 0.06265
-0.71200 0.06969 0.06969
-0.70800 0.07949 0.07949
-0.70400 0.09419 0.09419
-0.70000 0.11641 0.11641
-0.69600 0.15051 0.15051
-0.69200 0.20418 0.20418
-0.68800 0.28993 0.28993
-0.68400 0.41996 0.41996
-0.68000 0.56905 0.56905
-0.67600 0.61893 0.61893
-0.67200 0.50980 0.50980
-0.66800 0.36230 0.36230
-0.66400 0.25430 0.25430
-0.66000 0.18667 0.18667
-0.65600 0.14520 0.14520
-0.65200 0.11946 0.11946
-0.64800 0.10371 0.10371
-0.64400 0.09497 0.09497
-0.64000 0.09187 0.09187
-0.63600 0.09422 0.09422
-0.63200 0.10284 0.10284
-0.62800 0.11812 0.11812
-0.62400 0.13448 0.13448
-0.62000 0.13906 0.13906
-0.61600 0.13415 0.13415
-0.61200 0.13457 0.13457
-0.60800 0.14741 0.14741
-0.60400 0.17494 0.17494
-0.60000 0.21381 0.21381
-0.59600 0.24702 0.24702
-0.59200 0.26848 0.26848
-0.58800 0.30696 0.30696
-0.58400 0.39035 0.39035
-0.58000 0.52817 0.52817
-0.57600 0.66933 0.66933
-0.57200 0.67293 0.67293
-0.56800 0.52812 0.52812
-0.56400 0.37407 0.37407
-0.56000 0.26757 0.26757
-0.55600 0.20113 0.20113
-0.55200 0.15985 0.15985
-0.54800 0.13378 0.13378
-0.54400 0.11715 0.11715
-0.54000 0.10671 0.10671
-0.53600 0.10061 0.10061
-0.53200 0.09784 0.09784
-0.52800 0.09788 0.09788
-0.52400 0.10062 0.10062
-0.52000 0.10631 0.10631
-0.51600 0.11545 0.11545
-0.51200 0.12809 0.12809
-0.50800 0.14211 0.14211
-0.50400 0.15587 0.15587
-0.50000 0.17354 0.17354
-0.49600 0.20034 0.20034
-0.49200 0.24063 0.24063
-0.48800 0.30089 0.30089
-0.48400 0.39266 0.39266
-0.48000 0.53649 0.53649
-0.47600 0.76602 0.76602
-0.47200 1.11687 1.11687
-0.46800 1.53380 1.53380
-0.46400 1.70535 1.70535
-0.46000 1.42845 1.42845
-0.45600 1.01875 1.01875
-0.45200 0.71265 0.71265
-0.44800 0.52147 0.52147
-0.44400 0.40694 0.40694
-0.44000 0.34043 0.34043
-0.43600 0.30621 0.30621
-0.43200 0.29734 0.29734
-0.42800 0.31250 0.31250
-0.42400 0.35082 0.35082
-0.42000 0.39812 0.39812
-0.41600 0.43176 0.43176
-0.41200 0.47248 0.47248
-0.40800 0.56612 0.56612
-0.40400 0.74671 0.74671
-0.40000 1.01897 1.01897
-0.39600 1.25313 1.25313
-0.39200 1.19354 1.19354
-0.38800 0.90356 0.90356
-0.38400 0.63220 0.63220
-0.38000 0.44992 0.44992
-0.37600 0.33558 0.33558
-0.37200 0.26305 0.26305
-0.36800 0.21563 0.21563
-0.36400 0.18372 0.18372
-0.36000 0.16181 0.16181
-0.35600 0.14665 0.14665
-0.35200 0.13626 0.13626
-0.34800 0.12944 0.12944
-0.34400 0.12541 0.12541
-0.34000 0.12372 0.12372
-0.33600 0.12411 0.12411
-0.33200 0.12646 0.12646
-0.32800 0.13081 0.13081
-0.32400 0.13731 0.13731
-0.32000 0.14624 0.14624
-0.31600 0.15807 0.15807
-0.31200 0.17350 0.17350
-0.30800 0.19355 0.19355
-0.30400 0.21971 0.21971
-0.30000 0.25424 0.25424
-0.29600 0.30060 0.30060
-0.29200 0.36424 0.36424
-0.28800 0.45407 0.45407
-0.28400 0.58510 0.58510
-0.28000 0.78344 0.78344
-0.27600 1.09455 1.09455
-0.27200 1.59073 1.59073
-0.26800 2.33697 2.33697
-0.26400 3.16441 3.16441
-0.26000 3.38331 3.38331
-0.25600 2.72618 2.72618
-0.25200 1.89673 1.89673
-0.24800 1.29723 1.29723
-0.24400 0.91959 0.91959
-0.24000 0.68466 0.68466
-0.23600 0.53620 0.53620
-0.23200 0.44210 0.44210
-0.22800 0.38561 0.38561
-0.22400 0.35949 0.35949
-0.22000 0.36192 0.36192
-0.21600 0.38620 0.38620
-0.21200 0.39700 0.39700
-0.20800 0.35477 0.35477
-0.20400 0.28829 0.28829
-0.20000 0.23449 0.23449
-0.19600 0.19830 0.19830
-0.19200 0.17454 0.17454
-0.18800 0.15872 0.15872
-0.18400 0.14804 0.14804
-0.18000 0.14087 0.14087
-0.17600 0.13626 0.13626
-0.17200 0.13362 0.13362
-0.16800 0.13259 0.13259
-0.16400 0.13297 0.13297
-0.16000 0.13463 0.13463
-0.15600 0.13754 0.13754
-0.15200 0.14168 0.14168
-0.14800 0.14712 0.14712
-0.14400 0.15397 0.15397
-0.14000 0.16239 0.16239
-0.13600 0.17260 0.17260
-0.13200 0.18490 0.18490
-0.12800 0.19969 0.19969
-0.12400 0.21750 0.21750
-0.12000 0.23904 0.23904
-0.11600 0.26528 0.26528
-0.11200 0.29752 0.29752
-0.10800 0.33759 0.33759
-0.10400 0.38809 0.38809
-0.10000 0.45278 0.45278
-0.09600 0.53729 0.53729
-0.09200 0.65028 0.65028
-0.08800 0.80549 0.80549
-0.08400 1.02550 1.02550
-0.08000 1.34881 1.34881
-0.07600 1.84258 1.84258
-0.07200 2.62252 2.62252
-0.06800 3.85946 3.85946
-0.06400 5.62890 5.62890
-0.06000 7.24223 7.24223
-0.05600 7.09649 7.09649
-0.05200 5.37730 5.37730
-0.04800 3.67481 3.67481
-0.04400 2.51797 2.51797
-0.04000 1.79386 1.79386
-0.03600 1.33701 1.33701
-0.03200 1.03973 1.03973
-0.02800 0.83999 0.83999
-0.02400 0.70229 0.70229
-0.02000 0.60582 0.60582
-0.01600 0.53803 0.53803
-0.01200 0.49120 0.49120
-0.00800 0.46054 0.46054
-0.00400 0.44317 0.44317
0.00000 0.43754 0.43754
0.00400 0.44317 0.44317
0.00800 0.46054 0.46054
0.01200 0.49120 0.49120
0.01600 0.53803 0.53803
0.02000 0.60582 0.60582
0.02400 0.70229 0.70229
0.02800 0.83999 0.83999
0.03200 1.03973 1.03973
0.03600 1.33701 1.33701
0.04000 1.79386 1.79386
0.04400 2.51797 2.51797
0.04800 3.67481 3.67481
0.05200 5.37730 5.37730
0.05600 7.09649 7.09649
0.06000 7.24223 7.24223
0.06400 5.62890 5.62890
0.06800 3.85946 3.85946
0.07200 2.62252 2.62252
0.07600 1.84258 1.84258
0.08000 1.34881 1.34881
0.08400 1.02550 1.02550
0.08800 0.80549 0.80549
0.09200 0.65028 0.65028
0.09600 0.53729 0.53729
0.10000 0.45278 0.45278
0.10400 0.38809 0.38809
0.10800 0.33759 0.33759
0.11200 0.29752 0.29752
0.11600 0.26528 0.26528
0.12000 0.23904 0.23904
0.12400 0.21750 0.21750
0.12800 0.19969 0.19969
0.13200 0.18490 0.18490
0.13600 0.17260 0.17260
0.14000 0.16239 0.16239
0.14400 0.15397 0.15397
0.14800 0.14712 0.14712
0.15200 0.14168 0.14168
0.15600 0.13754 0.13754
0.16000 0.13463 0.13463
0.16400 0.13297 0.13297
0.16800 0.13259 0.13259
0.17200 0.13362 0.13362
0.17600 0.13626 0.13626
0.18000 0.14087 0.14087
0.18400 0.14804 0.14804
0.18800 0.15872 0.15872
0.19200 0.17454 0.17454
0.19600 0.19830 0.19830
0.20000 0.23449 0.23449
0.20400 0.28829 0.28829
0.20800 0.35477 0.35477
0.21200 0.39700 0.39700
0.21600 0.38620 0.38620
0.22000 0.36192 0.36192
0.22400 0.35949 0.35949
0.22800 0.38561 0.38561
0.23200 0.44210 0.44210
0.23600 0.53620 0.53620
0.24000 0.68466 0.68466
0.24400 0.91959 0.91959
0.24800 1.29723 1.29723
0.25200 1.89673 1.89673
0.25600 2.72618 2.72618
0.26000 3.38331 3.38331
0.26400 3.16441 3.16441
0.26800 2.33697 2.33697
0.27200 1.59073 1.59073
0.27600 1.09455 1.09455
0.28000 0.78344 0.78344
0.28400 0.58510 0.58510
0.28800 0.45407 0.45407
0.29200 0.36424 0.36424
0.29600 0.30060 0.30060
0.30000 0.25424 0.25424
0.30400 0.21971 0.21971
0.30800 0.19355 0.19355
0.31200 0.17350 0.17350
0.31600 0.15807 0.15807
0.32000 0.14624 0.14624
0.32400 0.13731 0.13731
0.32800 0.13081 0.13081
0.33200 0.12646 0.12646
0.33600 0.12411 0.12411
0.34000 0.12372 0.12372
0.34400 0.12541 0.12541
0.34800 0.12944 0.12944
0.35200 0.13626 0.13626
0.35600 0.14665 0.14665
0.36000 0.16181 0.16181
0.36400 0.18372 0.18372
0.36800 0.21563 0.21563
0.37200 0.26305 0.26305
0.37600 0.33558 0.33558
0.38000 0.44992 0.44992
0.38400 0.63220 0.63220
0.38800 0.90356 0.90356
0.39200 1.19354 1.19354
0.39600 1.25313 1.25313
0.40000 1.01897 1.01897
0.40400 0.74671 0.74671
0.40800 0.56612 0.56612
0.41200 0.47248 0.47248
0.41600 0.43176 0.43176
0.42000 0.39812 0.39812
0.42400 0.35082 0.35082
0.42800 0.31250 0.31250
0.43200 0.29734 0.29734
0.43600 0.30621 0.30621
0.44000 0.34043 0.34043
0.44400 0.40694 0.40694
0.44800 0.52147 0.52147
0.45200 0.71265 0.71265
0.45600 1.01875 1.01875
0.46000 1.42845 1.42845
0.46400 1.70535 1.70535
0.46800 1.53380 1.53380
0.47200 1.11687 1.11687
0.47600 0.76602 0.76602
0.48000 0.53649 0.53649
0.48400 0.39266 0.39266
0.48800 0.30089 0.30089
0.49200 0.24063 0.24063
0.49600 0.20034 0.20034
0.50000 0.17354 0.17354
0.50400 0.15587 0.15587
0.50800 0.14211 0.14211
0.51200 0.12809 0.12809
0.51600 0.11545 0.11545
0.52000 0.10631 0.10631
0.52400 0.10062 0.10062
0.52800 0.09788 0.09788
0.53200 0.09784 0.09784
0.53600 0.10061 0.10061
0.54000 0.10671 0.10671
0.54400 0.11715 0.11715
0.54800 0.13378 0.13378
0.55200 0.15985 0.15985
0.55600 0.20113 0.20113
0.56000 0.26757 0.26757
0.56400 0.37407 0.37407
0.56800 0.52812 0.52812
0.57200 0.67293 0.67293
0.57600 0.66933 0.66933
0.58000 0.52817 0.52817
0.58400 0.39035 0.39035
0.58800 0.30696 0.30696
0.59200 0.26848 0.26848
0.59600 0.24702 0.24702
0.60000 0.21381 0.21381
0.60400 0.17494 0.17494
0.60800 0.14741 0.14741
0.61200 0.13457 0.13457
0.61600 0.13415 0.13415
0.62000 0.13906 0.13906
0.62400 0.13448 0.13448
0.62800 0.11812 0.11812
0.63200 0.10284 0.10284
0.63600 0.09422 0.09422
0.64000 0.09187 0.09187
0.64400 0.09497 0.09497
0.64800 0.10371 0.10371
0.65200 0.11946 0.11946
0.65600 0.14520 0.14520
0.66000 0.18667 0.18667
0.66400 0.25430 0.25430
0.66800 0.36230 0.36230
0.67200 0.50980 0.50980
0.67600 0.61893 0.61893
0.68000 0.56905 0.56905
0.68400 0.41996 0.41996
0.68800 0.28993 0.28993
0.69200 0.20418 0.20418
0.69600 0.15051 0.15051
0.70000 0.11641 0.11641
0.70400 0.09419 0.09419
0.70800 0.07949 0.07949
0.71200 0.06969 0.06969
0.71600 0.06265 0.06265
0.72000 0.05667 0.05667
0.72400 0.05156 0.05156
0.72800 0.04784 0.04784
0.73200 0.04564 0.04564
0.73600 0.04485 0.04485
0.74000 0.04547 0.04547
0.74400 0.04772 0.04772
0.74800 0.05209 0.05209
0.75200 0.05957 0.05957
0.75600 0.07192 0.07192
0.76000 0.09225 0.09225
0.76400 0.12534 0.12534
0.76800 0.17429 0.17429
0.77200 0.22312 0.22312
0.77600 0.22586 0.22586
0.78000 0.17899 0.17899
0.78400 0.12887 0.12887
0.78800 0.09474 0.09474
0.79200 0.07452 0.07452
0.79600 0.06366 0.06366
0.80000 0.05848 0.05848
0.80400 0.05487 0.05487
0.80800 0.05087 0.05087
0.81200 0.04896 0.04896
0.81600 0.05096 0.05096
0.82000 0.05511 0.05511
0.82400 0.05473 0.05473
0.82800 0.04727 0.04727
0.83200 0.03887 0.03887
0.83600 0.03297 0.03297
0.84000 0.02943 0.02943
0.84400 0.02752 0.02752
0.84800 0.02681 0.02681
0.85200 0.02707 0.02707
0.85600 0.02831 0.02831
0.86000 0.03071 0.03071
0.86400 0.03462 0.03462
0.86800 0.04049 0.04049
0.87200 0.04870 0.04870
0.87600 0.06066 0.06066
0.88000 0.08006 0.08006
0.88400 0.11172 0.11172
0.88800 0.15689 0.15689
0.89200 0.19546 0.19546
0.89600 0.18701 0.18701
0.90000 0.14151 0.14151
0.90400 0.09868 0.09868
0.90800 0.06988 0.06988
0.91200 0.05180 0.05180
0.91600 0.04031 0.04031
0.92000 0.03278 0.03278
0.92400 0.02769 0.02769
0.92800 0.02420 0.02420
0.93200 0.02182 0.02182
0.93600 0.02030 0.02030
0.94000 0.01946 0.01946
0.94400 0.01906 0.01906
0.94800 0.01872 0.01872
0.95200 0.01857 0.01857
0.95600 0.01906 0.01906
0.96000 0.02051 0.02051
0.96400 0.02335 0.02335
0.96800 0.02835 0.02835
0.97200 0.03671 0.03671
0.97600 0.04916 0.04916
0.98000 0.06138 0.06138
0.98400 0.06160 0.06160
0.98800 0.04947 0.04947
0.99200 0.03686 0.03686
0.99600 0.02848 0.02848
1.00000 0.02384 0.02384
1.00400 0.02195 0.02195
1.00800 0.02225 0.02225
1.01200 0.02374 0.02374
1.01600 0.02363 0.02363
1.02000 0.02044 0.02044
1.02400 0.01665 0.01665
1.02800 0.01392 0.01392
1.03200 0.01227 0.01227
1.03600 0.01146 0.01146
1.04000 0.01134 0.01134
1.04400 0.01180 0.01180
1.04800 0.01219 0.01219
1.05200 0.01149 0.01149
1.05600 0.00999 0.00999
1.06000 0.00865 0.00865
1.06400 0.00771 0.00771
1.06800 0.00707 0.00707
1.07200 0.00662 0.00662
1.07600 0.00630 0.00630
1.08000 0.00608 0.00608
1.08400 0.00594 0.00594
1.08800 0.00588 0.00588
1.09200 0.00590 0.00590
1.09600 0.00590 0.00590
1.10000 0.00572 0.00572
1.10400 0.00543 0.00543
1.10800 0.00518 0.00518
1.11200 0.00499 0.00499
1.11600 0.00485 0.00485
1.12000 0.00474 0.00474
1.12400 0.00466 0.00466
1.12800 0.00460 0.00460
1.13200 0.00455 0.00455
1.13600 0.00453 0.00453
1.14000 0.00452 0.00452
1.14400 0.00454 0.00454
1.14800 0.00459 0.00459
1.15200 0.00468 0.00468
1.15600 0.00484 0.00484
1.16000 0.00509 0.00509
1.16400 0.00551 0.00551
1.16800 0.00618 0.00618
1.17200 0.00716 0.00716
1.17600 0.00818 0.00818
1.18000 0.00860 0.00860
1.18400 0.00859 0.00859
1.18800 0.00906 0.00906
1.19200 0.01036 0.01036
1.19600 0.01186 0.01186
1.20000 0.01177 0.01177
1.20400 0.00992 0.00992
1.20800 0.00801 0.00801
1.21200 0.00675 0.00675
1.21600 0.00608 0.00608
1.22000 0.00587 0.00587
1.22400 0.00606 0.00606
1.22800 0.00656 0.00656
1.23200 0.00688 0.00688
1.23600 0.00642 0.00642
1.24000 0.00554 0.00554
1.24400 0.00481 0.00481
1.24800 0.00433 0.00433
1.25200 0.00406 0.00406
1.25600 0.00393 0.00393
1.26000 0.00394 0.00394
1.26400 0.00405 0.00405
1.26800 0.00415 0.00415
1.27200 0.00400 0.00400
1.27600 0.00369 0.00369
1.28000 0.00340 0.00340
1.28400 0.00320 0.00320
1.28800 0.00306 0.00306
1.29200 0.00295 0.00295
1.29600 0.00287 0.00287
1.30000 0.00281 0.00281
1.30400 0.00276 0.00276
1.30800 0.00271 0.00271
1.31200 0.00267 0.00267
1.31600 0.00264 0.00264
1.32000 0.00261 0.00261
1.32400 0.00258 0.00258
1.32800 0.00256 0.00256
1.33200 0.00253 0.00253
1.33600 0.00252 0.00252
1.34000 0.00251 0.00251
1.34400 0.00250 0.00250
1.34800 0.00250 0.00250
1.35200 0.00251 0.00251
1.35600 0.00254 0.00254
1.36000 0.00260 0.00260
1.36400 0.00265 0.00265
1.36800 0.00266 0.00266
1.37200 0.00263 0.00263
1.37600 0.00262 0.00262
1.38000 0.00266 0.00266
1.38400 0.00274 0.00274
1.38800 0.00291 0.00291
1.39200 0.00319 0.00319
1.39600 0.00365 0.00365
1.40000 0.00430 0.00430
1.40400 0.00483 0.00483
1.40800 0.00469 0.00469
1.41200 0.00405 0.00405
1.41600 0.00349 0.00349
1.42000 0.00316 0.00316
1.42400 0.00302 0.00302
1.42800 0.00305 0.00305
1.43200 0.00323 0.00323
1.43600 0.00346 0.00346
1.44000 0.00343 0.00343
1.44400 0.00310 0.00310
1.44800 0.00274 0.00274
1.45200 0.00247 0.00247
1.45600 0.00230 0.00230
1.46000 0.00218 0.00218
1.46400 0.00210 0.00210
1.46800 0.00204 0.00204
1.47200 0.00199 0.00199
1.47600 0.00195 0.00195
1.48000 0.00192 0.00192
1.48400 0.00189 0.00189
1.48800 0.00187 0.00187
1.49200 0.00185 0.00185
1.49600 0.00183 0.00183
1.50000 0.00181 0.00181
1.50400 0.00180 0.00180
1.50800 0.00180 0.00180
1.51200 0.00179 0.00179
1.51600 0.00177 0.00177
1.52000 0.00174 0.00174
1.52400 0.00172 0.00172
1.52800 0.00171 0.00171
1.53200 0.00169 0.00169
1.53600 0.00168 0.00168
1.54000 0.00167 0.00167
1.54400 0.00165 0.00165
1.54800 0.00164 0.00164
1.55200 0.00164 0.00164
1.55600 0.00163 0.00163
1.56000 0.00162 0.00162
1.56400 0.00162 0.00162
1.56800 0.00162 0.00162
1.57200 0.00162 0.00162
1.57600 0.00163 0.00163
1.58000 0.00164 0.00164
1.58400 0.00167 0.00167
1.58800 0.00171 0.00171
1.59200 0.00172 0.00172
1.59600 0.00170 0.00170
1.60000 0.00170 0.00170
1.60400 0.00173 0.00173
1.60800 0.00179 0.00179
1.61200 0.00192 0.00192
1.61600 0.00210 0.00210
1.62000 0.00225 0.00225
1.62400 0.00220 0.00220
1.62800 0.00202 0.00202
1.63200 0.00186 0.00186
1.63600 0.00177 0.00177
1.64000 0.00174 0.00174
1.64400 0.00173 0.00173
1.64800 0.00167 0.00167
1.65200 0.00159 0.00159
1.65600 0.00152 0.00152
1.66000 0.00147 0.00147
1.66400 0.00143 0.00143
1.66800 0.00141 0.00141
1.67200 0.00139 0.00139
1.67600 0.00137 0.00137
1.68000 0.00135 0.00135
1.68400 0.00134 0.00134
1.68800 0.00133 0.00133
1.69200 0.00132 0.00132
1.69600 0.00131 0.00131
1.70000 0.00130 0.00130
1.70400 0.00129 0.00129
1.70800 0.00128 0.00128
1.71200 0.00127 0.00127
1.71600 0.00127 0.00127
1.72000 0.00126 0.00126
1.72400 0.00125 0.00125
1.72800 0.00125 0.00125
1.73200 0.00125 0.00125
1.73600 0.00124 0.00124
1.74000 0.00123 0.00123
1.74400 0.00122 0.00122
1.74800 0.00121 0.00121
1.75200 0.00120 0.00120
1.75600 0.00120 0.00120
1.76000 0.00119 0.00119
1.76400 0.00118 0.00118
1.76800 0.00118 0.00118
1.77200 0.00117 0.00117
1.77600 0.00116 0.00116
1.78000 0.00116 0.00116
1.78400 0.00116 0.00116
1.78800 0.00115 0.00115
1.79200 0.00115 0.00115
1.79600 0.00115 0.00115
1.80000 0.00115 0.00115
1.80400 0.00116 0.00116
1.80800 0.00117 0.00117
1.81200 0.00119 0.00119
1.81600 0.00122 0.00122
1.82000 0.00125 0.00125
1.82400 0.00125 0.00125
1.82800 0.00122 0.00122
1.83200 0.00120 0.00120
1.83600 0.00119 0.00119
1.84000 0.00120 0.00120
1.84400 0.00120 0.00120
1.84800 0.00117 0.00117
1.85200 0.00113 0.00113
1.85600 0.00110 0.00110
1.86000 0.00108 0.00108
1.86400 0.00106 0.00106
1.86800 0.00105 0.00105
1.87200 0.00104 0.00104
1.87600 0.00103 0.00103
1.88000 0.00102 0.00102
1.88400 0.00102 0.00102
1.88800 0.00101 0.00101
1.89200 0.00100 0.00100
1.89600 0.00100 0.00100
1.90000 0.00099 0.00099
1.90400 0.00099 0.00099
1.90800 0.00098 0.00098
1.91200 0.00098 0.00098
1.91600 0.00097 0.00097
1.92000 0.00097 0.00097
1.92400 0.00097 0.00097
1.92800 0.00096 0.00096
1.93200 0.00096 0.00096
1.93600 0.00095 0.00095
1.94000 0.00095 0.00095
1.94400 0.00094 0.00094
1.94800 0.00094 0.00094
1.95200 0.00093 0.00093
1.95600 0.00093 0.00093
1.96000 0.00092 0.00092
1.96400 0.00092 0.00092
1.96800 0.00091 0.00091
1.97200 0.00091 0.00091
1.97600 0.00091 0.00091
1.98000 0.00090 0.00090
1.98400 0.00090 0.00090
1.98800 0.00090 0.00090
1.99200 0.00089 0.00089
1.99600 0.00089 0.00089
2.00000 0.00089 0.00089
