[UU-FVFLJ1WH1WG7:40076] shmem: mmap: an error occurred while determining whether or not /var/folders/s2/nnr5gscj1cj8wzpkytp53pgr0000gn/T//ompi.UU-FVFLJ1WH1WG7.501/jf.0/32178176/sm_segment.UU-FVFLJ1WH1WG7.501.1eb0000.0 could be created.
******************************************
******************************************
NF = 40, M = 20, Nimp = 1
******************************************
[[-0.25   0.     0.033 ...  0.     0.033  0.   ]
 [ 0.    -0.25   0.    ...  0.043  0.     0.033]
 [ 0.033  0.    -0.947 ...  0.     0.     0.   ]
 ...
 [ 0.     0.043  0.    ...  0.842  0.     0.   ]
 [ 0.033  0.     0.    ...  0.     0.947  0.   ]
 [ 0.     0.033  0.    ...  0.     0.     0.947]]
************
[[-0.25   0.033  0.043  0.048  0.051  0.053  0.055  0.056  0.057  0.058  0.058  0.058  0.057  0.056  0.055  0.053  0.051  0.048  0.043  0.033]
 [ 0.033 -0.947  0.     0.     0.     0.     0.     0.     0.     0.     0.     0.     0.     0.     0.     0.     0.     0.     0.     0.   ]
 [ 0.043  0.    -0.842  0.     0.     0.     0.     0.     0.     0.     0.     0.     0.     0.     0.     0.     0.     0.     0.     0.   ]
 [ 0.048  0.     0.    -0.737  0.     0.     0.     0.     0.     0.     0.     0.     0.     0.     0.     0.     0.     0.     0.     0.   ]
 [ 0.051  0.     0.     0.    -0.632  0.     0.     0.     0.     0.     0.     0.     0.     0.     0.     0.     0.     0.     0.     0.   ]
 [ 0.053  0.     0.     0.     0.    -0.526  0.     0.     0.     0.     0.     0.     0.     0.     0.     0.     0.     0.     0.     0.   ]
 [ 0.055  0.     0.     0.     0.     0.    -0.421  0.     0.     0.     0.     0.     0.     0.     0.     0.     0.     0.     0.     0.   ]
 [ 0.056  0.     0.     0.     0.     0.     0.    -0.316  0.     0.     0.     0.     0.     0.     0.     0.     0.     0.     0.     0.   ]
 [ 0.057  0.     0.     0.     0.     0.     0.     0.    -0.211  0.     0.     0.     0.     0.     0.     0.     0.     0.     0.     0.   ]
 [ 0.058  0.     0.     0.     0.     0.     0.     0.     0.    -0.105  0.     0.     0.     0.     0.     0.     0.     0.     0.     0.   ]
 [ 0.058  0.     0.     0.     0.     0.     0.     0.     0.     0.    -0.     0.     0.     0.     0.     0.     0.     0.     0.     0.   ]
 [ 0.058  0.     0.     0.     0.     0.     0.     0.     0.     0.     0.     0.105  0.     0.     0.     0.     0.     0.     0.     0.   ]
 [ 0.057  0.     0.     0.     0.     0.     0.     0.     0.     0.     0.     0.     0.211  0.     0.     0.     0.     0.     0.     0.   ]
 [ 0.056  0.     0.     0.     0.     0.     0.     0.     0.     0.     0.     0.     0.     0.316  0.     0.     0.     0.     0.     0.   ]
 [ 0.055  0.     0.     0.     0.     0.     0.     0.     0.     0.     0.     0.     0.     0.     0.421  0.     0.     0.     0.     0.   ]
 [ 0.053  0.     0.     0.     0.     0.     0.     0.     0.     0.     0.     0.     0.     0.     0.     0.526  0.     0.     0.     0.   ]
 [ 0.051  0.     0.     0.     0.     0.     0.     0.     0.     0.     0.     0.     0.     0.     0.     0.     0.632  0.     0.     0.   ]
 [ 0.048  0.     0.     0.     0.     0.     0.     0.     0.     0.     0.     0.     0.     0.     0.     0.     0.     0.737  0.     0.   ]
 [ 0.043  0.     0.     0.     0.     0.     0.     0.     0.     0.     0.     0.     0.     0.     0.     0.     0.     0.     0.842  0.   ]
 [ 0.033  0.     0.     0.     0.     0.     0.     0.     0.     0.     0.     0.     0.     0.     0.     0.     0.     0.     0.     0.947]]
U((0, 0, 0, 0)) = (0.5+0j)
setting to 0
U((0, 20, 0, 20)) = (0.5+0j)
U((20, 0, 20, 0)) = (0.5+0j)
U((20, 20, 20, 20)) = (0.5+0j)
setting to 0
h0_0 size:  (40, 40)
U_0 size:  (40, 40, 40, 40)
Going with Nelec_imp = 1, nbath = 19, Nelec = 20
imp_indices_full = [0, 20]
h0_0 = 
[[-0.25   0.033  0.043 ...  0.     0.     0.   ]
 [ 0.033 -0.947  0.    ...  0.     0.     0.   ]
 [ 0.043  0.    -0.842 ...  0.     0.     0.   ]
 ...
 [ 0.     0.     0.    ...  0.737  0.     0.   ]
 [ 0.     0.     0.    ...  0.     0.842  0.   ]
 [ 0.     0.     0.    ...  0.     0.     0.947]]


--------------------------------------------------------------
Mean-Field Self-Consistent Procedure with block handling
--------------------------------------------------------------
[V1] mfscf proc with Ne=20, maxiter=100, alpha=0.2, threshold=1e-07, spinsym_only = False
[V1] Symmetry analysis found 2 blocks.
[V1] Found 1 unique groups of blocks.
[V1] Blocks: [[0, 1, 2, 3, 4, 5, 6, 7, 8, 9, 10, 11, 12, 13, 14, 15, 16, 17, 18, 19], [20, 21, 22, 23, 24, 25, 26, 27, 28, 29, 30, 31, 32, 33, 34, 35, 36, 37, 38, 39]]
[V1] Identical Groups (by block index): [[0, 1]]
[V1] iter 0, Tr(rho*h0) = -10.07662923
[V1] Ne = 20, initial tr(rho) = 20.00000000+0.00000000j
[V1] mixing parameter: α = 0.2
[V2] Number of non-zero U elements: 2
[V1] Iter         E_total          E_corr        ΔE_total
[V2] U is sparse, using nzU
[V1]    1     -9.68324747     -0.39338176      1.0097e+03
[V1]   10     -9.81511772     -0.12581803      3.3687e-03
[V1]   20     -9.82714042     -0.12500133      3.6153e-04
[V1]   30     -9.82843128     -0.12500000      3.8819e-05
[V1]   40     -9.82856989     -0.12500000      4.1682e-06
[V1]   50     -9.82858477     -0.12500000      4.4756e-07
[V1] Converged in 57 iterations.
[V1] Final tr(rho) = 20.00000000+0.00000000j
[V2] Reordering final eigenvectors to spin-blocked convention...
hmf = 
[[ 0.     0.033  0.043 ...  0.     0.     0.   ]
 [ 0.033 -0.947  0.    ...  0.     0.     0.   ]
 [ 0.043  0.    -0.842 ...  0.     0.     0.   ]
 ...
 [ 0.     0.     0.    ...  0.737  0.     0.   ]
 [ 0.     0.     0.    ...  0.     0.842  0.   ]
 [ 0.     0.     0.    ...  0.     0.     0.947]]
DEBUG, Nimp_sf = 2
hmf_ab = 
[[ 0.   +0.j  0.   +0.j  0.033+0.j ...  0.   +0.j  0.033+0.j  0.   +0.j]
 [ 0.   +0.j  0.   +0.j  0.   +0.j ...  0.043+0.j  0.   +0.j  0.033+0.j]
 [ 0.033+0.j  0.   +0.j -0.947+0.j ...  0.   +0.j  0.   +0.j  0.   +0.j]
 ...
 [ 0.   +0.j  0.043+0.j  0.   +0.j ...  0.842+0.j  0.   +0.j  0.   +0.j]
 [ 0.033+0.j  0.   +0.j  0.   +0.j ...  0.   +0.j  0.947+0.j  0.   +0.j]
 [ 0.   +0.j  0.033+0.j  0.   +0.j ...  0.   +0.j  0.   +0.j  0.947+0.j]]

--- Analyzed Structure ---
Found 2 blocks
Blocks: [[0, 2, 4, 6, 8, 10, 12, 14, 16, 18, 20, 22, 24, 26, 28, 30, 32, 34, 36, 38], [1, 3, 5, 7, 9, 11, 13, 15, 17, 19, 21, 23, 25, 27, 29, 31, 33, 35, 37, 39]]
Identical Groups (by block index): [[0, 1]]
[blocks] 2 blocks; identical groups: [[0, 1]]
[check] Tr rho = 20.000000000000, sum blocks = 20.000000000000, Nelec = 20
[leader block 0] size=20 Nimp_b=1 Nelec_b=10
DEBUG: C1 = 
[[ 1.     0.     0.     0.     0.     0.     0.     0.     0.     0.     0.     0.     0.     0.     0.     0.     0.     0.     0.     0.   ]
 [ 0.    -0.03   0.044 -0.014 -0.063 -0.073  0.025  0.032  0.138 -0.836  0.518  0.001  0.    -0.    -0.002 -0.    -0.     0.     0.     0.   ]
 [ 0.    -0.044 -0.028  0.369  0.394  0.595  0.241 -0.236  0.324  0.166  0.326  0.002  0.    -0.001 -0.004 -0.    -0.     0.     0.001  0.   ]
 [ 0.    -0.055  0.09  -0.036  0.4    0.101  0.415 -0.251 -0.567 -0.352 -0.371  0.002  0.    -0.001 -0.005 -0.    -0.     0.     0.001  0.   ]
 [ 0.    -0.067 -0.027 -0.176  0.018 -0.17   0.223 -0.266  0.723 -0.182 -0.508  0.003  0.    -0.001 -0.007 -0.    -0.     0.     0.001  0.   ]
 [ 0.    -0.082 -0.613 -0.272 -0.163 -0.24   0.425 -0.334 -0.116  0.199  0.338  0.004  0.    -0.001 -0.009 -0.    -0.     0.001  0.001  0.   ]
 [ 0.    -0.102  0.712  0.137 -0.15  -0.383  0.237 -0.364 -0.019  0.222  0.239  0.005  0.001 -0.002 -0.013 -0.    -0.     0.001  0.002  0.001]
 [ 0.    -0.13   0.022  0.019  0.422 -0.349  0.42   0.684  0.119  0.121  0.094  0.006  0.001 -0.004 -0.02  -0.    -0.     0.002  0.003  0.001]
 [ 0.    -0.179 -0.21   0.755 -0.461 -0.054  0.243  0.118 -0.057 -0.112 -0.221  0.008  0.002 -0.007 -0.035 -0.    -0.     0.003  0.006  0.003]
 [ 0.    -0.285  0.238 -0.41  -0.461  0.519  0.359  0.274 -0.002  0.027 -0.021  0.01   0.007 -0.017 -0.075  0.001 -0.002  0.007  0.013  0.009]
 [ 0.    -0.828 -0.065 -0.012  0.168 -0.063 -0.333 -0.095 -0.03   0.007  0.008 -0.034  0.039 -0.11  -0.364  0.012 -0.027  0.023  0.072  0.06 ]
 [ 0.    -0.285 -0.011 -0.009  0.025 -0.002 -0.073 -0.012 -0.008  0.003 -0.     0.596  0.05   0.26   0.532 -0.092  0.295  0.225 -0.153 -0.187]
 [ 0.    -0.179 -0.004 -0.005  0.009  0.001 -0.035 -0.004 -0.005  0.002 -0.001 -0.069 -0.577  0.409  0.291  0.161 -0.397 -0.404 -0.059  0.167]
 [ 0.    -0.13  -0.002 -0.003  0.005  0.001 -0.021 -0.001 -0.003  0.001 -0.001 -0.371  0.238 -0.054  0.23  -0.415 -0.182 -0.315 -0.214 -0.618]
 [ 0.    -0.102 -0.002 -0.002  0.003  0.001 -0.014 -0.    -0.002  0.001 -0.001 -0.017  0.009 -0.751  0.477  0.323  0.05  -0.204 -0.113  0.19 ]
 [ 0.    -0.082 -0.001 -0.002  0.002  0.001 -0.01  -0.    -0.002  0.001 -0.    -0.347  0.327  0.306  0.253  0.453  0.262 -0.084  0.561 -0.113]
 [ 0.    -0.067 -0.001 -0.001  0.001  0.001 -0.007  0.    -0.001  0.001 -0.    -0.466 -0.537 -0.097  0.191 -0.343  0.411  0.374  0.131  0.04 ]
 [ 0.    -0.055 -0.001 -0.001  0.001  0.001 -0.005  0.    -0.001  0.001 -0.    -0.175  0.435  0.192  0.207 -0.417  0.02  -0.099 -0.111  0.708]
 [ 0.    -0.044 -0.    -0.001  0.     0.    -0.004  0.    -0.001  0.    -0.    -0.139  0.135 -0.026  0.244  0.103 -0.655  0.676  0.057 -0.002]
 [ 0.    -0.03  -0.    -0.     0.     0.    -0.002  0.    -0.     0.    -0.    -0.336  0.066  0.214 -0.095  0.426  0.228  0.177 -0.75  -0.005]]
DEBUG: C2 = 
[[1. 0. 0. 0. 0. 0. 0. 0. 0. 0. 0. 0. 0. 0. 0. 0. 0. 0. 0. 0.]
 [0. 1. 0. 0. 0. 0. 0. 0. 0. 0. 0. 0. 0. 0. 0. 0. 0. 0. 0. 0.]
 [0. 0. 1. 0. 0. 0. 0. 0. 0. 0. 0. 0. 0. 0. 0. 0. 0. 0. 0. 0.]
 [0. 0. 0. 1. 0. 0. 0. 0. 0. 0. 0. 0. 0. 0. 0. 0. 0. 0. 0. 0.]
 [0. 0. 0. 0. 1. 0. 0. 0. 0. 0. 0. 0. 0. 0. 0. 0. 0. 0. 0. 0.]
 [0. 0. 0. 0. 0. 1. 0. 0. 0. 0. 0. 0. 0. 0. 0. 0. 0. 0. 0. 0.]
 [0. 0. 0. 0. 0. 0. 1. 0. 0. 0. 0. 0. 0. 0. 0. 0. 0. 0. 0. 0.]
 [0. 0. 0. 0. 0. 0. 0. 1. 0. 0. 0. 0. 0. 0. 0. 0. 0. 0. 0. 0.]
 [0. 0. 0. 0. 0. 0. 0. 0. 1. 0. 0. 0. 0. 0. 0. 0. 0. 0. 0. 0.]
 [0. 0. 0. 0. 0. 0. 0. 0. 0. 1. 0. 0. 0. 0. 0. 0. 0. 0. 0. 0.]
 [0. 0. 0. 0. 0. 0. 0. 0. 0. 0. 1. 0. 0. 0. 0. 0. 0. 0. 0. 0.]
 [0. 0. 0. 0. 0. 0. 0. 0. 0. 0. 0. 1. 0. 0. 0. 0. 0. 0. 0. 0.]
 [0. 0. 0. 0. 0. 0. 0. 0. 0. 0. 0. 0. 1. 0. 0. 0. 0. 0. 0. 0.]
 [0. 0. 0. 0. 0. 0. 0. 0. 0. 0. 0. 0. 0. 1. 0. 0. 0. 0. 0. 0.]
 [0. 0. 0. 0. 0. 0. 0. 0. 0. 0. 0. 0. 0. 0. 1. 0. 0. 0. 0. 0.]
 [0. 0. 0. 0. 0. 0. 0. 0. 0. 0. 0. 0. 0. 0. 0. 1. 0. 0. 0. 0.]
 [0. 0. 0. 0. 0. 0. 0. 0. 0. 0. 0. 0. 0. 0. 0. 0. 1. 0. 0. 0.]
 [0. 0. 0. 0. 0. 0. 0. 0. 0. 0. 0. 0. 0. 0. 0. 0. 0. 1. 0. 0.]
 [0. 0. 0. 0. 0. 0. 0. 0. 0. 0. 0. 0. 0. 0. 0. 0. 0. 0. 1. 0.]
 [0. 0. 0. 0. 0. 0. 0. 0. 0. 0. 0. 0. 0. 0. 0. 0. 0. 0. 0. 1.]]
DEBUG: C3 = 
[[ 0.707 -0.707  0.     0.     0.     0.     0.     0.     0.     0.     0.     0.     0.     0.     0.     0.     0.     0.     0.     0.   ]
 [ 0.707  0.707  0.     0.     0.     0.     0.     0.     0.     0.     0.     0.     0.     0.     0.     0.     0.     0.     0.     0.   ]
 [ 0.     0.     1.     0.     0.     0.     0.     0.     0.     0.     0.     0.     0.     0.     0.     0.     0.     0.     0.     0.   ]
 [ 0.     0.     0.     1.     0.     0.     0.     0.     0.     0.     0.     0.     0.     0.     0.     0.     0.     0.     0.     0.   ]
 [ 0.     0.     0.     0.     1.     0.     0.     0.     0.     0.     0.     0.     0.     0.     0.     0.     0.     0.     0.     0.   ]
 [ 0.     0.     0.     0.     0.     1.     0.     0.     0.     0.     0.     0.     0.     0.     0.     0.     0.     0.     0.     0.   ]
 [ 0.     0.     0.     0.     0.     0.     1.     0.     0.     0.     0.     0.     0.     0.     0.     0.     0.     0.     0.     0.   ]
 [ 0.     0.     0.     0.     0.     0.     0.     1.     0.     0.     0.     0.     0.     0.     0.     0.     0.     0.     0.     0.   ]
 [ 0.     0.     0.     0.     0.     0.     0.     0.     1.     0.     0.     0.     0.     0.     0.     0.     0.     0.     0.     0.   ]
 [ 0.     0.     0.     0.     0.     0.     0.     0.     0.     1.     0.     0.     0.     0.     0.     0.     0.     0.     0.     0.   ]
 [ 0.     0.     0.     0.     0.     0.     0.     0.     0.     0.     1.     0.     0.     0.     0.     0.     0.     0.     0.     0.   ]
 [ 0.     0.     0.     0.     0.     0.     0.     0.     0.     0.     0.     1.     0.     0.     0.     0.     0.     0.     0.     0.   ]
 [ 0.     0.     0.     0.     0.     0.     0.     0.     0.     0.     0.     0.     1.     0.     0.     0.     0.     0.     0.     0.   ]
 [ 0.     0.     0.     0.     0.     0.     0.     0.     0.     0.     0.     0.     0.     1.     0.     0.     0.     0.     0.     0.   ]
 [ 0.     0.     0.     0.     0.     0.     0.     0.     0.     0.     0.     0.     0.     0.     1.     0.     0.     0.     0.     0.   ]
 [ 0.     0.     0.     0.     0.     0.     0.     0.     0.     0.     0.     0.     0.     0.     0.     1.     0.     0.     0.     0.   ]
 [ 0.     0.     0.     0.     0.     0.     0.     0.     0.     0.     0.     0.     0.     0.     0.     0.     1.     0.     0.     0.   ]
 [ 0.     0.     0.     0.     0.     0.     0.     0.     0.     0.     0.     0.     0.     0.     0.     0.     0.     1.     0.     0.   ]
 [ 0.     0.     0.     0.     0.     0.     0.     0.     0.     0.     0.     0.     0.     0.     0.     0.     0.     0.     1.     0.   ]
 [ 0.     0.     0.     0.     0.     0.     0.     0.     0.     0.     0.     0.     0.     0.     0.     0.     0.     0.     0.     1.   ]]
DEBUG: C4 = 
[[ 1.     0.     0.     0.     0.     0.     0.     0.     0.     0.     0.     0.     0.     0.     0.     0.     0.     0.     0.     0.   ]
 [ 0.     1.     0.     0.     0.     0.     0.     0.     0.     0.     0.     0.     0.     0.     0.     0.     0.     0.     0.     0.   ]
 [ 0.     0.     0.066  0.117  0.111 -0.073  0.066  0.442  0.467 -0.342 -0.655  0.     0.     0.     0.     0.     0.     0.     0.     0.   ]
 [ 0.     0.     0.14   0.059  0.141 -0.382 -0.728 -0.141 -0.393 -0.22  -0.243  0.     0.     0.     0.     0.     0.     0.     0.     0.   ]
 [ 0.     0.     0.007 -0.584 -0.263 -0.065 -0.48   0.293  0.417  0.257  0.171  0.     0.     0.     0.     0.     0.     0.     0.     0.   ]
 [ 0.     0.    -0.097 -0.165  0.662  0.586 -0.187  0.316 -0.206  0.059  0.024  0.     0.     0.     0.     0.     0.     0.     0.     0.   ]
 [ 0.     0.     0.932  0.194 -0.012  0.179 -0.035  0.091  0.076  0.013  0.212  0.     0.     0.     0.     0.     0.     0.     0.     0.   ]
 [ 0.     0.    -0.154  0.55   0.397 -0.273 -0.19  -0.019  0.419  0.423  0.226  0.     0.     0.     0.     0.     0.     0.     0.     0.   ]
 [ 0.     0.     0.184 -0.127  0.01  -0.064  0.145 -0.06  -0.208  0.75  -0.561  0.     0.     0.     0.     0.     0.     0.     0.     0.   ]
 [ 0.     0.    -0.178  0.466 -0.489  0.161 -0.166  0.574 -0.324  0.151  0.025  0.     0.     0.     0.     0.     0.     0.     0.     0.   ]
 [ 0.     0.     0.088 -0.203  0.254 -0.603  0.338  0.507 -0.285 -0.017  0.265  0.     0.     0.     0.     0.     0.     0.     0.     0.   ]
 [ 0.     0.     0.     0.     0.     0.     0.     0.     0.     0.     0.     0.509  0.467 -0.406  0.384 -0.112  0.337  0.023 -0.275  0.09 ]
 [ 0.     0.     0.     0.     0.     0.     0.     0.     0.     0.     0.    -0.046 -0.287  0.057 -0.004 -0.089  0.559 -0.328 -0.186 -0.67 ]
 [ 0.     0.     0.     0.     0.     0.     0.     0.     0.     0.     0.    -0.105  0.046 -0.481  0.251  0.066 -0.515  0.189  0.1   -0.614]
 [ 0.     0.     0.     0.     0.     0.     0.     0.     0.     0.     0.    -0.836  0.398 -0.061  0.23  -0.046  0.248  0.047 -0.103  0.099]
 [ 0.     0.     0.     0.     0.     0.     0.     0.     0.     0.     0.    -0.037 -0.096 -0.133 -0.455 -0.44   0.098  0.669 -0.333 -0.06 ]
 [ 0.     0.     0.     0.     0.     0.     0.     0.     0.     0.     0.    -0.005  0.018  0.183  0.221 -0.849 -0.306 -0.32   0.009  0.018]
 [ 0.     0.     0.     0.     0.     0.     0.     0.     0.     0.     0.    -0.064 -0.593 -0.316  0.404 -0.146  0.278  0.213  0.409  0.263]
 [ 0.     0.     0.     0.     0.     0.     0.     0.     0.     0.     0.     0.135  0.123  0.663  0.435  0.035  0.075  0.509  0.13  -0.236]
 [ 0.     0.     0.     0.     0.     0.     0.     0.     0.     0.     0.    -0.07  -0.404  0.082  0.359  0.188 -0.245 -0.004 -0.758  0.165]]
DEBUG: C_total = 
[[ 0.707 -0.707  0.     0.     0.     0.     0.     0.     0.     0.     0.     0.     0.     0.     0.     0.     0.     0.     0.     0.   ]
 [-0.021 -0.021  0.246 -0.437  0.525 -0.497  0.384 -0.244  0.125 -0.05   0.013  0.003 -0.     0.    -0.     0.    -0.     0.    -0.     0.   ]
 [-0.031 -0.031  0.315 -0.423  0.247  0.101 -0.404  0.506 -0.41   0.231 -0.083  0.004 -0.001  0.    -0.     0.    -0.     0.    -0.     0.   ]
 [-0.039 -0.039  0.345 -0.315 -0.066  0.386 -0.295 -0.12   0.467 -0.487  0.262  0.005 -0.001  0.    -0.     0.    -0.     0.    -0.     0.   ]
 [-0.047 -0.047  0.36  -0.173 -0.286  0.312  0.156 -0.415  0.058  0.456 -0.498  0.007 -0.002  0.    -0.     0.    -0.     0.    -0.     0.   ]
 [-0.058 -0.058  0.364 -0.015 -0.373  0.022  0.394 -0.019 -0.442  0.015  0.609  0.01  -0.003  0.001 -0.     0.    -0.     0.    -0.     0.   ]
 [-0.072 -0.072  0.357  0.145 -0.311 -0.285  0.193  0.409  0.024 -0.47  -0.487  0.014 -0.004  0.001 -0.     0.    -0.     0.    -0.     0.   ]
 [-0.092 -0.092  0.336  0.295 -0.105 -0.397 -0.266  0.155  0.478  0.477  0.25   0.021 -0.007  0.002 -0.001  0.    -0.     0.    -0.     0.   ]
 [-0.126 -0.126  0.292  0.41   0.211 -0.144 -0.427 -0.505 -0.397 -0.219 -0.077  0.034 -0.014  0.005 -0.002  0.001 -0.     0.    -0.     0.   ]
 [-0.201 -0.201  0.191  0.425  0.518  0.48   0.362  0.225  0.113  0.044  0.012  0.07  -0.034  0.016 -0.007  0.003 -0.001  0.    -0.     0.   ]
 [-0.585 -0.585 -0.301 -0.208 -0.13  -0.074 -0.038 -0.017 -0.006 -0.002 -0.     0.301 -0.208  0.13  -0.074  0.038 -0.017  0.006 -0.002  0.   ]
 [-0.201 -0.201 -0.07  -0.034 -0.016 -0.007 -0.003 -0.001 -0.    -0.    -0.    -0.191  0.425 -0.518  0.48  -0.362  0.225 -0.113  0.044 -0.012]
 [-0.126 -0.126 -0.034 -0.014 -0.005 -0.002 -0.001 -0.    -0.    -0.    -0.    -0.292  0.41  -0.211 -0.144  0.427 -0.505  0.397 -0.219  0.077]
 [-0.092 -0.092 -0.021 -0.007 -0.002 -0.001 -0.    -0.    -0.    -0.    -0.    -0.336  0.295  0.105 -0.397  0.266  0.155 -0.478  0.477 -0.25 ]
 [-0.072 -0.072 -0.014 -0.004 -0.001 -0.    -0.    -0.    -0.    -0.    -0.    -0.357  0.145  0.311 -0.285 -0.193  0.409 -0.024 -0.47   0.487]
 [-0.058 -0.058 -0.01  -0.003 -0.001 -0.    -0.    -0.    -0.    -0.    -0.    -0.364 -0.015  0.373  0.022 -0.394 -0.019  0.442  0.015 -0.609]
 [-0.047 -0.047 -0.007 -0.002 -0.    -0.    -0.    -0.    -0.    -0.    -0.    -0.36  -0.173  0.286  0.312 -0.156 -0.415 -0.058  0.456  0.498]
 [-0.039 -0.039 -0.005 -0.001 -0.    -0.    -0.    -0.    -0.    -0.    -0.    -0.345 -0.315  0.066  0.386  0.295 -0.12  -0.467 -0.487 -0.262]
 [-0.031 -0.031 -0.004 -0.001 -0.    -0.    -0.    -0.    -0.    -0.    -0.    -0.315 -0.423 -0.247  0.101  0.404  0.506  0.41   0.231  0.083]
 [-0.021 -0.021 -0.003 -0.    -0.    -0.    -0.    -0.    -0.    -0.    -0.    -0.246 -0.437 -0.525 -0.497 -0.384 -0.244 -0.125 -0.05  -0.013]]
DEBUG: C_total_restored = 
[[ 1.     0.     0.     0.     0.     0.     0.     0.     0.     0.     0.     0.     0.     0.     0.     0.     0.     0.     0.     0.   ]
 [-0.    -0.03   0.246 -0.437  0.525 -0.497  0.384 -0.244  0.125 -0.05   0.013  0.003 -0.     0.    -0.     0.    -0.     0.    -0.     0.   ]
 [ 0.    -0.044  0.315 -0.423  0.247  0.101 -0.404  0.506 -0.41   0.231 -0.083  0.004 -0.001  0.    -0.     0.    -0.     0.    -0.     0.   ]
 [-0.    -0.055  0.345 -0.315 -0.066  0.386 -0.295 -0.12   0.467 -0.487  0.262  0.005 -0.001  0.    -0.     0.    -0.     0.    -0.     0.   ]
 [-0.    -0.067  0.36  -0.173 -0.286  0.312  0.156 -0.415  0.058  0.456 -0.498  0.007 -0.002  0.    -0.     0.    -0.     0.    -0.     0.   ]
 [ 0.    -0.082  0.364 -0.015 -0.373  0.022  0.394 -0.019 -0.442  0.015  0.609  0.01  -0.003  0.001 -0.     0.    -0.     0.    -0.     0.   ]
 [-0.    -0.102  0.357  0.145 -0.311 -0.285  0.193  0.409  0.024 -0.47  -0.487  0.014 -0.004  0.001 -0.     0.    -0.     0.    -0.     0.   ]
 [ 0.    -0.13   0.336  0.295 -0.105 -0.397 -0.266  0.155  0.478  0.477  0.25   0.021 -0.007  0.002 -0.001  0.    -0.     0.    -0.     0.   ]
 [ 0.    -0.179  0.292  0.41   0.211 -0.144 -0.427 -0.505 -0.397 -0.219 -0.077  0.034 -0.014  0.005 -0.002  0.001 -0.     0.    -0.     0.   ]
 [-0.    -0.285  0.191  0.425  0.518  0.48   0.362  0.225  0.113  0.044  0.012  0.07  -0.034  0.016 -0.007  0.003 -0.001  0.    -0.     0.   ]
 [-0.    -0.828 -0.301 -0.208 -0.13  -0.074 -0.038 -0.017 -0.006 -0.002 -0.     0.301 -0.208  0.13  -0.074  0.038 -0.017  0.006 -0.002  0.   ]
 [ 0.    -0.285 -0.07  -0.034 -0.016 -0.007 -0.003 -0.001 -0.    -0.    -0.    -0.191  0.425 -0.518  0.48  -0.362  0.225 -0.113  0.044 -0.012]
 [-0.    -0.179 -0.034 -0.014 -0.005 -0.002 -0.001 -0.    -0.    -0.    -0.    -0.292  0.41  -0.211 -0.144  0.427 -0.505  0.397 -0.219  0.077]
 [-0.    -0.13  -0.021 -0.007 -0.002 -0.001 -0.    -0.    -0.    -0.    -0.    -0.336  0.295  0.105 -0.397  0.266  0.155 -0.478  0.477 -0.25 ]
 [ 0.    -0.102 -0.014 -0.004 -0.001 -0.    -0.    -0.    -0.    -0.    -0.    -0.357  0.145  0.311 -0.285 -0.193  0.409 -0.024 -0.47   0.487]
 [-0.    -0.082 -0.01  -0.003 -0.001 -0.    -0.    -0.    -0.    -0.    -0.    -0.364 -0.015  0.373  0.022 -0.394 -0.019  0.442  0.015 -0.609]
 [-0.    -0.067 -0.007 -0.002 -0.    -0.    -0.    -0.    -0.    -0.    -0.    -0.36  -0.173  0.286  0.312 -0.156 -0.415 -0.058  0.456  0.498]
 [-0.    -0.055 -0.005 -0.001 -0.    -0.    -0.    -0.    -0.    -0.    -0.    -0.345 -0.315  0.066  0.386  0.295 -0.12  -0.467 -0.487 -0.262]
 [-0.    -0.044 -0.004 -0.001 -0.    -0.    -0.    -0.    -0.    -0.    -0.    -0.315 -0.423 -0.247  0.101  0.404  0.506  0.41   0.231  0.083]
 [-0.    -0.03  -0.003 -0.    -0.    -0.    -0.    -0.    -0.    -0.    -0.    -0.246 -0.437 -0.525 -0.497 -0.384 -0.244 -0.125 -0.05  -0.013]]
h_block_final:
[[ 0.    -0.154  0.115 -0.     0.    -0.    -0.     0.    -0.     0.     0.    -0.115  0.    -0.    -0.    -0.    -0.     0.    -0.    -0.   ]
 [-0.154 -0.     0.115  0.    -0.     0.     0.    -0.     0.    -0.    -0.     0.115  0.    -0.    -0.    -0.     0.     0.    -0.    -0.   ]
 [ 0.115  0.115 -0.49   0.25  -0.     0.     0.    -0.     0.     0.     0.    -0.    -0.     0.     0.     0.     0.    -0.    -0.     0.   ]
 [-0.     0.     0.25  -0.514  0.243  0.    -0.     0.     0.     0.    -0.     0.     0.    -0.    -0.    -0.    -0.    -0.    -0.     0.   ]
 [ 0.    -0.    -0.     0.243 -0.522  0.235  0.     0.    -0.     0.     0.    -0.     0.     0.     0.    -0.    -0.     0.    -0.     0.   ]
 [-0.     0.     0.     0.     0.235 -0.527  0.223 -0.     0.    -0.     0.     0.    -0.    -0.     0.     0.     0.     0.     0.    -0.   ]
 [-0.     0.     0.    -0.     0.     0.223 -0.529  0.206 -0.     0.    -0.    -0.    -0.    -0.    -0.     0.     0.    -0.     0.    -0.   ]
 [ 0.    -0.    -0.     0.     0.    -0.     0.206 -0.529  0.183 -0.     0.     0.     0.     0.     0.    -0.    -0.    -0.    -0.     0.   ]
 [-0.     0.     0.     0.    -0.     0.    -0.     0.183 -0.529  0.154 -0.    -0.    -0.    -0.    -0.     0.     0.     0.    -0.    -0.   ]
 [ 0.    -0.     0.     0.     0.    -0.     0.     0.     0.154 -0.529  0.112  0.     0.     0.     0.    -0.    -0.     0.     0.    -0.   ]
 [ 0.    -0.     0.    -0.     0.     0.    -0.    -0.    -0.     0.112 -0.529  0.     0.     0.    -0.     0.     0.     0.     0.    -0.   ]
 [-0.115  0.115 -0.     0.    -0.     0.    -0.     0.    -0.     0.     0.     0.49   0.25  -0.     0.     0.     0.     0.    -0.     0.   ]
 [ 0.     0.    -0.     0.     0.    -0.    -0.     0.    -0.     0.     0.     0.25   0.514  0.243 -0.     0.    -0.    -0.     0.    -0.   ]
 [-0.    -0.     0.    -0.     0.    -0.    -0.     0.    -0.     0.     0.    -0.     0.243  0.522  0.235  0.    -0.    -0.     0.    -0.   ]
 [-0.    -0.     0.    -0.     0.     0.    -0.     0.    -0.     0.    -0.     0.    -0.     0.235  0.527  0.223  0.    -0.     0.     0.   ]
 [-0.    -0.     0.    -0.    -0.     0.     0.    -0.     0.    -0.     0.     0.     0.     0.     0.223  0.529  0.206 -0.     0.     0.   ]
 [ 0.     0.     0.    -0.    -0.     0.     0.    -0.     0.    -0.     0.     0.    -0.    -0.     0.     0.206  0.529  0.183  0.     0.   ]
 [ 0.     0.    -0.    -0.     0.     0.    -0.    -0.     0.     0.     0.     0.    -0.    -0.     0.    -0.     0.183  0.529  0.154  0.   ]
 [-0.    -0.    -0.    -0.    -0.     0.     0.    -0.    -0.     0.     0.     0.     0.     0.     0.     0.     0.     0.154  0.529  0.112]
 [-0.    -0.     0.     0.     0.    -0.    -0.     0.    -0.    -0.    -0.    -0.    -0.    -0.     0.     0.     0.     0.     0.112  0.529]]
C_block:
[[ 1.     0.     0.     0.     0.     0.     0.     0.     0.     0.     0.     0.     0.     0.     0.     0.     0.     0.     0.     0.   ]
 [-0.    -0.03   0.246 -0.437  0.525 -0.497  0.384 -0.244  0.125 -0.05   0.013  0.003 -0.     0.    -0.     0.    -0.     0.    -0.     0.   ]
 [ 0.    -0.044  0.315 -0.423  0.247  0.101 -0.404  0.506 -0.41   0.231 -0.083  0.004 -0.001  0.    -0.     0.    -0.     0.    -0.     0.   ]
 [-0.    -0.055  0.345 -0.315 -0.066  0.386 -0.295 -0.12   0.467 -0.487  0.262  0.005 -0.001  0.    -0.     0.    -0.     0.    -0.     0.   ]
 [-0.    -0.067  0.36  -0.173 -0.286  0.312  0.156 -0.415  0.058  0.456 -0.498  0.007 -0.002  0.    -0.     0.    -0.     0.    -0.     0.   ]
 [ 0.    -0.082  0.364 -0.015 -0.373  0.022  0.394 -0.019 -0.442  0.015  0.609  0.01  -0.003  0.001 -0.     0.    -0.     0.    -0.     0.   ]
 [-0.    -0.102  0.357  0.145 -0.311 -0.285  0.193  0.409  0.024 -0.47  -0.487  0.014 -0.004  0.001 -0.     0.    -0.     0.    -0.     0.   ]
 [ 0.    -0.13   0.336  0.295 -0.105 -0.397 -0.266  0.155  0.478  0.477  0.25   0.021 -0.007  0.002 -0.001  0.    -0.     0.    -0.     0.   ]
 [ 0.    -0.179  0.292  0.41   0.211 -0.144 -0.427 -0.505 -0.397 -0.219 -0.077  0.034 -0.014  0.005 -0.002  0.001 -0.     0.    -0.     0.   ]
 [-0.    -0.285  0.191  0.425  0.518  0.48   0.362  0.225  0.113  0.044  0.012  0.07  -0.034  0.016 -0.007  0.003 -0.001  0.    -0.     0.   ]
 [-0.    -0.828 -0.301 -0.208 -0.13  -0.074 -0.038 -0.017 -0.006 -0.002 -0.     0.301 -0.208  0.13  -0.074  0.038 -0.017  0.006 -0.002  0.   ]
 [ 0.    -0.285 -0.07  -0.034 -0.016 -0.007 -0.003 -0.001 -0.    -0.    -0.    -0.191  0.425 -0.518  0.48  -0.362  0.225 -0.113  0.044 -0.012]
 [-0.    -0.179 -0.034 -0.014 -0.005 -0.002 -0.001 -0.    -0.    -0.    -0.    -0.292  0.41  -0.211 -0.144  0.427 -0.505  0.397 -0.219  0.077]
 [-0.    -0.13  -0.021 -0.007 -0.002 -0.001 -0.    -0.    -0.    -0.    -0.    -0.336  0.295  0.105 -0.397  0.266  0.155 -0.478  0.477 -0.25 ]
 [ 0.    -0.102 -0.014 -0.004 -0.001 -0.    -0.    -0.    -0.    -0.    -0.    -0.357  0.145  0.311 -0.285 -0.193  0.409 -0.024 -0.47   0.487]
 [-0.    -0.082 -0.01  -0.003 -0.001 -0.    -0.    -0.    -0.    -0.    -0.    -0.364 -0.015  0.373  0.022 -0.394 -0.019  0.442  0.015 -0.609]
 [-0.    -0.067 -0.007 -0.002 -0.    -0.    -0.    -0.    -0.    -0.    -0.    -0.36  -0.173  0.286  0.312 -0.156 -0.415 -0.058  0.456  0.498]
 [-0.    -0.055 -0.005 -0.001 -0.    -0.    -0.    -0.    -0.    -0.    -0.    -0.345 -0.315  0.066  0.386  0.295 -0.12  -0.467 -0.487 -0.262]
 [-0.    -0.044 -0.004 -0.001 -0.    -0.    -0.    -0.    -0.    -0.    -0.    -0.315 -0.423 -0.247  0.101  0.404  0.506  0.41   0.231  0.083]
 [-0.    -0.03  -0.003 -0.    -0.    -0.    -0.    -0.    -0.    -0.    -0.    -0.246 -0.437 -0.525 -0.497 -0.384 -0.244 -0.125 -0.05  -0.013]]
[sanity] ||h_final - C^† h C|| / ||h|| = 0.000e+00
hdc_ab = 
[[ 0.     0.    -0.154 ...  0.    -0.     0.   ]
 [ 0.     0.     0.    ... -0.     0.    -0.   ]
 [-0.154  0.    -0.    ...  0.    -0.     0.   ]
 ...
 [ 0.    -0.     0.    ...  0.529  0.     0.112]
 [-0.     0.    -0.    ...  0.     0.529  0.   ]
 [ 0.    -0.     0.    ...  0.112  0.     0.529]]
C_ab = 
[[ 1.     0.     0.    ...  0.     0.     0.   ]
 [ 0.     1.     0.    ...  0.     0.     0.   ]
 [-0.     0.    -0.03  ...  0.     0.     0.   ]
 ...
 [ 0.    -0.     0.    ...  0.231  0.     0.083]
 [-0.     0.    -0.03  ...  0.    -0.013  0.   ]
 [ 0.    -0.     0.    ... -0.05   0.    -0.013]]
C = 
[[ 1.     0.     0.    ...  0.     0.     0.   ]
 [-0.    -0.03   0.246 ...  0.     0.     0.   ]
 [ 0.    -0.044  0.315 ...  0.     0.     0.   ]
 ...
 [ 0.     0.     0.    ... -0.467 -0.487 -0.262]
 [ 0.     0.     0.    ...  0.41   0.231  0.083]
 [ 0.     0.     0.    ... -0.125 -0.05  -0.013]]
******************************************
h0_0 = 
[[-0.25  -0.154  0.115 ...  0.     0.     0.   ]
 [-0.154 -0.     0.115 ...  0.     0.     0.   ]
 [ 0.115  0.115 -0.49  ...  0.     0.     0.   ]
 ...
 [ 0.     0.     0.    ...  0.529  0.154  0.   ]
 [ 0.     0.     0.    ...  0.154  0.529  0.112]
 [ 0.     0.     0.    ...  0.     0.112  0.529]]
h0_legacy = 
[[-0.25   0.033  0.043 ...  0.     0.     0.   ]
 [ 0.033 -0.947  0.    ...  0.     0.     0.   ]
 [ 0.043  0.    -0.842 ...  0.     0.     0.   ]
 ...
 [ 0.     0.     0.    ...  0.737  0.     0.   ]
 [ 0.     0.     0.    ...  0.     0.842  0.   ]
 [ 0.     0.     0.    ...  0.     0.     0.947]]
Partitioning system: 1 impurity orbitals, 19 bath orbitals.
Generating basis for 1 electrons on impurity and 19 on bath.
Found 2 impurity configurations and 2 bath configurations.
Retaining only Sz=0 in starting basis
Generated a total of 2 unique starting determinants.
sb = [<SlaterDeterminant α=[0, 2, 3, 4, 5, 6, 7, 8, 9, 10] β=[1, 2, 3, 4, 5, 6, 7, 8, 9, 10]>, <SlaterDeterminant α=[1, 2, 3, 4, 5, 6, 7, 8, 9, 10] β=[0, 2, 3, 4, 5, 6, 7, 8, 9, 10]>]
DEBUG: build ham time = 0.013480186462402344
[init] dim=2  E0=-9.646299861746
blocks = [0.0], time block = 2.193450927734375e-05
apply_ham time = 4.696846008300781e-05
gen basis time = 8.487701416015625e-05
sel basis time = 5.602836608886719e-05
Found 1 S_z blocks: [0.0]
  Processing Sz=0.0 block of size 12x12
DEBUG: build ham time = 0.013142108917236328
DEBUG: finished rearranging vectors
DEBUG: for basis size 12, ham diag time = 0.013446807861328125
[iter 0] dim=    12  Es=[-9.857911643803 -9.744452935338]  |dE0|=2.116e-01
blocks = [0.0], time block = 1.811981201171875e-05
apply_ham time = 0.00010704994201660156
gen basis time = 0.0001590251922607422
sel basis time = 8.106231689453125e-05
Found 1 S_z blocks: [0.0]
  Processing Sz=0.0 block of size 32x32
DEBUG: build ham time = 0.01343393325805664
DEBUG: finished rearranging vectors
DEBUG: for basis size 32, ham diag time = 0.013822793960571289
[iter 1] dim=    32  Es=[-9.859444447170 -9.777317797701]  |dE0|=1.533e-03
blocks = [0.0], time block = 3.504753112792969e-05
apply_ham time = 0.0002579689025878906
gen basis time = 0.0003650188446044922
sel basis time = 0.00014209747314453125
Found 1 S_z blocks: [0.0]
  Processing Sz=0.0 block of size 72x72
DEBUG: build ham time = 0.014495849609375
DEBUG: finished rearranging vectors
DEBUG: for basis size 72, ham diag time = 0.021398067474365234
[iter 2] dim=    72  Es=[-9.860037830652 -9.792474175892]  |dE0|=5.934e-04
blocks = [0.0], time block = 7.891654968261719e-05
apply_ham time = 0.000598907470703125
gen basis time = 0.000827789306640625
sel basis time = 0.00028204917907714844
Found 1 S_z blocks: [0.0]
  Processing Sz=0.0 block of size 152x152
DEBUG: build ham time = 0.014216899871826172
DEBUG: finished rearranging vectors
DEBUG: for basis size 152, ham diag time = 0.08585977554321289
[iter 3] dim=   152  Es=[-9.860286820509 -9.800298986754]  |dE0|=2.490e-04
blocks = [0.0], time block = 0.0001571178436279297
apply_ham time = 0.0012979507446289062
gen basis time = 0.001725912094116211
sel basis time = 0.0004899501800537109
Found 1 S_z blocks: [0.0]
  Processing Sz=0.0 block of size 296x296
DEBUG: build ham time = 0.014594793319702148
DEBUG: finished rearranging vectors
DEBUG: for basis size 296, ham diag time = 0.031661033630371094
[iter 4] dim=   296  Es=[-9.860393546250 -9.804412953162]  |dE0|=1.067e-04
blocks = [0.0], time block = 0.00030493736267089844
apply_ham time = 0.002596139907836914
gen basis time = 0.003397226333618164
sel basis time = 0.0008680820465087891
Found 1 S_z blocks: [0.0]
  Processing Sz=0.0 block of size 554x554
DEBUG: build ham time = 0.015697002410888672
DEBUG: finished rearranging vectors
DEBUG: for basis size 554, ham diag time = 0.11040592193603516
[iter 5] dim=   554  Es=[-9.860438608168 -9.806497727113]  |dE0|=4.506e-05
blocks = [0.0], time block = 0.0005419254302978516
apply_ham time = 0.004892110824584961
gen basis time = 0.006326913833618164
sel basis time = 0.0014531612396240234
Found 1 S_z blocks: [0.0]
  Processing Sz=0.0 block of size 996x996
DEBUG: build ham time = 0.016666889190673828
DEBUG: finished rearranging vectors
DEBUG: for basis size 996, ham diag time = 0.14063429832458496
[iter 6] dim=   996  Es=[-9.860458107270 -9.807481243848]  |dE0|=1.950e-05
blocks = [0.0], time block = 0.0009453296661376953
apply_ham time = 0.009200811386108398
gen basis time = 0.011918067932128906
sel basis time = 0.002516031265258789
Found 1 S_z blocks: [0.0]
  Processing Sz=0.0 block of size 1731x1731
DEBUG: build ham time = 0.01880812644958496
DEBUG: finished rearranging vectors
DEBUG: for basis size 1731, ham diag time = 0.2005140781402588
[iter 7] dim=  1731  Es=[-9.860465847812 -9.807901833935]  |dE0|=7.741e-06
[conv] reached |dE| < 1e-05
Found 1 S_z blocks: [0.0]
  Processing Sz=0.0 block of size 1731x1731
DEBUG: build ham time = 0.019058942794799805
DEBUG: finished rearranging vectors
sci total time : 1.2413148880004883
energies = [-9.86  -9.808], e0 = -9.86046584781243
len basis = 1731
len(basis(psis0)) = 1731
rdm : 
[[ 0.5  +0.j  0.425+0.j -0.003+0.j ...  0.   +0.j  0.   +0.j  0.   +0.j]
 [ 0.425+0.j  0.5  +0.j -0.025+0.j ...  0.   +0.j  0.   +0.j  0.   +0.j]
 [-0.003+0.j -0.025+0.j  0.994+0.j ...  0.   +0.j  0.   +0.j  0.   +0.j]
 ...
 [ 0.   +0.j  0.   +0.j  0.   +0.j ...  0.   +0.j -0.   +0.j  0.   +0.j]
 [ 0.   +0.j  0.   +0.j  0.   +0.j ... -0.   +0.j  0.   +0.j  0.   +0.j]
 [ 0.   +0.j  0.   +0.j  0.   +0.j ...  0.   +0.j  0.   +0.j  0.   +0.j]]
impurity occupation: (1.0000000000062172+0j)
total occupation : (19.999999999999957+0j)
target_indices = [0, 20]
 Founds blocks : [[0], [1]]
  Symmetry: is_diagonal=True. Found 1 unique group(s) of blocks.
  Computing representative g_(0,0) via Scalar CF...
DEBUG: build ham time = 0.0215609073638916
DEBUG: build ham time = 0.02069711685180664

Thermally-averaged calculation finished.
Data saved to 'dump/A_19'
