[UU-FVFLJ1WH1WG7:40108] shmem: mmap: an error occurred while determining whether or not /var/folders/s2/nnr5gscj1cj8wzpkytp53pgr0000gn/T//ompi.UU-FVFLJ1WH1WG7.501/jf.0/3885039616/sm_segment.UU-FVFLJ1WH1WG7.501.e7910000.0 could be created.
******************************************
******************************************
NF = 60, M = 30, Nimp = 1
******************************************
[[-0.25   0.     0.024 ...  0.     0.024  0.   ]
 [ 0.    -0.25   0.    ...  0.031  0.     0.024]
 [ 0.024  0.    -0.966 ...  0.     0.     0.   ]
 ...
 [ 0.     0.031  0.    ...  0.897  0.     0.   ]
 [ 0.024  0.     0.    ...  0.     0.966  0.   ]
 [ 0.     0.024  0.    ...  0.     0.     0.966]]
************
[[-0.25   0.024  0.031  0.035  0.038  0.04   0.041  0.043  0.044  0.045  0.045  0.046  0.046  0.047  0.047  0.047  0.047  0.047  0.046  0.046  0.045  0.045  0.044  0.043  0.041  0.04   0.038  0.035  0.031  0.024]
 [ 0.024 -0.966  0.     0.     0.     0.     0.     0.     0.     0.     0.     0.     0.     0.     0.     0.     0.     0.     0.     0.     0.     0.     0.     0.     0.     0.     0.     0.     0.     0.   ]
 [ 0.031  0.    -0.897  0.     0.     0.     0.     0.     0.     0.     0.     0.     0.     0.     0.     0.     0.     0.     0.     0.     0.     0.     0.     0.     0.     0.     0.     0.     0.     0.   ]
 [ 0.035  0.     0.    -0.828  0.     0.     0.     0.     0.     0.     0.     0.     0.     0.     0.     0.     0.     0.     0.     0.     0.     0.     0.     0.     0.     0.     0.     0.     0.     0.   ]
 [ 0.038  0.     0.     0.    -0.759  0.     0.     0.     0.     0.     0.     0.     0.     0.     0.     0.     0.     0.     0.     0.     0.     0.     0.     0.     0.     0.     0.     0.     0.     0.   ]
 [ 0.04   0.     0.     0.     0.    -0.69   0.     0.     0.     0.     0.     0.     0.     0.     0.     0.     0.     0.     0.     0.     0.     0.     0.     0.     0.     0.     0.     0.     0.     0.   ]
 [ 0.041  0.     0.     0.     0.     0.    -0.621  0.     0.     0.     0.     0.     0.     0.     0.     0.     0.     0.     0.     0.     0.     0.     0.     0.     0.     0.     0.     0.     0.     0.   ]
 [ 0.043  0.     0.     0.     0.     0.     0.    -0.552  0.     0.     0.     0.     0.     0.     0.     0.     0.     0.     0.     0.     0.     0.     0.     0.     0.     0.     0.     0.     0.     0.   ]
 [ 0.044  0.     0.     0.     0.     0.     0.     0.    -0.483  0.     0.     0.     0.     0.     0.     0.     0.     0.     0.     0.     0.     0.     0.     0.     0.     0.     0.     0.     0.     0.   ]
 [ 0.045  0.     0.     0.     0.     0.     0.     0.     0.    -0.414  0.     0.     0.     0.     0.     0.     0.     0.     0.     0.     0.     0.     0.     0.     0.     0.     0.     0.     0.     0.   ]
 [ 0.045  0.     0.     0.     0.     0.     0.     0.     0.     0.    -0.345  0.     0.     0.     0.     0.     0.     0.     0.     0.     0.     0.     0.     0.     0.     0.     0.     0.     0.     0.   ]
 [ 0.046  0.     0.     0.     0.     0.     0.     0.     0.     0.     0.    -0.276  0.     0.     0.     0.     0.     0.     0.     0.     0.     0.     0.     0.     0.     0.     0.     0.     0.     0.   ]
 [ 0.046  0.     0.     0.     0.     0.     0.     0.     0.     0.     0.     0.    -0.207  0.     0.     0.     0.     0.     0.     0.     0.     0.     0.     0.     0.     0.     0.     0.     0.     0.   ]
 [ 0.047  0.     0.     0.     0.     0.     0.     0.     0.     0.     0.     0.     0.    -0.138  0.     0.     0.     0.     0.     0.     0.     0.     0.     0.     0.     0.     0.     0.     0.     0.   ]
 [ 0.047  0.     0.     0.     0.     0.     0.     0.     0.     0.     0.     0.     0.     0.    -0.069  0.     0.     0.     0.     0.     0.     0.     0.     0.     0.     0.     0.     0.     0.     0.   ]
 [ 0.047  0.     0.     0.     0.     0.     0.     0.     0.     0.     0.     0.     0.     0.     0.    -0.     0.     0.     0.     0.     0.     0.     0.     0.     0.     0.     0.     0.     0.     0.   ]
 [ 0.047  0.     0.     0.     0.     0.     0.     0.     0.     0.     0.     0.     0.     0.     0.     0.     0.069  0.     0.     0.     0.     0.     0.     0.     0.     0.     0.     0.     0.     0.   ]
 [ 0.047  0.     0.     0.     0.     0.     0.     0.     0.     0.     0.     0.     0.     0.     0.     0.     0.     0.138  0.     0.     0.     0.     0.     0.     0.     0.     0.     0.     0.     0.   ]
 [ 0.046  0.     0.     0.     0.     0.     0.     0.     0.     0.     0.     0.     0.     0.     0.     0.     0.     0.     0.207  0.     0.     0.     0.     0.     0.     0.     0.     0.     0.     0.   ]
 [ 0.046  0.     0.     0.     0.     0.     0.     0.     0.     0.     0.     0.     0.     0.     0.     0.     0.     0.     0.     0.276  0.     0.     0.     0.     0.     0.     0.     0.     0.     0.   ]
 [ 0.045  0.     0.     0.     0.     0.     0.     0.     0.     0.     0.     0.     0.     0.     0.     0.     0.     0.     0.     0.     0.345  0.     0.     0.     0.     0.     0.     0.     0.     0.   ]
 [ 0.045  0.     0.     0.     0.     0.     0.     0.     0.     0.     0.     0.     0.     0.     0.     0.     0.     0.     0.     0.     0.     0.414  0.     0.     0.     0.     0.     0.     0.     0.   ]
 [ 0.044  0.     0.     0.     0.     0.     0.     0.     0.     0.     0.     0.     0.     0.     0.     0.     0.     0.     0.     0.     0.     0.     0.483  0.     0.     0.     0.     0.     0.     0.   ]
 [ 0.043  0.     0.     0.     0.     0.     0.     0.     0.     0.     0.     0.     0.     0.     0.     0.     0.     0.     0.     0.     0.     0.     0.     0.552  0.     0.     0.     0.     0.     0.   ]
 [ 0.041  0.     0.     0.     0.     0.     0.     0.     0.     0.     0.     0.     0.     0.     0.     0.     0.     0.     0.     0.     0.     0.     0.     0.     0.621  0.     0.     0.     0.     0.   ]
 [ 0.04   0.     0.     0.     0.     0.     0.     0.     0.     0.     0.     0.     0.     0.     0.     0.     0.     0.     0.     0.     0.     0.     0.     0.     0.     0.69   0.     0.     0.     0.   ]
 [ 0.038  0.     0.     0.     0.     0.     0.     0.     0.     0.     0.     0.     0.     0.     0.     0.     0.     0.     0.     0.     0.     0.     0.     0.     0.     0.     0.759  0.     0.     0.   ]
 [ 0.035  0.     0.     0.     0.     0.     0.     0.     0.     0.     0.     0.     0.     0.     0.     0.     0.     0.     0.     0.     0.     0.     0.     0.     0.     0.     0.     0.828  0.     0.   ]
 [ 0.031  0.     0.     0.     0.     0.     0.     0.     0.     0.     0.     0.     0.     0.     0.     0.     0.     0.     0.     0.     0.     0.     0.     0.     0.     0.     0.     0.     0.897  0.   ]
 [ 0.024  0.     0.     0.     0.     0.     0.     0.     0.     0.     0.     0.     0.     0.     0.     0.     0.     0.     0.     0.     0.     0.     0.     0.     0.     0.     0.     0.     0.     0.966]]
U((0, 0, 0, 0)) = (0.5+0j)
setting to 0
U((0, 30, 0, 30)) = (0.5+0j)
U((30, 0, 30, 0)) = (0.5+0j)
U((30, 30, 30, 30)) = (0.5+0j)
setting to 0
h0_0 size:  (60, 60)
U_0 size:  (60, 60, 60, 60)
Going with Nelec_imp = 1, nbath = 29, Nelec = 30
imp_indices_full = [0, 30]
h0_0 = 
[[-0.25   0.024  0.031 ...  0.     0.     0.   ]
 [ 0.024 -0.966  0.    ...  0.     0.     0.   ]
 [ 0.031  0.    -0.897 ...  0.     0.     0.   ]
 ...
 [ 0.     0.     0.    ...  0.828  0.     0.   ]
 [ 0.     0.     0.    ...  0.     0.897  0.   ]
 [ 0.     0.     0.    ...  0.     0.     0.966]]


--------------------------------------------------------------
Mean-Field Self-Consistent Procedure with block handling
--------------------------------------------------------------
[V1] mfscf proc with Ne=30, maxiter=100, alpha=0.2, threshold=1e-07, spinsym_only = False
[V1] Symmetry analysis found 2 blocks.
[V1] Found 1 unique groups of blocks.
[V1] Blocks: [[0, 1, 2, 3, 4, 5, 6, 7, 8, 9, 10, 11, 12, 13, 14, 15, 16, 17, 18, 19, 20, 21, 22, 23, 24, 25, 26, 27, 28, 29], [30, 31, 32, 33, 34, 35, 36, 37, 38, 39, 40, 41, 42, 43, 44, 45, 46, 47, 48, 49, 50, 51, 52, 53, 54, 55, 56, 57, 58, 59]]
[V1] Identical Groups (by block index): [[0, 1]]
[V1] iter 0, Tr(rho*h0) = -15.08165186
[V1] Ne = 30, initial tr(rho) = 30.00000000+0.00000000j
[V1] mixing parameter: α = 0.2
[V2] Number of non-zero U elements: 2
[V1] Iter         E_total          E_corr        ΔE_total
[V2] U is sparse, using nzU
[V1]    1    -14.68293027     -0.39872159      1.0147e+03
[V1]   10    -14.81620431     -0.12564084      3.3580e-03
[V1]   20    -14.82819071     -0.12500072      3.6045e-04
[V1]   30    -14.82947770     -0.12500000      3.8703e-05
[V1]   40    -14.82961589     -0.12500000      4.1557e-06
[V1]   50    -14.82963073     -0.12500000      4.4622e-07
[V1] Converged in 57 iterations.
[V1] Final tr(rho) = 30.00000000+0.00000000j
[V2] Reordering final eigenvectors to spin-blocked convention...
hmf = 
[[ 0.     0.024  0.031 ...  0.     0.     0.   ]
 [ 0.024 -0.966  0.    ...  0.     0.     0.   ]
 [ 0.031  0.    -0.897 ...  0.     0.     0.   ]
 ...
 [ 0.     0.     0.    ...  0.828  0.     0.   ]
 [ 0.     0.     0.    ...  0.     0.897  0.   ]
 [ 0.     0.     0.    ...  0.     0.     0.966]]
DEBUG, Nimp_sf = 2
hmf_ab = 
[[ 0.   +0.j  0.   +0.j  0.024+0.j ...  0.   +0.j  0.024+0.j  0.   +0.j]
 [ 0.   +0.j  0.   +0.j  0.   +0.j ...  0.031+0.j  0.   +0.j  0.024+0.j]
 [ 0.024+0.j  0.   +0.j -0.966+0.j ...  0.   +0.j  0.   +0.j  0.   +0.j]
 ...
 [ 0.   +0.j  0.031+0.j  0.   +0.j ...  0.897+0.j  0.   +0.j  0.   +0.j]
 [ 0.024+0.j  0.   +0.j  0.   +0.j ...  0.   +0.j  0.966+0.j  0.   +0.j]
 [ 0.   +0.j  0.024+0.j  0.   +0.j ...  0.   +0.j  0.   +0.j  0.966+0.j]]

--- Analyzed Structure ---
Found 2 blocks
Blocks: [[0, 2, 4, 6, 8, 10, 12, 14, 16, 18, 20, 22, 24, 26, 28, 30, 32, 34, 36, 38, 40, 42, 44, 46, 48, 50, 52, 54, 56, 58], [1, 3, 5, 7, 9, 11, 13, 15, 17, 19, 21, 23, 25, 27, 29, 31, 33, 35, 37, 39, 41, 43, 45, 47, 49, 51, 53, 55, 57, 59]]
Identical Groups (by block index): [[0, 1]]
[blocks] 2 blocks; identical groups: [[0, 1]]
[check] Tr rho = 30.000000000000, sum blocks = 30.000000000000, Nelec = 30
[leader block 0] size=30 Nimp_b=1 Nelec_b=15
DEBUG: C1 = 
[[ 1.     0.     0.     0.     0.     0.     0.     0.     0.     0.     0.     0.     0.     0.     0.     0.     0.     0.     0.     0.     0.     0.     0.     0.     0.     0.     0.     0.     0.     0.   ]
 [ 0.    -0.022 -0.11  -0.438  0.     0.     0.462  0.    -0.     0.    -0.409  0.    -0.519  0.     0.    -0.382  0.     0.    -0.     0.    -0.    -0.    -0.     0.     0.     0.     0.    -0.     0.002  0.   ]
 [ 0.    -0.03  -0.201 -0.559  0.033 -0.176 -0.043 -0.115 -0.197  0.096 -0.119 -0.051  0.393  0.561 -0.075  0.241 -0.    -0.    -0.     0.    -0.    -0.    -0.    -0.     0.    -0.     0.    -0.001  0.003 -0.   ]
 [ 0.    -0.037 -0.112 -0.077 -0.883  0.27  -0.103 -0.216  0.062  0.113  0.04   0.189 -0.058  0.004 -0.11   0.035 -0.    -0.    -0.     0.    -0.    -0.    -0.    -0.     0.    -0.     0.    -0.001  0.003 -0.   ]
 [ 0.    -0.043 -0.621  0.005  0.069  0.178 -0.314 -0.035 -0.357 -0.515 -0.005 -0.153 -0.065 -0.174 -0.116 -0.11  -0.    -0.    -0.     0.    -0.    -0.    -0.    -0.     0.    -0.     0.    -0.001  0.004 -0.   ]
 [ 0.    -0.049  0.316  0.214 -0.219 -0.545 -0.085 -0.059 -0.623 -0.127 -0.129  0.183 -0.108  0.074 -0.045 -0.152 -0.    -0.    -0.     0.    -0.    -0.    -0.    -0.     0.    -0.     0.    -0.001  0.005 -0.   ]
 [ 0.    -0.055  0.384  0.081 -0.027  0.111 -0.209 -0.255  0.203 -0.203 -0.187 -0.594 -0.105  0.264 -0.398 -0.111 -0.    -0.    -0.     0.    -0.    -0.    -0.    -0.     0.    -0.     0.    -0.001  0.006 -0.   ]
 [ 0.    -0.063 -0.105 -0.158  0.006 -0.3   -0.521 -0.107  0.172  0.216  0.247 -0.172 -0.429  0.108  0.464 -0.096 -0.    -0.    -0.     0.    -0.    -0.    -0.    -0.     0.    -0.     0.    -0.002  0.008 -0.   ]
 [ 0.    -0.072  0.33  -0.42   0.073  0.161 -0.378 -0.051 -0.065  0.09  -0.185  0.101  0.364 -0.454  0.073 -0.364 -0.    -0.    -0.     0.    -0.    -0.    -0.    -0.     0.    -0.001  0.    -0.002  0.009 -0.   ]
 [ 0.    -0.084  0.15  -0.201  0.011 -0.066 -0.108 -0.003 -0.019 -0.111 -0.303 -0.017 -0.283 -0.369 -0.014  0.77  -0.    -0.001 -0.     0.    -0.    -0.    -0.    -0.     0.001 -0.001  0.    -0.003  0.012 -0.   ]
 [ 0.    -0.098  0.244 -0.326 -0.194 -0.014  0.347  0.068 -0.156 -0.347  0.569 -0.354  0.065 -0.133  0.211  0.032 -0.    -0.001 -0.     0.    -0.    -0.    -0.001 -0.     0.001 -0.001  0.    -0.004  0.015 -0.   ]
 [ 0.    -0.118 -0.207  0.065 -0.213 -0.544  0.092 -0.04   0.502 -0.322 -0.249 -0.062  0.334 -0.185  0.112 -0.084 -0.001 -0.002 -0.     0.001 -0.    -0.    -0.001 -0.001  0.002 -0.002  0.001 -0.006  0.021 -0.   ]
 [ 0.    -0.148 -0.144  0.033  0.192 -0.166  0.211 -0.746 -0.069  0.286  0.226 -0.036  0.012 -0.303 -0.244  0.011 -0.001 -0.004 -0.001  0.001 -0.001 -0.001 -0.002 -0.002  0.003 -0.004  0.001 -0.009  0.03  -0.001]
 [ 0.    -0.197 -0.16  -0.052 -0.119 -0.237 -0.05   0.538 -0.056  0.426  0.105 -0.308 -0.005 -0.219 -0.477 -0.049 -0.002 -0.008 -0.001  0.002 -0.003 -0.003 -0.004 -0.004  0.006 -0.009  0.003 -0.016  0.046 -0.001]
 [ 0.    -0.3    0.106 -0.212  0.161 -0.09  -0.131  0.068  0.276 -0.31   0.329  0.534 -0.174  0.13  -0.417 -0.044 -0.003 -0.021 -0.004  0.005 -0.008 -0.009 -0.014 -0.012  0.015 -0.022  0.009 -0.033  0.088 -0.001]
 [ 0.    -0.774 -0.007  0.182  0.022  0.204  0.073  0.019 -0.086  0.068 -0.15  -0.036  0.053  0.121  0.257  0.016  0.01  -0.133 -0.027  0.02  -0.065 -0.075 -0.1   -0.093  0.074 -0.128  0.057 -0.147  0.326  0.012]
 [ 0.    -0.3   -0.001  0.045  0.013  0.052  0.018  0.013 -0.013  0.014 -0.027  0.008  0.01   0.036  0.051  0.003 -0.314  0.32   0.062  0.11   0.199  0.31   0.381  0.467 -0.073  0.232 -0.126  0.22  -0.114 -0.218]
 [ 0.    -0.197 -0.001  0.024  0.009  0.026  0.01   0.009 -0.005  0.007 -0.011  0.007  0.004  0.019  0.023  0.001  0.543  0.191  0.018 -0.359  0.32   0.164  0.063 -0.282 -0.004  0.375 -0.144 -0.088 -0.282  0.19 ]
 [ 0.    -0.148 -0.     0.015  0.006  0.016  0.006  0.006 -0.002  0.005 -0.006  0.006  0.003  0.012  0.013  0.001 -0.085  0.232  0.314 -0.061 -0.381 -0.221  0.042 -0.021 -0.45  -0.21  -0.183  0.209 -0.253  0.48 ]
 [ 0.    -0.118 -0.     0.01   0.005  0.011  0.005  0.005 -0.001  0.004 -0.004  0.004  0.002  0.008  0.008  0.     0.077  0.117 -0.105  0.229  0.181 -0.488 -0.477 -0.028  0.017  0.192 -0.044  0.504 -0.199 -0.265]
 [ 0.    -0.098 -0.     0.008  0.004  0.008  0.004  0.004 -0.001  0.003 -0.002  0.003  0.001  0.006  0.006  0.    -0.032 -0.144 -0.289 -0.478 -0.201  0.224 -0.215  0.169 -0.312 -0.037  0.513  0.125 -0.282 -0.186]
 [ 0.    -0.084 -0.     0.006  0.003  0.006  0.003  0.003 -0.     0.002 -0.002  0.003  0.001  0.004  0.004  0.    -0.046 -0.041 -0.222  0.622 -0.234  0.114  0.171 -0.335 -0.103  0.296  0.309 -0.164 -0.339  0.091]
 [ 0.    -0.072 -0.     0.005  0.002  0.005  0.002  0.002 -0.     0.002 -0.001  0.002  0.001  0.003  0.003  0.     0.158 -0.686  0.017 -0.009  0.116 -0.136  0.5   -0.035  0.011 -0.161 -0.1    0.36  -0.213 -0.059]
 [ 0.    -0.063 -0.     0.004  0.002  0.004  0.002  0.002 -0.     0.001 -0.001  0.002  0.001  0.003  0.003  0.    -0.116 -0.159 -0.275 -0.12  -0.373 -0.086 -0.116  0.166  0.173  0.121 -0.601 -0.345 -0.355 -0.168]
 [ 0.    -0.055 -0.     0.003  0.002  0.003  0.002  0.002  0.     0.001 -0.001  0.002  0.001  0.002  0.002  0.     0.116  0.107 -0.006  0.    -0.149 -0.042  0.015  0.34   0.717 -0.08   0.288  0.136 -0.235  0.395]
 [ 0.    -0.049 -0.     0.003  0.001  0.002  0.001  0.001  0.     0.001 -0.001  0.001  0.     0.002  0.002  0.    -0.051  0.003  0.718 -0.054 -0.184  0.112 -0.069 -0.255  0.232 -0.04   0.119 -0.066 -0.261 -0.467]
 [ 0.    -0.043 -0.     0.002  0.001  0.002  0.001  0.001  0.     0.001 -0.     0.001  0.     0.001  0.001  0.    -0.152 -0.201  0.218  0.1    0.521 -0.227 -0.17   0.304 -0.171 -0.089  0.156 -0.484 -0.333  0.16 ]
 [ 0.    -0.037 -0.     0.002  0.001  0.002  0.001  0.001  0.     0.001 -0.     0.001  0.     0.001  0.001  0.    -0.289 -0.163 -0.051  0.108  0.23   0.573 -0.392 -0.243  0.111 -0.253 -0.247  0.241 -0.153  0.247]
 [ 0.    -0.03  -0.     0.001  0.001  0.001  0.001  0.001  0.     0.001 -0.     0.001  0.     0.001  0.001  0.     0.387  0.342 -0.219  0.213  0.069  0.077  0.092  0.023 -0.055 -0.69  -0.055 -0.12  -0.205 -0.283]
 [ 0.    -0.022 -0.     0.001  0.     0.001  0.     0.     0.     0.    -0.     0.     0.     0.001  0.001  0.    -0.528  0.248 -0.249 -0.32   0.207 -0.31   0.275 -0.437  0.191 -0.147  0.097 -0.037 -0.141 -0.026]]
DEBUG: C2 = 
[[1. 0. 0. 0. 0. 0. 0. 0. 0. 0. 0. 0. 0. 0. 0. 0. 0. 0. 0. 0. 0. 0. 0. 0. 0. 0. 0. 0. 0. 0.]
 [0. 1. 0. 0. 0. 0. 0. 0. 0. 0. 0. 0. 0. 0. 0. 0. 0. 0. 0. 0. 0. 0. 0. 0. 0. 0. 0. 0. 0. 0.]
 [0. 0. 1. 0. 0. 0. 0. 0. 0. 0. 0. 0. 0. 0. 0. 0. 0. 0. 0. 0. 0. 0. 0. 0. 0. 0. 0. 0. 0. 0.]
 [0. 0. 0. 1. 0. 0. 0. 0. 0. 0. 0. 0. 0. 0. 0. 0. 0. 0. 0. 0. 0. 0. 0. 0. 0. 0. 0. 0. 0. 0.]
 [0. 0. 0. 0. 1. 0. 0. 0. 0. 0. 0. 0. 0. 0. 0. 0. 0. 0. 0. 0. 0. 0. 0. 0. 0. 0. 0. 0. 0. 0.]
 [0. 0. 0. 0. 0. 1. 0. 0. 0. 0. 0. 0. 0. 0. 0. 0. 0. 0. 0. 0. 0. 0. 0. 0. 0. 0. 0. 0. 0. 0.]
 [0. 0. 0. 0. 0. 0. 1. 0. 0. 0. 0. 0. 0. 0. 0. 0. 0. 0. 0. 0. 0. 0. 0. 0. 0. 0. 0. 0. 0. 0.]
 [0. 0. 0. 0. 0. 0. 0. 1. 0. 0. 0. 0. 0. 0. 0. 0. 0. 0. 0. 0. 0. 0. 0. 0. 0. 0. 0. 0. 0. 0.]
 [0. 0. 0. 0. 0. 0. 0. 0. 1. 0. 0. 0. 0. 0. 0. 0. 0. 0. 0. 0. 0. 0. 0. 0. 0. 0. 0. 0. 0. 0.]
 [0. 0. 0. 0. 0. 0. 0. 0. 0. 1. 0. 0. 0. 0. 0. 0. 0. 0. 0. 0. 0. 0. 0. 0. 0. 0. 0. 0. 0. 0.]
 [0. 0. 0. 0. 0. 0. 0. 0. 0. 0. 1. 0. 0. 0. 0. 0. 0. 0. 0. 0. 0. 0. 0. 0. 0. 0. 0. 0. 0. 0.]
 [0. 0. 0. 0. 0. 0. 0. 0. 0. 0. 0. 1. 0. 0. 0. 0. 0. 0. 0. 0. 0. 0. 0. 0. 0. 0. 0. 0. 0. 0.]
 [0. 0. 0. 0. 0. 0. 0. 0. 0. 0. 0. 0. 1. 0. 0. 0. 0. 0. 0. 0. 0. 0. 0. 0. 0. 0. 0. 0. 0. 0.]
 [0. 0. 0. 0. 0. 0. 0. 0. 0. 0. 0. 0. 0. 1. 0. 0. 0. 0. 0. 0. 0. 0. 0. 0. 0. 0. 0. 0. 0. 0.]
 [0. 0. 0. 0. 0. 0. 0. 0. 0. 0. 0. 0. 0. 0. 1. 0. 0. 0. 0. 0. 0. 0. 0. 0. 0. 0. 0. 0. 0. 0.]
 [0. 0. 0. 0. 0. 0. 0. 0. 0. 0. 0. 0. 0. 0. 0. 1. 0. 0. 0. 0. 0. 0. 0. 0. 0. 0. 0. 0. 0. 0.]
 [0. 0. 0. 0. 0. 0. 0. 0. 0. 0. 0. 0. 0. 0. 0. 0. 1. 0. 0. 0. 0. 0. 0. 0. 0. 0. 0. 0. 0. 0.]
 [0. 0. 0. 0. 0. 0. 0. 0. 0. 0. 0. 0. 0. 0. 0. 0. 0. 1. 0. 0. 0. 0. 0. 0. 0. 0. 0. 0. 0. 0.]
 [0. 0. 0. 0. 0. 0. 0. 0. 0. 0. 0. 0. 0. 0. 0. 0. 0. 0. 1. 0. 0. 0. 0. 0. 0. 0. 0. 0. 0. 0.]
 [0. 0. 0. 0. 0. 0. 0. 0. 0. 0. 0. 0. 0. 0. 0. 0. 0. 0. 0. 1. 0. 0. 0. 0. 0. 0. 0. 0. 0. 0.]
 [0. 0. 0. 0. 0. 0. 0. 0. 0. 0. 0. 0. 0. 0. 0. 0. 0. 0. 0. 0. 1. 0. 0. 0. 0. 0. 0. 0. 0. 0.]
 [0. 0. 0. 0. 0. 0. 0. 0. 0. 0. 0. 0. 0. 0. 0. 0. 0. 0. 0. 0. 0. 1. 0. 0. 0. 0. 0. 0. 0. 0.]
 [0. 0. 0. 0. 0. 0. 0. 0. 0. 0. 0. 0. 0. 0. 0. 0. 0. 0. 0. 0. 0. 0. 1. 0. 0. 0. 0. 0. 0. 0.]
 [0. 0. 0. 0. 0. 0. 0. 0. 0. 0. 0. 0. 0. 0. 0. 0. 0. 0. 0. 0. 0. 0. 0. 1. 0. 0. 0. 0. 0. 0.]
 [0. 0. 0. 0. 0. 0. 0. 0. 0. 0. 0. 0. 0. 0. 0. 0. 0. 0. 0. 0. 0. 0. 0. 0. 1. 0. 0. 0. 0. 0.]
 [0. 0. 0. 0. 0. 0. 0. 0. 0. 0. 0. 0. 0. 0. 0. 0. 0. 0. 0. 0. 0. 0. 0. 0. 0. 1. 0. 0. 0. 0.]
 [0. 0. 0. 0. 0. 0. 0. 0. 0. 0. 0. 0. 0. 0. 0. 0. 0. 0. 0. 0. 0. 0. 0. 0. 0. 0. 1. 0. 0. 0.]
 [0. 0. 0. 0. 0. 0. 0. 0. 0. 0. 0. 0. 0. 0. 0. 0. 0. 0. 0. 0. 0. 0. 0. 0. 0. 0. 0. 1. 0. 0.]
 [0. 0. 0. 0. 0. 0. 0. 0. 0. 0. 0. 0. 0. 0. 0. 0. 0. 0. 0. 0. 0. 0. 0. 0. 0. 0. 0. 0. 1. 0.]
 [0. 0. 0. 0. 0. 0. 0. 0. 0. 0. 0. 0. 0. 0. 0. 0. 0. 0. 0. 0. 0. 0. 0. 0. 0. 0. 0. 0. 0. 1.]]
DEBUG: C3 = 
[[ 0.707 -0.707  0.     0.     0.     0.     0.     0.     0.     0.     0.     0.     0.     0.     0.     0.     0.     0.     0.     0.     0.     0.     0.     0.     0.     0.     0.     0.     0.     0.   ]
 [ 0.707  0.707  0.     0.     0.     0.     0.     0.     0.     0.     0.     0.     0.     0.     0.     0.     0.     0.     0.     0.     0.     0.     0.     0.     0.     0.     0.     0.     0.     0.   ]
 [ 0.     0.     1.     0.     0.     0.     0.     0.     0.     0.     0.     0.     0.     0.     0.     0.     0.     0.     0.     0.     0.     0.     0.     0.     0.     0.     0.     0.     0.     0.   ]
 [ 0.     0.     0.     1.     0.     0.     0.     0.     0.     0.     0.     0.     0.     0.     0.     0.     0.     0.     0.     0.     0.     0.     0.     0.     0.     0.     0.     0.     0.     0.   ]
 [ 0.     0.     0.     0.     1.     0.     0.     0.     0.     0.     0.     0.     0.     0.     0.     0.     0.     0.     0.     0.     0.     0.     0.     0.     0.     0.     0.     0.     0.     0.   ]
 [ 0.     0.     0.     0.     0.     1.     0.     0.     0.     0.     0.     0.     0.     0.     0.     0.     0.     0.     0.     0.     0.     0.     0.     0.     0.     0.     0.     0.     0.     0.   ]
 [ 0.     0.     0.     0.     0.     0.     1.     0.     0.     0.     0.     0.     0.     0.     0.     0.     0.     0.     0.     0.     0.     0.     0.     0.     0.     0.     0.     0.     0.     0.   ]
 [ 0.     0.     0.     0.     0.     0.     0.     1.     0.     0.     0.     0.     0.     0.     0.     0.     0.     0.     0.     0.     0.     0.     0.     0.     0.     0.     0.     0.     0.     0.   ]
 [ 0.     0.     0.     0.     0.     0.     0.     0.     1.     0.     0.     0.     0.     0.     0.     0.     0.     0.     0.     0.     0.     0.     0.     0.     0.     0.     0.     0.     0.     0.   ]
 [ 0.     0.     0.     0.     0.     0.     0.     0.     0.     1.     0.     0.     0.     0.     0.     0.     0.     0.     0.     0.     0.     0.     0.     0.     0.     0.     0.     0.     0.     0.   ]
 [ 0.     0.     0.     0.     0.     0.     0.     0.     0.     0.     1.     0.     0.     0.     0.     0.     0.     0.     0.     0.     0.     0.     0.     0.     0.     0.     0.     0.     0.     0.   ]
 [ 0.     0.     0.     0.     0.     0.     0.     0.     0.     0.     0.     1.     0.     0.     0.     0.     0.     0.     0.     0.     0.     0.     0.     0.     0.     0.     0.     0.     0.     0.   ]
 [ 0.     0.     0.     0.     0.     0.     0.     0.     0.     0.     0.     0.     1.     0.     0.     0.     0.     0.     0.     0.     0.     0.     0.     0.     0.     0.     0.     0.     0.     0.   ]
 [ 0.     0.     0.     0.     0.     0.     0.     0.     0.     0.     0.     0.     0.     1.     0.     0.     0.     0.     0.     0.     0.     0.     0.     0.     0.     0.     0.     0.     0.     0.   ]
 [ 0.     0.     0.     0.     0.     0.     0.     0.     0.     0.     0.     0.     0.     0.     1.     0.     0.     0.     0.     0.     0.     0.     0.     0.     0.     0.     0.     0.     0.     0.   ]
 [ 0.     0.     0.     0.     0.     0.     0.     0.     0.     0.     0.     0.     0.     0.     0.     1.     0.     0.     0.     0.     0.     0.     0.     0.     0.     0.     0.     0.     0.     0.   ]
 [ 0.     0.     0.     0.     0.     0.     0.     0.     0.     0.     0.     0.     0.     0.     0.     0.     1.     0.     0.     0.     0.     0.     0.     0.     0.     0.     0.     0.     0.     0.   ]
 [ 0.     0.     0.     0.     0.     0.     0.     0.     0.     0.     0.     0.     0.     0.     0.     0.     0.     1.     0.     0.     0.     0.     0.     0.     0.     0.     0.     0.     0.     0.   ]
 [ 0.     0.     0.     0.     0.     0.     0.     0.     0.     0.     0.     0.     0.     0.     0.     0.     0.     0.     1.     0.     0.     0.     0.     0.     0.     0.     0.     0.     0.     0.   ]
 [ 0.     0.     0.     0.     0.     0.     0.     0.     0.     0.     0.     0.     0.     0.     0.     0.     0.     0.     0.     1.     0.     0.     0.     0.     0.     0.     0.     0.     0.     0.   ]
 [ 0.     0.     0.     0.     0.     0.     0.     0.     0.     0.     0.     0.     0.     0.     0.     0.     0.     0.     0.     0.     1.     0.     0.     0.     0.     0.     0.     0.     0.     0.   ]
 [ 0.     0.     0.     0.     0.     0.     0.     0.     0.     0.     0.     0.     0.     0.     0.     0.     0.     0.     0.     0.     0.     1.     0.     0.     0.     0.     0.     0.     0.     0.   ]
 [ 0.     0.     0.     0.     0.     0.     0.     0.     0.     0.     0.     0.     0.     0.     0.     0.     0.     0.     0.     0.     0.     0.     1.     0.     0.     0.     0.     0.     0.     0.   ]
 [ 0.     0.     0.     0.     0.     0.     0.     0.     0.     0.     0.     0.     0.     0.     0.     0.     0.     0.     0.     0.     0.     0.     0.     1.     0.     0.     0.     0.     0.     0.   ]
 [ 0.     0.     0.     0.     0.     0.     0.     0.     0.     0.     0.     0.     0.     0.     0.     0.     0.     0.     0.     0.     0.     0.     0.     0.     1.     0.     0.     0.     0.     0.   ]
 [ 0.     0.     0.     0.     0.     0.     0.     0.     0.     0.     0.     0.     0.     0.     0.     0.     0.     0.     0.     0.     0.     0.     0.     0.     0.     1.     0.     0.     0.     0.   ]
 [ 0.     0.     0.     0.     0.     0.     0.     0.     0.     0.     0.     0.     0.     0.     0.     0.     0.     0.     0.     0.     0.     0.     0.     0.     0.     0.     1.     0.     0.     0.   ]
 [ 0.     0.     0.     0.     0.     0.     0.     0.     0.     0.     0.     0.     0.     0.     0.     0.     0.     0.     0.     0.     0.     0.     0.     0.     0.     0.     0.     1.     0.     0.   ]
 [ 0.     0.     0.     0.     0.     0.     0.     0.     0.     0.     0.     0.     0.     0.     0.     0.     0.     0.     0.     0.     0.     0.     0.     0.     0.     0.     0.     0.     1.     0.   ]
 [ 0.     0.     0.     0.     0.     0.     0.     0.     0.     0.     0.     0.     0.     0.     0.     0.     0.     0.     0.     0.     0.     0.     0.     0.     0.     0.     0.     0.     0.     1.   ]]
DEBUG: C4 = 
[[ 1.     0.     0.     0.     0.     0.     0.     0.     0.     0.     0.     0.     0.     0.     0.     0.     0.     0.     0.     0.     0.     0.     0.     0.     0.     0.     0.     0.     0.     0.   ]
 [ 0.     1.     0.     0.     0.     0.     0.     0.     0.     0.     0.     0.     0.     0.     0.     0.     0.     0.     0.     0.     0.     0.     0.     0.     0.     0.     0.     0.     0.     0.   ]
 [ 0.     0.     0.006  0.161 -0.439  0.055  0.45   0.031  0.022  0.143 -0.256 -0.042  0.498 -0.333  0.24   0.264  0.     0.     0.     0.     0.     0.     0.     0.     0.     0.     0.     0.     0.     0.   ]
 [ 0.     0.    -0.527  0.124 -0.307  0.385 -0.439 -0.362  0.251  0.021  0.036 -0.073  0.104 -0.151 -0.119 -0.152  0.     0.     0.     0.     0.     0.     0.     0.     0.     0.     0.     0.     0.     0.   ]
 [ 0.     0.    -0.326  0.282 -0.044 -0.021  0.393 -0.214 -0.033  0.193 -0.072  0.599 -0.239  0.334 -0.184  0.084  0.     0.     0.     0.     0.     0.     0.     0.     0.     0.     0.     0.     0.     0.   ]
 [ 0.     0.    -0.414 -0.329 -0.076  0.026  0.067  0.253 -0.099 -0.36   0.298 -0.073  0.235  0.287 -0.178  0.493  0.     0.     0.     0.     0.     0.     0.     0.     0.     0.     0.     0.     0.     0.   ]
 [ 0.     0.    -0.296  0.117  0.41  -0.625 -0.135 -0.137  0.382  0.004 -0.187 -0.032  0.299  0.019  0.145  0.102  0.     0.     0.     0.     0.     0.     0.     0.     0.     0.     0.     0.     0.     0.   ]
 [ 0.     0.    -0.297  0.135  0.114  0.1    0.243  0.091 -0.07  -0.487 -0.532 -0.326 -0.392 -0.125  0.011 -0.059  0.     0.     0.     0.     0.     0.     0.     0.     0.     0.     0.     0.     0.     0.   ]
 [ 0.     0.    -0.105  0.406  0.07  -0.136  0.235  0.118 -0.018  0.339  0.369 -0.533 -0.077 -0.094 -0.426 -0.011  0.     0.     0.     0.     0.     0.     0.     0.     0.     0.     0.     0.     0.     0.   ]
 [ 0.     0.    -0.212  0.082  0.152 -0.124 -0.015 -0.336 -0.79  -0.071  0.17  -0.015  0.196 -0.123  0.234 -0.171  0.     0.     0.     0.     0.     0.     0.     0.     0.     0.     0.     0.     0.     0.   ]
 [ 0.     0.    -0.006  0.454  0.058  0.285 -0.13   0.239 -0.001  0.07   0.019 -0.182  0.095  0.578  0.503 -0.001  0.     0.     0.     0.     0.     0.     0.     0.     0.     0.     0.     0.     0.     0.   ]
 [ 0.     0.    -0.274  0.005  0.332  0.221  0.185  0.411  0.19  -0.019  0.358  0.312 -0.007 -0.422  0.269 -0.224  0.     0.     0.     0.     0.     0.     0.     0.     0.     0.     0.     0.     0.     0.   ]
 [ 0.     0.    -0.124  0.145 -0.072 -0.115 -0.466  0.325 -0.257  0.284 -0.149  0.137 -0.32  -0.287  0.072  0.495  0.     0.     0.     0.     0.     0.     0.     0.     0.     0.     0.     0.     0.     0.   ]
 [ 0.     0.    -0.253 -0.519  0.25   0.219  0.101  0.058 -0.103  0.6   -0.326 -0.187  0.06   0.135  0.005 -0.094  0.     0.     0.     0.     0.     0.     0.     0.     0.     0.     0.     0.     0.     0.   ]
 [ 0.     0.    -0.237 -0.224 -0.546 -0.453  0.066  0.14   0.053  0.081  0.149 -0.108 -0.296  0.113  0.34  -0.328  0.     0.     0.     0.     0.     0.     0.     0.     0.     0.     0.     0.     0.     0.   ]
 [ 0.     0.    -0.052  0.141 -0.128 -0.13  -0.176  0.499 -0.185 -0.061 -0.278  0.202  0.372  0.086 -0.4   -0.45   0.     0.     0.     0.     0.     0.     0.     0.     0.     0.     0.     0.     0.     0.   ]
 [ 0.     0.     0.     0.     0.     0.     0.     0.     0.     0.     0.     0.     0.     0.     0.     0.     0.041  0.258  0.135  0.039  0.285 -0.052  0.644  0.092  0.534  0.031  0.235 -0.124  0.093  0.198]
 [ 0.     0.     0.     0.     0.     0.     0.     0.     0.     0.     0.     0.     0.     0.     0.     0.     0.046  0.139 -0.703 -0.011  0.017 -0.193 -0.1    0.403  0.3    0.012 -0.212  0.078  0.245 -0.269]
 [ 0.     0.     0.     0.     0.     0.     0.     0.     0.     0.     0.     0.     0.     0.     0.     0.     0.001  0.005  0.024  0.561  0.344 -0.351 -0.251 -0.016  0.004  0.47  -0.089 -0.303 -0.241  0.049]
 [ 0.     0.     0.     0.     0.     0.     0.     0.     0.     0.     0.     0.     0.     0.     0.     0.    -0.022 -0.096  0.172  0.077  0.083  0.479  0.031  0.131 -0.132  0.345 -0.044 -0.324  0.609 -0.294]
 [ 0.     0.     0.     0.     0.     0.     0.     0.     0.     0.     0.     0.     0.     0.     0.     0.    -0.019 -0.193 -0.516  0.184  0.104  0.148 -0.115 -0.406 -0.026 -0.15   0.506 -0.158  0.233  0.305]
 [ 0.     0.     0.     0.     0.     0.     0.     0.     0.     0.     0.     0.     0.     0.     0.     0.    -0.002 -0.052 -0.155  0.416  0.011  0.509  0.204 -0.224  0.182 -0.255 -0.522 -0.013 -0.272 -0.064]
 [ 0.     0.     0.     0.     0.     0.     0.     0.     0.     0.     0.     0.     0.     0.     0.     0.     0.026  0.109 -0.177  0.055 -0.734 -0.021  0.242 -0.128 -0.003  0.506 -0.08  -0.06  -0.001  0.271]
 [ 0.     0.     0.     0.     0.     0.     0.     0.     0.     0.     0.     0.     0.     0.     0.     0.     0.029  0.172  0.132  0.497 -0.091  0.239 -0.168  0.453 -0.06  -0.043  0.208  0.506  0.104  0.3  ]
 [ 0.     0.     0.     0.     0.     0.     0.     0.     0.     0.     0.     0.     0.     0.     0.     0.    -0.083 -0.442  0.211  0.277 -0.341 -0.36   0.031  0.197  0.145 -0.43  -0.108 -0.311  0.262  0.088]
 [ 0.     0.     0.     0.     0.     0.     0.     0.     0.     0.     0.     0.     0.     0.     0.     0.     0.113  0.66   0.167  0.217 -0.217 -0.127 -0.21  -0.368  0.073 -0.249  0.088 -0.104  0.202 -0.327]
 [ 0.     0.     0.     0.     0.     0.     0.     0.     0.     0.     0.     0.     0.     0.     0.     0.    -0.015 -0.044  0.191 -0.241  0.038  0.112 -0.5   -0.193  0.576  0.13  -0.262  0.091  0.201  0.368]
 [ 0.     0.     0.     0.     0.     0.     0.     0.     0.     0.     0.     0.     0.     0.     0.     0.    -0.141  0.417 -0.089 -0.186  0.041  0.155 -0.125  0.311 -0.249 -0.216 -0.167 -0.535 -0.094  0.441]
 [ 0.     0.     0.     0.     0.     0.     0.     0.     0.     0.     0.     0.     0.     0.     0.     0.     0.977 -0.087  0.011 -0.045  0.01   0.034 -0.028  0.067 -0.055 -0.047 -0.036 -0.117 -0.021  0.097]
 [ 0.     0.     0.     0.     0.     0.     0.     0.     0.     0.     0.     0.     0.     0.     0.     0.     0.017  0.095 -0.024  0.042  0.263 -0.293  0.24  -0.249 -0.384 -0.036 -0.442  0.286  0.451  0.291]]
DEBUG: C_total = 
[[ 0.707 -0.707  0.     0.     0.     0.     0.     0.     0.     0.     0.     0.     0.     0.     0.     0.     0.     0.     0.     0.     0.     0.     0.     0.     0.     0.     0.     0.     0.     0.   ]
 [-0.015 -0.015  0.18  -0.333  0.435 -0.471  0.442 -0.366  0.269 -0.176  0.102 -0.052  0.023 -0.009  0.003 -0.001  0.002 -0.     0.    -0.     0.    -0.     0.    -0.     0.    -0.     0.    -0.     0.    -0.   ]
 [-0.021 -0.021  0.232 -0.365  0.34  -0.166 -0.082  0.305 -0.427  0.432 -0.351  0.236 -0.133  0.061 -0.022  0.005  0.003 -0.     0.    -0.     0.    -0.     0.    -0.     0.    -0.     0.    -0.     0.    -0.   ]
 [-0.026 -0.026  0.258 -0.335  0.172  0.116 -0.327  0.316 -0.096 -0.193  0.395 -0.437  0.349 -0.211  0.095 -0.028  0.003 -0.001  0.    -0.     0.    -0.     0.    -0.     0.    -0.     0.    -0.     0.    -0.   ]
 [-0.03  -0.03   0.275 -0.279  0.006  0.277 -0.288  0.013  0.284 -0.331  0.09   0.241 -0.434  0.41  -0.253  0.096  0.004 -0.001  0.    -0.     0.    -0.     0.    -0.     0.    -0.     0.    -0.     0.    -0.   ]
 [-0.034 -0.034  0.285 -0.209 -0.134  0.31  -0.09  -0.253  0.285  0.037 -0.333  0.261  0.107 -0.416  0.432 -0.231  0.005 -0.001  0.    -0.     0.    -0.     0.    -0.     0.    -0.     0.    -0.     0.    -0.   ]
 [-0.039 -0.039  0.291 -0.132 -0.235  0.239  0.134 -0.305  0.     0.319 -0.161 -0.256  0.327  0.071 -0.451  0.404  0.006 -0.001  0.    -0.     0.    -0.     0.    -0.     0.    -0.     0.    -0.     0.    -0.   ]
 [-0.045 -0.045  0.294 -0.049 -0.29   0.098  0.28  -0.142 -0.269  0.191  0.253 -0.249 -0.23   0.332  0.19  -0.53   0.008 -0.002  0.    -0.     0.    -0.     0.    -0.     0.    -0.     0.    -0.     0.    -0.   ]
 [-0.051 -0.051  0.293  0.036 -0.294 -0.07   0.291  0.115 -0.283 -0.167  0.271  0.23  -0.249 -0.319  0.209  0.526  0.009 -0.003  0.001 -0.     0.    -0.     0.    -0.     0.    -0.     0.    -0.     0.    -0.   ]
 [-0.059 -0.059  0.288  0.119 -0.248 -0.22   0.161  0.297 -0.029 -0.325 -0.136  0.273  0.315 -0.093 -0.456 -0.396  0.012 -0.004  0.001 -0.     0.    -0.     0.    -0.     0.    -0.     0.    -0.     0.    -0.   ]
 [-0.07  -0.07   0.278  0.199 -0.153 -0.306 -0.061  0.27   0.27  -0.064 -0.341 -0.243  0.129  0.423  0.425  0.223  0.015 -0.005  0.002 -0.     0.    -0.     0.    -0.     0.    -0.     0.    -0.     0.    -0.   ]
 [-0.084 -0.084  0.261  0.271 -0.015 -0.289 -0.273  0.015  0.299  0.321  0.066 -0.26  -0.438 -0.402 -0.244 -0.092  0.02  -0.007  0.003 -0.001  0.    -0.     0.    -0.     0.    -0.     0.    -0.     0.    -0.   ]
 [-0.104 -0.104  0.235  0.327  0.155 -0.139 -0.336 -0.303 -0.071  0.215  0.404  0.434  0.339  0.203  0.09   0.026  0.029 -0.012  0.005 -0.002  0.001 -0.     0.    -0.     0.    -0.     0.    -0.     0.    -0.   ]
 [-0.139 -0.139  0.189  0.35   0.327  0.144 -0.107 -0.322 -0.432 -0.427 -0.342 -0.227 -0.126 -0.057 -0.02  -0.005  0.045 -0.022  0.01  -0.004  0.002 -0.001  0.    -0.     0.    -0.     0.    -0.     0.    -0.   ]
 [-0.212 -0.212  0.094  0.292  0.42   0.462  0.431  0.353  0.256  0.166  0.096  0.048  0.021  0.008  0.002  0.     0.085 -0.049  0.027 -0.014  0.007 -0.003  0.002 -0.001  0.    -0.     0.    -0.     0.    -0.   ]
 [-0.547 -0.547 -0.308 -0.237 -0.169 -0.114 -0.072 -0.043 -0.024 -0.012 -0.006 -0.002 -0.001 -0.    -0.    -0.     0.308 -0.237  0.169 -0.114  0.072 -0.043  0.024 -0.012  0.006 -0.002  0.001 -0.     0.    -0.   ]
 [-0.212 -0.212 -0.085 -0.049 -0.027 -0.014 -0.007 -0.003 -0.002 -0.001 -0.    -0.    -0.    -0.    -0.    -0.    -0.094  0.292 -0.42   0.462 -0.431  0.353 -0.256  0.166 -0.096  0.048 -0.021  0.008 -0.002  0.   ]
 [-0.139 -0.139 -0.045 -0.022 -0.01  -0.004 -0.002 -0.001 -0.    -0.    -0.    -0.    -0.    -0.    -0.    -0.    -0.189  0.35  -0.327  0.144  0.107 -0.322  0.432 -0.427  0.342 -0.227  0.126 -0.057  0.02  -0.005]
 [-0.104 -0.104 -0.029 -0.012 -0.005 -0.002 -0.001 -0.    -0.    -0.    -0.    -0.    -0.    -0.    -0.    -0.    -0.235  0.327 -0.155 -0.139  0.336 -0.303  0.071  0.215 -0.404  0.434 -0.339  0.203 -0.09   0.026]
 [-0.084 -0.084 -0.02  -0.007 -0.003 -0.001 -0.    -0.    -0.    -0.    -0.    -0.    -0.    -0.    -0.    -0.    -0.261  0.271  0.015 -0.289  0.273  0.015 -0.299  0.321 -0.066 -0.26   0.438 -0.402  0.244 -0.092]
 [-0.07  -0.07  -0.015 -0.005 -0.002 -0.    -0.    -0.    -0.    -0.    -0.    -0.    -0.    -0.    -0.    -0.    -0.278  0.199  0.153 -0.306  0.061  0.27  -0.27  -0.064  0.341 -0.243 -0.129  0.423 -0.425  0.223]
 [-0.059 -0.059 -0.012 -0.004 -0.001 -0.    -0.    -0.    -0.    -0.    -0.    -0.    -0.    -0.    -0.    -0.    -0.288  0.119  0.248 -0.22  -0.161  0.297  0.029 -0.325  0.136  0.273 -0.315 -0.093  0.456 -0.396]
 [-0.051 -0.051 -0.009 -0.003 -0.001 -0.    -0.    -0.    -0.    -0.    -0.    -0.    -0.    -0.    -0.    -0.    -0.293  0.036  0.294 -0.07  -0.291  0.115  0.283 -0.167 -0.271  0.23   0.249 -0.319 -0.209  0.526]
 [-0.045 -0.045 -0.008 -0.002 -0.    -0.    -0.    -0.    -0.    -0.    -0.    -0.    -0.    -0.    -0.    -0.    -0.294 -0.049  0.29   0.098 -0.28  -0.142  0.269  0.191 -0.253 -0.249  0.23   0.332 -0.19  -0.53 ]
 [-0.039 -0.039 -0.006 -0.001 -0.    -0.    -0.    -0.    -0.    -0.    -0.    -0.    -0.    -0.    -0.    -0.    -0.291 -0.132  0.235  0.239 -0.134 -0.305 -0.     0.319  0.161 -0.256 -0.327  0.071  0.451  0.404]
 [-0.034 -0.034 -0.005 -0.001 -0.    -0.    -0.    -0.    -0.    -0.    -0.    -0.    -0.    -0.    -0.    -0.    -0.285 -0.209  0.134  0.31   0.09  -0.253 -0.285  0.037  0.333  0.261 -0.107 -0.416 -0.432 -0.231]
 [-0.03  -0.03  -0.004 -0.001 -0.    -0.    -0.    -0.    -0.    -0.    -0.    -0.    -0.    -0.    -0.    -0.    -0.275 -0.279 -0.006  0.277  0.288  0.013 -0.284 -0.331 -0.09   0.241  0.434  0.41   0.253  0.096]
 [-0.026 -0.026 -0.003 -0.001 -0.    -0.    -0.    -0.    -0.    -0.    -0.    -0.    -0.    -0.    -0.    -0.    -0.258 -0.335 -0.172  0.116  0.327  0.316  0.096 -0.193 -0.395 -0.437 -0.349 -0.211 -0.095 -0.028]
 [-0.021 -0.021 -0.003 -0.    -0.    -0.    -0.    -0.    -0.    -0.    -0.    -0.    -0.    -0.    -0.    -0.    -0.232 -0.365 -0.34  -0.166  0.082  0.305  0.427  0.432  0.351  0.236  0.133  0.061  0.022  0.005]
 [-0.015 -0.015 -0.002 -0.    -0.    -0.    -0.    -0.    -0.    -0.    -0.    -0.    -0.    -0.    -0.    -0.    -0.18  -0.333 -0.435 -0.471 -0.442 -0.366 -0.269 -0.176 -0.102 -0.052 -0.023 -0.009 -0.003 -0.001]]
DEBUG: C_total_restored = 
[[ 1.     0.     0.     0.     0.     0.     0.     0.     0.     0.     0.     0.     0.     0.     0.     0.     0.     0.     0.     0.     0.     0.     0.     0.     0.     0.     0.     0.     0.     0.   ]
 [ 0.    -0.022  0.18  -0.333  0.435 -0.471  0.442 -0.366  0.269 -0.176  0.102 -0.052  0.023 -0.009  0.003 -0.001  0.002 -0.     0.    -0.     0.    -0.     0.    -0.     0.    -0.     0.    -0.     0.    -0.   ]
 [ 0.    -0.03   0.232 -0.365  0.34  -0.166 -0.082  0.305 -0.427  0.432 -0.351  0.236 -0.133  0.061 -0.022  0.005  0.003 -0.     0.    -0.     0.    -0.     0.    -0.     0.    -0.     0.    -0.     0.    -0.   ]
 [ 0.    -0.037  0.258 -0.335  0.172  0.116 -0.327  0.316 -0.096 -0.193  0.395 -0.437  0.349 -0.211  0.095 -0.028  0.003 -0.001  0.    -0.     0.    -0.     0.    -0.     0.    -0.     0.    -0.     0.    -0.   ]
 [-0.    -0.043  0.275 -0.279  0.006  0.277 -0.288  0.013  0.284 -0.331  0.09   0.241 -0.434  0.41  -0.253  0.096  0.004 -0.001  0.    -0.     0.    -0.     0.    -0.     0.    -0.     0.    -0.     0.    -0.   ]
 [ 0.    -0.049  0.285 -0.209 -0.134  0.31  -0.09  -0.253  0.285  0.037 -0.333  0.261  0.107 -0.416  0.432 -0.231  0.005 -0.001  0.    -0.     0.    -0.     0.    -0.     0.    -0.     0.    -0.     0.    -0.   ]
 [ 0.    -0.055  0.291 -0.132 -0.235  0.239  0.134 -0.305  0.     0.319 -0.161 -0.256  0.327  0.071 -0.451  0.404  0.006 -0.001  0.    -0.     0.    -0.     0.    -0.     0.    -0.     0.    -0.     0.    -0.   ]
 [ 0.    -0.063  0.294 -0.049 -0.29   0.098  0.28  -0.142 -0.269  0.191  0.253 -0.249 -0.23   0.332  0.19  -0.53   0.008 -0.002  0.    -0.     0.    -0.     0.    -0.     0.    -0.     0.    -0.     0.    -0.   ]
 [-0.    -0.072  0.293  0.036 -0.294 -0.07   0.291  0.115 -0.283 -0.167  0.271  0.23  -0.249 -0.319  0.209  0.526  0.009 -0.003  0.001 -0.     0.    -0.     0.    -0.     0.    -0.     0.    -0.     0.    -0.   ]
 [-0.    -0.084  0.288  0.119 -0.248 -0.22   0.161  0.297 -0.029 -0.325 -0.136  0.273  0.315 -0.093 -0.456 -0.396  0.012 -0.004  0.001 -0.     0.    -0.     0.    -0.     0.    -0.     0.    -0.     0.    -0.   ]
 [ 0.    -0.098  0.278  0.199 -0.153 -0.306 -0.061  0.27   0.27  -0.064 -0.341 -0.243  0.129  0.423  0.425  0.223  0.015 -0.005  0.002 -0.     0.    -0.     0.    -0.     0.    -0.     0.    -0.     0.    -0.   ]
 [ 0.    -0.118  0.261  0.271 -0.015 -0.289 -0.273  0.015  0.299  0.321  0.066 -0.26  -0.438 -0.402 -0.244 -0.092  0.02  -0.007  0.003 -0.001  0.    -0.     0.    -0.     0.    -0.     0.    -0.     0.    -0.   ]
 [ 0.    -0.148  0.235  0.327  0.155 -0.139 -0.336 -0.303 -0.071  0.215  0.404  0.434  0.339  0.203  0.09   0.026  0.029 -0.012  0.005 -0.002  0.001 -0.     0.    -0.     0.    -0.     0.    -0.     0.    -0.   ]
 [-0.    -0.197  0.189  0.35   0.327  0.144 -0.107 -0.322 -0.432 -0.427 -0.342 -0.227 -0.126 -0.057 -0.02  -0.005  0.045 -0.022  0.01  -0.004  0.002 -0.001  0.    -0.     0.    -0.     0.    -0.     0.    -0.   ]
 [-0.    -0.3    0.094  0.292  0.42   0.462  0.431  0.353  0.256  0.166  0.096  0.048  0.021  0.008  0.002  0.     0.085 -0.049  0.027 -0.014  0.007 -0.003  0.002 -0.001  0.    -0.     0.    -0.     0.    -0.   ]
 [-0.    -0.774 -0.308 -0.237 -0.169 -0.114 -0.072 -0.043 -0.024 -0.012 -0.006 -0.002 -0.001 -0.    -0.    -0.     0.308 -0.237  0.169 -0.114  0.072 -0.043  0.024 -0.012  0.006 -0.002  0.001 -0.     0.    -0.   ]
 [ 0.    -0.3   -0.085 -0.049 -0.027 -0.014 -0.007 -0.003 -0.002 -0.001 -0.    -0.    -0.    -0.    -0.    -0.    -0.094  0.292 -0.42   0.462 -0.431  0.353 -0.256  0.166 -0.096  0.048 -0.021  0.008 -0.002  0.   ]
 [-0.    -0.197 -0.045 -0.022 -0.01  -0.004 -0.002 -0.001 -0.    -0.    -0.    -0.    -0.    -0.    -0.    -0.    -0.189  0.35  -0.327  0.144  0.107 -0.322  0.432 -0.427  0.342 -0.227  0.126 -0.057  0.02  -0.005]
 [ 0.    -0.148 -0.029 -0.012 -0.005 -0.002 -0.001 -0.    -0.    -0.    -0.    -0.    -0.    -0.    -0.    -0.    -0.235  0.327 -0.155 -0.139  0.336 -0.303  0.071  0.215 -0.404  0.434 -0.339  0.203 -0.09   0.026]
 [ 0.    -0.118 -0.02  -0.007 -0.003 -0.001 -0.    -0.    -0.    -0.    -0.    -0.    -0.    -0.    -0.    -0.    -0.261  0.271  0.015 -0.289  0.273  0.015 -0.299  0.321 -0.066 -0.26   0.438 -0.402  0.244 -0.092]
 [ 0.    -0.098 -0.015 -0.005 -0.002 -0.    -0.    -0.    -0.    -0.    -0.    -0.    -0.    -0.    -0.    -0.    -0.278  0.199  0.153 -0.306  0.061  0.27  -0.27  -0.064  0.341 -0.243 -0.129  0.423 -0.425  0.223]
 [ 0.    -0.084 -0.012 -0.004 -0.001 -0.    -0.    -0.    -0.    -0.    -0.    -0.    -0.    -0.    -0.    -0.    -0.288  0.119  0.248 -0.22  -0.161  0.297  0.029 -0.325  0.136  0.273 -0.315 -0.093  0.456 -0.396]
 [-0.    -0.072 -0.009 -0.003 -0.001 -0.    -0.    -0.    -0.    -0.    -0.    -0.    -0.    -0.    -0.    -0.    -0.293  0.036  0.294 -0.07  -0.291  0.115  0.283 -0.167 -0.271  0.23   0.249 -0.319 -0.209  0.526]
 [ 0.    -0.063 -0.008 -0.002 -0.    -0.    -0.    -0.    -0.    -0.    -0.    -0.    -0.    -0.    -0.    -0.    -0.294 -0.049  0.29   0.098 -0.28  -0.142  0.269  0.191 -0.253 -0.249  0.23   0.332 -0.19  -0.53 ]
 [-0.    -0.055 -0.006 -0.001 -0.    -0.    -0.    -0.    -0.    -0.    -0.    -0.    -0.    -0.    -0.    -0.    -0.291 -0.132  0.235  0.239 -0.134 -0.305 -0.     0.319  0.161 -0.256 -0.327  0.071  0.451  0.404]
 [-0.    -0.049 -0.005 -0.001 -0.    -0.    -0.    -0.    -0.    -0.    -0.    -0.    -0.    -0.    -0.    -0.    -0.285 -0.209  0.134  0.31   0.09  -0.253 -0.285  0.037  0.333  0.261 -0.107 -0.416 -0.432 -0.231]
 [-0.    -0.043 -0.004 -0.001 -0.    -0.    -0.    -0.    -0.    -0.    -0.    -0.    -0.    -0.    -0.    -0.    -0.275 -0.279 -0.006  0.277  0.288  0.013 -0.284 -0.331 -0.09   0.241  0.434  0.41   0.253  0.096]
 [ 0.    -0.037 -0.003 -0.001 -0.    -0.    -0.    -0.    -0.    -0.    -0.    -0.    -0.    -0.    -0.    -0.    -0.258 -0.335 -0.172  0.116  0.327  0.316  0.096 -0.193 -0.395 -0.437 -0.349 -0.211 -0.095 -0.028]
 [ 0.    -0.03  -0.003 -0.    -0.    -0.    -0.    -0.    -0.    -0.    -0.    -0.    -0.    -0.    -0.    -0.    -0.232 -0.365 -0.34  -0.166  0.082  0.305  0.427  0.432  0.351  0.236  0.133  0.061  0.022  0.005]
 [-0.    -0.022 -0.002 -0.    -0.    -0.    -0.    -0.    -0.    -0.    -0.    -0.    -0.    -0.    -0.    -0.    -0.18  -0.333 -0.435 -0.471 -0.442 -0.366 -0.269 -0.176 -0.102 -0.052 -0.023 -0.009 -0.003 -0.001]]
h_block_final:
[[ 0.    -0.153  0.116 -0.    -0.     0.     0.    -0.     0.     0.     0.     0.    -0.     0.     0.    -0.    -0.116  0.    -0.     0.    -0.    -0.     0.     0.    -0.    -0.    -0.    -0.    -0.    -0.   ]
 [-0.153 -0.     0.116 -0.     0.    -0.    -0.     0.    -0.     0.    -0.    -0.     0.    -0.     0.    -0.     0.116  0.    -0.     0.    -0.    -0.     0.     0.    -0.    -0.    -0.    -0.    -0.    -0.   ]
 [ 0.116  0.116 -0.485  0.252  0.    -0.    -0.     0.     0.     0.     0.    -0.     0.    -0.     0.     0.    -0.     0.    -0.    -0.     0.    -0.    -0.    -0.    -0.    -0.    -0.    -0.     0.    -0.   ]
 [-0.    -0.     0.252 -0.505  0.248  0.    -0.     0.    -0.    -0.     0.     0.    -0.    -0.     0.     0.     0.    -0.    -0.     0.    -0.     0.     0.     0.     0.     0.    -0.    -0.    -0.    -0.   ]
 [-0.     0.     0.     0.248 -0.511  0.245 -0.    -0.    -0.     0.    -0.    -0.    -0.     0.    -0.    -0.     0.     0.     0.     0.    -0.     0.     0.     0.     0.    -0.    -0.    -0.    -0.    -0.   ]
 [ 0.    -0.    -0.     0.     0.245 -0.515  0.24   0.    -0.    -0.    -0.     0.     0.     0.     0.    -0.    -0.    -0.    -0.     0.     0.     0.     0.    -0.    -0.    -0.    -0.    -0.    -0.    -0.   ]
 [ 0.    -0.    -0.    -0.    -0.     0.24  -0.517  0.233 -0.    -0.    -0.    -0.     0.     0.     0.     0.    -0.    -0.     0.     0.     0.    -0.    -0.     0.     0.    -0.     0.     0.     0.     0.   ]
 [-0.     0.    -0.     0.    -0.     0.     0.233 -0.518  0.225  0.    -0.     0.    -0.    -0.    -0.    -0.     0.     0.     0.    -0.    -0.     0.     0.    -0.     0.     0.    -0.    -0.    -0.    -0.   ]
 [ 0.    -0.     0.     0.    -0.    -0.    -0.     0.225 -0.518  0.215 -0.     0.    -0.     0.    -0.     0.     0.     0.     0.    -0.     0.     0.    -0.    -0.    -0.     0.    -0.     0.    -0.    -0.   ]
 [ 0.     0.     0.    -0.     0.    -0.    -0.     0.     0.215 -0.518  0.203  0.     0.    -0.     0.     0.    -0.    -0.    -0.     0.    -0.     0.     0.     0.     0.     0.     0.     0.     0.     0.   ]
 [ 0.    -0.     0.     0.    -0.     0.    -0.    -0.    -0.     0.203 -0.518  0.189  0.     0.    -0.     0.     0.     0.    -0.    -0.    -0.    -0.    -0.     0.     0.     0.     0.     0.     0.     0.   ]
 [ 0.    -0.    -0.     0.    -0.     0.    -0.     0.     0.     0.     0.189 -0.519  0.173  0.    -0.     0.    -0.    -0.     0.    -0.    -0.    -0.    -0.    -0.    -0.     0.    -0.    -0.    -0.     0.   ]
 [-0.     0.     0.    -0.     0.     0.     0.    -0.    -0.     0.    -0.     0.173 -0.519  0.152  0.    -0.    -0.     0.     0.     0.     0.     0.     0.    -0.     0.    -0.     0.    -0.    -0.     0.   ]
 [ 0.    -0.    -0.    -0.     0.     0.     0.    -0.     0.    -0.     0.     0.     0.152 -0.519  0.127  0.    -0.    -0.     0.    -0.    -0.     0.    -0.     0.    -0.     0.     0.     0.     0.    -0.   ]
 [ 0.     0.    -0.     0.    -0.     0.     0.    -0.    -0.     0.    -0.    -0.     0.     0.127 -0.519  0.091  0.     0.     0.    -0.     0.     0.     0.    -0.     0.    -0.    -0.    -0.    -0.    -0.   ]
 [-0.    -0.     0.     0.    -0.    -0.     0.    -0.     0.     0.     0.     0.    -0.     0.     0.091 -0.519 -0.    -0.     0.    -0.    -0.    -0.     0.     0.    -0.     0.    -0.     0.     0.    -0.   ]
 [-0.116  0.116 -0.     0.     0.    -0.    -0.     0.     0.    -0.     0.    -0.    -0.    -0.     0.    -0.     0.485  0.252  0.     0.    -0.     0.     0.    -0.    -0.    -0.     0.     0.    -0.     0.   ]
 [ 0.     0.     0.    -0.     0.    -0.    -0.     0.     0.    -0.     0.    -0.     0.    -0.     0.    -0.     0.252  0.505  0.248 -0.    -0.     0.    -0.    -0.    -0.    -0.     0.     0.    -0.     0.   ]
 [-0.    -0.    -0.    -0.     0.    -0.     0.     0.     0.    -0.    -0.     0.     0.     0.     0.     0.     0.     0.248  0.511  0.245 -0.     0.     0.     0.    -0.    -0.     0.    -0.     0.     0.   ]
 [ 0.     0.    -0.     0.     0.     0.     0.    -0.    -0.     0.    -0.    -0.     0.    -0.    -0.    -0.     0.    -0.     0.245  0.515  0.24  -0.     0.     0.    -0.    -0.     0.    -0.     0.     0.   ]
 [-0.    -0.     0.    -0.    -0.     0.     0.    -0.     0.    -0.    -0.    -0.     0.    -0.     0.    -0.    -0.    -0.    -0.     0.24   0.517  0.233  0.    -0.    -0.    -0.     0.     0.    -0.     0.   ]
 [-0.    -0.    -0.     0.     0.     0.    -0.     0.     0.     0.    -0.    -0.     0.     0.     0.    -0.     0.     0.     0.     0.     0.233  0.518  0.225 -0.    -0.    -0.    -0.     0.    -0.    -0.   ]
 [ 0.     0.    -0.     0.     0.     0.    -0.     0.    -0.     0.    -0.    -0.     0.    -0.     0.     0.     0.    -0.     0.     0.     0.     0.225  0.518  0.215  0.    -0.     0.     0.    -0.    -0.   ]
 [ 0.     0.    -0.     0.     0.    -0.     0.    -0.    -0.     0.     0.    -0.    -0.     0.    -0.     0.    -0.    -0.     0.     0.    -0.    -0.     0.215  0.518  0.203 -0.     0.     0.     0.     0.   ]
 [-0.    -0.    -0.     0.     0.    -0.     0.     0.    -0.     0.     0.    -0.     0.    -0.     0.    -0.    -0.    -0.    -0.    -0.     0.    -0.     0.     0.203  0.518  0.189  0.    -0.    -0.     0.   ]
 [-0.    -0.    -0.     0.    -0.    -0.    -0.     0.     0.     0.     0.     0.    -0.     0.    -0.     0.    -0.    -0.    -0.    -0.    -0.    -0.    -0.    -0.     0.189  0.519  0.173 -0.    -0.    -0.   ]
 [-0.    -0.    -0.    -0.    -0.    -0.     0.    -0.    -0.     0.     0.    -0.     0.     0.    -0.    -0.     0.     0.     0.     0.     0.    -0.     0.     0.     0.     0.173  0.519  0.152  0.    -0.   ]
 [-0.    -0.    -0.    -0.    -0.    -0.     0.    -0.     0.     0.     0.    -0.    -0.     0.    -0.     0.     0.     0.    -0.    -0.     0.     0.     0.     0.    -0.    -0.     0.152  0.519  0.127 -0.   ]
 [-0.    -0.     0.    -0.    -0.    -0.     0.    -0.    -0.     0.     0.    -0.    -0.     0.    -0.     0.    -0.    -0.     0.     0.    -0.    -0.    -0.     0.    -0.     0.     0.     0.127  0.519  0.091]
 [-0.    -0.    -0.    -0.    -0.    -0.     0.    -0.    -0.     0.     0.     0.     0.    -0.    -0.    -0.     0.     0.     0.     0.     0.    -0.    -0.     0.     0.    -0.    -0.    -0.     0.091  0.519]]
C_block:
[[ 1.     0.     0.     0.     0.     0.     0.     0.     0.     0.     0.     0.     0.     0.     0.     0.     0.     0.     0.     0.     0.     0.     0.     0.     0.     0.     0.     0.     0.     0.   ]
 [ 0.    -0.022  0.18  -0.333  0.435 -0.471  0.442 -0.366  0.269 -0.176  0.102 -0.052  0.023 -0.009  0.003 -0.001  0.002 -0.     0.    -0.     0.    -0.     0.    -0.     0.    -0.     0.    -0.     0.    -0.   ]
 [ 0.    -0.03   0.232 -0.365  0.34  -0.166 -0.082  0.305 -0.427  0.432 -0.351  0.236 -0.133  0.061 -0.022  0.005  0.003 -0.     0.    -0.     0.    -0.     0.    -0.     0.    -0.     0.    -0.     0.    -0.   ]
 [ 0.    -0.037  0.258 -0.335  0.172  0.116 -0.327  0.316 -0.096 -0.193  0.395 -0.437  0.349 -0.211  0.095 -0.028  0.003 -0.001  0.    -0.     0.    -0.     0.    -0.     0.    -0.     0.    -0.     0.    -0.   ]
 [-0.    -0.043  0.275 -0.279  0.006  0.277 -0.288  0.013  0.284 -0.331  0.09   0.241 -0.434  0.41  -0.253  0.096  0.004 -0.001  0.    -0.     0.    -0.     0.    -0.     0.    -0.     0.    -0.     0.    -0.   ]
 [ 0.    -0.049  0.285 -0.209 -0.134  0.31  -0.09  -0.253  0.285  0.037 -0.333  0.261  0.107 -0.416  0.432 -0.231  0.005 -0.001  0.    -0.     0.    -0.     0.    -0.     0.    -0.     0.    -0.     0.    -0.   ]
 [ 0.    -0.055  0.291 -0.132 -0.235  0.239  0.134 -0.305  0.     0.319 -0.161 -0.256  0.327  0.071 -0.451  0.404  0.006 -0.001  0.    -0.     0.    -0.     0.    -0.     0.    -0.     0.    -0.     0.    -0.   ]
 [ 0.    -0.063  0.294 -0.049 -0.29   0.098  0.28  -0.142 -0.269  0.191  0.253 -0.249 -0.23   0.332  0.19  -0.53   0.008 -0.002  0.    -0.     0.    -0.     0.    -0.     0.    -0.     0.    -0.     0.    -0.   ]
 [-0.    -0.072  0.293  0.036 -0.294 -0.07   0.291  0.115 -0.283 -0.167  0.271  0.23  -0.249 -0.319  0.209  0.526  0.009 -0.003  0.001 -0.     0.    -0.     0.    -0.     0.    -0.     0.    -0.     0.    -0.   ]
 [-0.    -0.084  0.288  0.119 -0.248 -0.22   0.161  0.297 -0.029 -0.325 -0.136  0.273  0.315 -0.093 -0.456 -0.396  0.012 -0.004  0.001 -0.     0.    -0.     0.    -0.     0.    -0.     0.    -0.     0.    -0.   ]
 [ 0.    -0.098  0.278  0.199 -0.153 -0.306 -0.061  0.27   0.27  -0.064 -0.341 -0.243  0.129  0.423  0.425  0.223  0.015 -0.005  0.002 -0.     0.    -0.     0.    -0.     0.    -0.     0.    -0.     0.    -0.   ]
 [ 0.    -0.118  0.261  0.271 -0.015 -0.289 -0.273  0.015  0.299  0.321  0.066 -0.26  -0.438 -0.402 -0.244 -0.092  0.02  -0.007  0.003 -0.001  0.    -0.     0.    -0.     0.    -0.     0.    -0.     0.    -0.   ]
 [ 0.    -0.148  0.235  0.327  0.155 -0.139 -0.336 -0.303 -0.071  0.215  0.404  0.434  0.339  0.203  0.09   0.026  0.029 -0.012  0.005 -0.002  0.001 -0.     0.    -0.     0.    -0.     0.    -0.     0.    -0.   ]
 [-0.    -0.197  0.189  0.35   0.327  0.144 -0.107 -0.322 -0.432 -0.427 -0.342 -0.227 -0.126 -0.057 -0.02  -0.005  0.045 -0.022  0.01  -0.004  0.002 -0.001  0.    -0.     0.    -0.     0.    -0.     0.    -0.   ]
 [-0.    -0.3    0.094  0.292  0.42   0.462  0.431  0.353  0.256  0.166  0.096  0.048  0.021  0.008  0.002  0.     0.085 -0.049  0.027 -0.014  0.007 -0.003  0.002 -0.001  0.    -0.     0.    -0.     0.    -0.   ]
 [-0.    -0.774 -0.308 -0.237 -0.169 -0.114 -0.072 -0.043 -0.024 -0.012 -0.006 -0.002 -0.001 -0.    -0.    -0.     0.308 -0.237  0.169 -0.114  0.072 -0.043  0.024 -0.012  0.006 -0.002  0.001 -0.     0.    -0.   ]
 [ 0.    -0.3   -0.085 -0.049 -0.027 -0.014 -0.007 -0.003 -0.002 -0.001 -0.    -0.    -0.    -0.    -0.    -0.    -0.094  0.292 -0.42   0.462 -0.431  0.353 -0.256  0.166 -0.096  0.048 -0.021  0.008 -0.002  0.   ]
 [-0.    -0.197 -0.045 -0.022 -0.01  -0.004 -0.002 -0.001 -0.    -0.    -0.    -0.    -0.    -0.    -0.    -0.    -0.189  0.35  -0.327  0.144  0.107 -0.322  0.432 -0.427  0.342 -0.227  0.126 -0.057  0.02  -0.005]
 [ 0.    -0.148 -0.029 -0.012 -0.005 -0.002 -0.001 -0.    -0.    -0.    -0.    -0.    -0.    -0.    -0.    -0.    -0.235  0.327 -0.155 -0.139  0.336 -0.303  0.071  0.215 -0.404  0.434 -0.339  0.203 -0.09   0.026]
 [ 0.    -0.118 -0.02  -0.007 -0.003 -0.001 -0.    -0.    -0.    -0.    -0.    -0.    -0.    -0.    -0.    -0.    -0.261  0.271  0.015 -0.289  0.273  0.015 -0.299  0.321 -0.066 -0.26   0.438 -0.402  0.244 -0.092]
 [ 0.    -0.098 -0.015 -0.005 -0.002 -0.    -0.    -0.    -0.    -0.    -0.    -0.    -0.    -0.    -0.    -0.    -0.278  0.199  0.153 -0.306  0.061  0.27  -0.27  -0.064  0.341 -0.243 -0.129  0.423 -0.425  0.223]
 [ 0.    -0.084 -0.012 -0.004 -0.001 -0.    -0.    -0.    -0.    -0.    -0.    -0.    -0.    -0.    -0.    -0.    -0.288  0.119  0.248 -0.22  -0.161  0.297  0.029 -0.325  0.136  0.273 -0.315 -0.093  0.456 -0.396]
 [-0.    -0.072 -0.009 -0.003 -0.001 -0.    -0.    -0.    -0.    -0.    -0.    -0.    -0.    -0.    -0.    -0.    -0.293  0.036  0.294 -0.07  -0.291  0.115  0.283 -0.167 -0.271  0.23   0.249 -0.319 -0.209  0.526]
 [ 0.    -0.063 -0.008 -0.002 -0.    -0.    -0.    -0.    -0.    -0.    -0.    -0.    -0.    -0.    -0.    -0.    -0.294 -0.049  0.29   0.098 -0.28  -0.142  0.269  0.191 -0.253 -0.249  0.23   0.332 -0.19  -0.53 ]
 [-0.    -0.055 -0.006 -0.001 -0.    -0.    -0.    -0.    -0.    -0.    -0.    -0.    -0.    -0.    -0.    -0.    -0.291 -0.132  0.235  0.239 -0.134 -0.305 -0.     0.319  0.161 -0.256 -0.327  0.071  0.451  0.404]
 [-0.    -0.049 -0.005 -0.001 -0.    -0.    -0.    -0.    -0.    -0.    -0.    -0.    -0.    -0.    -0.    -0.    -0.285 -0.209  0.134  0.31   0.09  -0.253 -0.285  0.037  0.333  0.261 -0.107 -0.416 -0.432 -0.231]
 [-0.    -0.043 -0.004 -0.001 -0.    -0.    -0.    -0.    -0.    -0.    -0.    -0.    -0.    -0.    -0.    -0.    -0.275 -0.279 -0.006  0.277  0.288  0.013 -0.284 -0.331 -0.09   0.241  0.434  0.41   0.253  0.096]
 [ 0.    -0.037 -0.003 -0.001 -0.    -0.    -0.    -0.    -0.    -0.    -0.    -0.    -0.    -0.    -0.    -0.    -0.258 -0.335 -0.172  0.116  0.327  0.316  0.096 -0.193 -0.395 -0.437 -0.349 -0.211 -0.095 -0.028]
 [ 0.    -0.03  -0.003 -0.    -0.    -0.    -0.    -0.    -0.    -0.    -0.    -0.    -0.    -0.    -0.    -0.    -0.232 -0.365 -0.34  -0.166  0.082  0.305  0.427  0.432  0.351  0.236  0.133  0.061  0.022  0.005]
 [-0.    -0.022 -0.002 -0.    -0.    -0.    -0.    -0.    -0.    -0.    -0.    -0.    -0.    -0.    -0.    -0.    -0.18  -0.333 -0.435 -0.471 -0.442 -0.366 -0.269 -0.176 -0.102 -0.052 -0.023 -0.009 -0.003 -0.001]]
[sanity] ||h_final - C^† h C|| / ||h|| = 0.000e+00
hdc_ab = 
[[ 0.     0.    -0.153 ...  0.    -0.     0.   ]
 [ 0.     0.     0.    ... -0.     0.    -0.   ]
 [-0.153  0.    -0.    ...  0.    -0.     0.   ]
 ...
 [ 0.    -0.     0.    ...  0.519  0.     0.091]
 [-0.     0.    -0.    ...  0.     0.519  0.   ]
 [ 0.    -0.     0.    ...  0.091  0.     0.519]]
C_ab = 
[[ 1.     0.     0.    ...  0.     0.     0.   ]
 [ 0.     1.     0.    ...  0.     0.     0.   ]
 [ 0.     0.    -0.022 ...  0.    -0.     0.   ]
 ...
 [ 0.     0.     0.    ...  0.022  0.     0.005]
 [-0.     0.    -0.022 ...  0.    -0.001  0.   ]
 [ 0.    -0.     0.    ... -0.003  0.    -0.001]]
C = 
[[ 1.     0.     0.    ...  0.     0.     0.   ]
 [ 0.    -0.022  0.18  ...  0.     0.     0.   ]
 [ 0.    -0.03   0.232 ...  0.     0.     0.   ]
 ...
 [ 0.     0.     0.    ... -0.211 -0.095 -0.028]
 [ 0.     0.     0.    ...  0.061  0.022  0.005]
 [ 0.     0.     0.    ... -0.009 -0.003 -0.001]]
******************************************
h0_0 = 
[[-0.25  -0.153  0.116 ...  0.     0.     0.   ]
 [-0.153 -0.     0.116 ...  0.     0.     0.   ]
 [ 0.116  0.116 -0.485 ...  0.     0.     0.   ]
 ...
 [ 0.     0.     0.    ...  0.519  0.127 -0.   ]
 [ 0.     0.     0.    ...  0.127  0.519  0.091]
 [ 0.     0.     0.    ... -0.     0.091  0.519]]
h0_legacy = 
[[-0.25   0.024  0.031 ...  0.     0.     0.   ]
 [ 0.024 -0.966  0.    ...  0.     0.     0.   ]
 [ 0.031  0.    -0.897 ...  0.     0.     0.   ]
 ...
 [ 0.     0.     0.    ...  0.828  0.     0.   ]
 [ 0.     0.     0.    ...  0.     0.897  0.   ]
 [ 0.     0.     0.    ...  0.     0.     0.966]]
Partitioning system: 1 impurity orbitals, 29 bath orbitals.
Generating basis for 1 electrons on impurity and 29 on bath.
Found 2 impurity configurations and 2 bath configurations.
Retaining only Sz=0 in starting basis
Generated a total of 2 unique starting determinants.
sb = [<SlaterDeterminant α=[0, 2, 3, 4, 5, 6, 7, 8, 9, 10, 11, 12, 13, 14, 15] β=[1, 2, 3, 4, 5, 6, 7, 8, 9, 10, 11, 12, 13, 14, 15]>, <SlaterDeterminant α=[1, 2, 3, 4, 5, 6, 7, 8, 9, 10, 11, 12, 13, 14, 15] β=[0, 2, 3, 4, 5, 6, 7, 8, 9, 10, 11, 12, 13, 14, 15]>]
DEBUG: build ham time = 0.13183283805847168
[init] dim=2  E0=-14.649406396541
blocks = [0.0], time block = 2.5272369384765625e-05
apply_ham time = 6.198883056640625e-05
gen basis time = 0.00010204315185546875
sel basis time = 7.390975952148438e-05
Found 1 S_z blocks: [0.0]
  Processing Sz=0.0 block of size 12x12
DEBUG: build ham time = 0.13390517234802246
DEBUG: finished rearranging vectors
DEBUG: for basis size 12, ham diag time = 0.13422679901123047
[iter 0] dim=    12  Es=[-14.859276659713 -14.748951457850]  |dE0|=2.099e-01
blocks = [0.0], time block = 2.09808349609375e-05
apply_ham time = 0.00014281272888183594
gen basis time = 0.00019693374633789062
sel basis time = 0.00011706352233886719
Found 1 S_z blocks: [0.0]
  Processing Sz=0.0 block of size 32x32
DEBUG: build ham time = 0.13004207611083984
DEBUG: finished rearranging vectors
DEBUG: for basis size 32, ham diag time = 0.13042879104614258
[iter 1] dim=    32  Es=[-14.860938499714 -14.783295667347]  |dE0|=1.662e-03
blocks = [0.0], time block = 3.886222839355469e-05
apply_ham time = 0.0003440380096435547
gen basis time = 0.00044608116149902344
sel basis time = 0.00020194053649902344
Found 1 S_z blocks: [0.0]
  Processing Sz=0.0 block of size 72x72
DEBUG: build ham time = 0.13130879402160645
DEBUG: finished rearranging vectors
DEBUG: for basis size 72, ham diag time = 0.19415521621704102
[iter 2] dim=    72  Es=[-14.861631522086 -14.800051091547]  |dE0|=6.930e-04
blocks = [0.0], time block = 9.012222290039062e-05
apply_ham time = 0.0008459091186523438
gen basis time = 0.001071929931640625
sel basis time = 0.0004031658172607422
Found 1 S_z blocks: [0.0]
  Processing Sz=0.0 block of size 152x152
DEBUG: build ham time = 0.1305551528930664
DEBUG: finished rearranging vectors
DEBUG: for basis size 152, ham diag time = 0.20142292976379395
[iter 3] dim=   152  Es=[-14.861954913343 -14.809539807320]  |dE0|=3.234e-04
blocks = [0.0], time block = 0.00016999244689941406
apply_ham time = 0.0017473697662353516
gen basis time = 0.0021772384643554688
sel basis time = 0.0006928443908691406
Found 1 S_z blocks: [0.0]
  Processing Sz=0.0 block of size 296x296
DEBUG: build ham time = 0.13191795349121094
DEBUG: finished rearranging vectors
DEBUG: for basis size 296, ham diag time = 0.1538066864013672
[iter 4] dim=   296  Es=[-14.862114134881 -14.815274312447]  |dE0|=1.592e-04
blocks = [0.0], time block = 0.0003268718719482422
apply_ham time = 0.003422975540161133
gen basis time = 0.004221916198730469
sel basis time = 0.0012371540069580078
Found 1 S_z blocks: [0.0]
  Processing Sz=0.0 block of size 556x556
DEBUG: build ham time = 0.13149380683898926
DEBUG: finished rearranging vectors
DEBUG: for basis size 556, ham diag time = 0.22699999809265137
[iter 5] dim=   556  Es=[-14.862194391194 -14.818809250448]  |dE0|=8.026e-05
blocks = [0.0], time block = 0.0005998611450195312
apply_ham time = 0.006617069244384766
gen basis time = 0.008067846298217773
sel basis time = 0.0020799636840820312
Found 1 S_z blocks: [0.0]
  Processing Sz=0.0 block of size 996x996
DEBUG: build ham time = 0.13536572456359863
DEBUG: finished rearranging vectors
DEBUG: for basis size 996, ham diag time = 0.260678768157959
[iter 6] dim=   996  Es=[-14.862235120655 -14.820967864666]  |dE0|=4.073e-05
blocks = [0.0], time block = 0.0010638236999511719
apply_ham time = 0.012033700942993164
gen basis time = 0.014580011367797852
sel basis time = 0.0034399032592773438
Found 1 S_z blocks: [0.0]
  Processing Sz=0.0 block of size 1731x1731
DEBUG: build ham time = 0.13932490348815918
DEBUG: finished rearranging vectors
DEBUG: for basis size 1731, ham diag time = 0.32960987091064453
[iter 7] dim=  1731  Es=[-14.862255469333 -14.822245720423]  |dE0|=2.035e-05
blocks = [0.0], time block = 0.0018260478973388672
apply_ham time = 0.021197795867919922
gen basis time = 0.025529861450195312
sel basis time = 0.005632877349853516
Found 1 S_z blocks: [0.0]
  Processing Sz=0.0 block of size 2913x2913
DEBUG: build ham time = 0.1437978744506836
DEBUG: finished rearranging vectors
DEBUG: for basis size 2913, ham diag time = 0.41823506355285645
[iter 8] dim=  2913  Es=[-14.862265969623 -14.822967540262]  |dE0|=1.050e-05
blocks = [0.0], time block = 0.003078937530517578
apply_ham time = 0.03641104698181152
gen basis time = 0.04355597496032715
sel basis time = 0.008875131607055664
Found 1 S_z blocks: [0.0]
  Processing Sz=0.0 block of size 4771x4771
DEBUG: build ham time = 0.15134787559509277
DEBUG: finished rearranging vectors
DEBUG: for basis size 4771, ham diag time = 0.5967428684234619
[iter 9] dim=  4771  Es=[-14.862271195720 -14.823351313261]  |dE0|=5.226e-06
[conv] reached |dE| < 1e-05
Found 1 S_z blocks: [0.0]
  Processing Sz=0.0 block of size 4771x4771
DEBUG: build ham time = 0.15281319618225098
DEBUG: finished rearranging vectors
sci total time : 5.354363918304443
energies = [-14.862 -14.823], e0 = -14.862271195720151
len basis = 4771
len(basis(psis0)) = 4771
rdm : 
[[ 0.5  +0.j  0.42 +0.j -0.004+0.j ...  0.   +0.j  0.   +0.j  0.   +0.j]
 [ 0.42 +0.j  0.5  +0.j -0.028+0.j ...  0.   +0.j  0.   +0.j  0.   +0.j]
 [-0.004+0.j -0.028+0.j  0.993+0.j ...  0.   +0.j  0.   +0.j  0.   +0.j]
 ...
 [ 0.   +0.j  0.   +0.j  0.   +0.j ...  0.   +0.j  0.   +0.j  0.   +0.j]
 [ 0.   +0.j  0.   +0.j  0.   +0.j ...  0.   +0.j  0.   +0.j  0.   +0.j]
 [ 0.   +0.j  0.   +0.j  0.   +0.j ...  0.   +0.j  0.   +0.j  0.   +0.j]]
impurity occupation: (0.9999999999917566+0j)
total occupation : (29.99999999999998+0j)
target_indices = [0, 30]
 Founds blocks : [[0], [1]]
  Symmetry: is_diagonal=True. Found 1 unique group(s) of blocks.
  Computing representative g_(0,0) via Scalar CF...
DEBUG: build ham time = 0.15792632102966309
DEBUG: build ham time = 0.15438604354858398

Thermally-averaged calculation finished.
Data saved to 'dump/A_29'
