[UU-FVFLJ1WH1WG7:39948] shmem: mmap: an error occurred while determining whether or not /var/folders/s2/nnr5gscj1cj8wzpkytp53pgr0000gn/T//ompi.UU-FVFLJ1WH1WG7.501/jf.0/2683240448/sm_segment.UU-FVFLJ1WH1WG7.501.9fef0000.0 could be created.
******************************************
******************************************
NF = 20, M = 10, Nimp = 1
******************************************
[[-0.25   0.     0.057  0.     0.073  0.     0.08   0.     0.083  0.     0.084  0.     0.083  0.     0.08   0.     0.073  0.     0.057  0.   ]
 [ 0.    -0.25   0.     0.057  0.     0.073  0.     0.08   0.     0.083  0.     0.084  0.     0.083  0.     0.08   0.     0.073  0.     0.057]
 [ 0.057  0.    -0.889 -0.     0.     0.     0.     0.     0.     0.     0.     0.     0.     0.     0.     0.     0.     0.     0.     0.   ]
 [ 0.     0.057 -0.    -0.889  0.     0.     0.     0.     0.     0.     0.     0.     0.     0.     0.     0.     0.     0.     0.     0.   ]
 [ 0.073  0.     0.     0.    -0.667 -0.     0.     0.     0.     0.     0.     0.     0.     0.     0.     0.     0.     0.     0.     0.   ]
 [ 0.     0.073  0.     0.    -0.    -0.667  0.     0.     0.     0.     0.     0.     0.     0.     0.     0.     0.     0.     0.     0.   ]
 [ 0.08   0.     0.     0.     0.     0.    -0.444 -0.     0.     0.     0.     0.     0.     0.     0.     0.     0.     0.     0.     0.   ]
 [ 0.     0.08   0.     0.     0.     0.    -0.    -0.444  0.     0.     0.     0.     0.     0.     0.     0.     0.     0.     0.     0.   ]
 [ 0.083  0.     0.     0.     0.     0.     0.     0.    -0.222 -0.     0.     0.     0.     0.     0.     0.     0.     0.     0.     0.   ]
 [ 0.     0.083  0.     0.     0.     0.     0.     0.    -0.    -0.222  0.     0.     0.     0.     0.     0.     0.     0.     0.     0.   ]
 [ 0.084  0.     0.     0.     0.     0.     0.     0.     0.     0.    -0.    -0.     0.     0.     0.     0.     0.     0.     0.     0.   ]
 [ 0.     0.084  0.     0.     0.     0.     0.     0.     0.     0.    -0.    -0.     0.     0.     0.     0.     0.     0.     0.     0.   ]
 [ 0.083  0.     0.     0.     0.     0.     0.     0.     0.     0.     0.     0.     0.222  0.     0.     0.     0.     0.     0.     0.   ]
 [ 0.     0.083  0.     0.     0.     0.     0.     0.     0.     0.     0.     0.     0.     0.222  0.     0.     0.     0.     0.     0.   ]
 [ 0.08   0.     0.     0.     0.     0.     0.     0.     0.     0.     0.     0.     0.     0.     0.444  0.     0.     0.     0.     0.   ]
 [ 0.     0.08   0.     0.     0.     0.     0.     0.     0.     0.     0.     0.     0.     0.     0.     0.444  0.     0.     0.     0.   ]
 [ 0.073  0.     0.     0.     0.     0.     0.     0.     0.     0.     0.     0.     0.     0.     0.     0.     0.667  0.     0.     0.   ]
 [ 0.     0.073  0.     0.     0.     0.     0.     0.     0.     0.     0.     0.     0.     0.     0.     0.     0.     0.667  0.     0.   ]
 [ 0.057  0.     0.     0.     0.     0.     0.     0.     0.     0.     0.     0.     0.     0.     0.     0.     0.     0.     0.889  0.   ]
 [ 0.     0.057  0.     0.     0.     0.     0.     0.     0.     0.     0.     0.     0.     0.     0.     0.     0.     0.     0.     0.889]]
************
[[-0.25   0.057  0.073  0.08   0.083  0.084  0.083  0.08   0.073  0.057]
 [ 0.057 -0.889  0.     0.     0.     0.     0.     0.     0.     0.   ]
 [ 0.073  0.    -0.667  0.     0.     0.     0.     0.     0.     0.   ]
 [ 0.08   0.     0.    -0.444  0.     0.     0.     0.     0.     0.   ]
 [ 0.083  0.     0.     0.    -0.222  0.     0.     0.     0.     0.   ]
 [ 0.084  0.     0.     0.     0.    -0.     0.     0.     0.     0.   ]
 [ 0.083  0.     0.     0.     0.     0.     0.222  0.     0.     0.   ]
 [ 0.08   0.     0.     0.     0.     0.     0.     0.444  0.     0.   ]
 [ 0.073  0.     0.     0.     0.     0.     0.     0.     0.667  0.   ]
 [ 0.057  0.     0.     0.     0.     0.     0.     0.     0.     0.889]]
U((0, 0, 0, 0)) = (0.5+0j)
setting to 0
U((0, 10, 0, 10)) = (0.5+0j)
U((10, 0, 10, 0)) = (0.5+0j)
U((10, 10, 10, 10)) = (0.5+0j)
setting to 0
h0_0 size:  (20, 20)
U_0 size:  (20, 20, 20, 20)
Going with Nelec_imp = 1, nbath = 9, Nelec = 10
imp_indices_full = [0, 10]
h0_0 = 
[[-0.25   0.057  0.073  0.08   0.083  0.084  0.083  0.08   0.073  0.057  0.     0.     0.     0.     0.     0.     0.     0.     0.     0.   ]
 [ 0.057 -0.889  0.     0.     0.     0.     0.     0.     0.     0.     0.    -0.     0.     0.     0.     0.     0.     0.     0.     0.   ]
 [ 0.073  0.    -0.667  0.     0.     0.     0.     0.     0.     0.     0.     0.    -0.     0.     0.     0.     0.     0.     0.     0.   ]
 [ 0.08   0.     0.    -0.444  0.     0.     0.     0.     0.     0.     0.     0.     0.    -0.     0.     0.     0.     0.     0.     0.   ]
 [ 0.083  0.     0.     0.    -0.222  0.     0.     0.     0.     0.     0.     0.     0.     0.    -0.     0.     0.     0.     0.     0.   ]
 [ 0.084  0.     0.     0.     0.    -0.     0.     0.     0.     0.     0.     0.     0.     0.     0.    -0.     0.     0.     0.     0.   ]
 [ 0.083  0.     0.     0.     0.     0.     0.222  0.     0.     0.     0.     0.     0.     0.     0.     0.     0.     0.     0.     0.   ]
 [ 0.08   0.     0.     0.     0.     0.     0.     0.444  0.     0.     0.     0.     0.     0.     0.     0.     0.     0.     0.     0.   ]
 [ 0.073  0.     0.     0.     0.     0.     0.     0.     0.667  0.     0.     0.     0.     0.     0.     0.     0.     0.     0.     0.   ]
 [ 0.057  0.     0.     0.     0.     0.     0.     0.     0.     0.889  0.     0.     0.     0.     0.     0.     0.     0.     0.     0.   ]
 [ 0.     0.     0.     0.     0.     0.     0.     0.     0.     0.    -0.25   0.057  0.073  0.08   0.083  0.084  0.083  0.08   0.073  0.057]
 [ 0.    -0.     0.     0.     0.     0.     0.     0.     0.     0.     0.057 -0.889  0.     0.     0.     0.     0.     0.     0.     0.   ]
 [ 0.     0.    -0.     0.     0.     0.     0.     0.     0.     0.     0.073  0.    -0.667  0.     0.     0.     0.     0.     0.     0.   ]
 [ 0.     0.     0.    -0.     0.     0.     0.     0.     0.     0.     0.08   0.     0.    -0.444  0.     0.     0.     0.     0.     0.   ]
 [ 0.     0.     0.     0.    -0.     0.     0.     0.     0.     0.     0.083  0.     0.     0.    -0.222  0.     0.     0.     0.     0.   ]
 [ 0.     0.     0.     0.     0.    -0.     0.     0.     0.     0.     0.084  0.     0.     0.     0.    -0.     0.     0.     0.     0.   ]
 [ 0.     0.     0.     0.     0.     0.     0.     0.     0.     0.     0.083  0.     0.     0.     0.     0.     0.222  0.     0.     0.   ]
 [ 0.     0.     0.     0.     0.     0.     0.     0.     0.     0.     0.08   0.     0.     0.     0.     0.     0.     0.444  0.     0.   ]
 [ 0.     0.     0.     0.     0.     0.     0.     0.     0.     0.     0.073  0.     0.     0.     0.     0.     0.     0.     0.667  0.   ]
 [ 0.     0.     0.     0.     0.     0.     0.     0.     0.     0.     0.057  0.     0.     0.     0.     0.     0.     0.     0.     0.889]]


--------------------------------------------------------------
Mean-Field Self-Consistent Procedure with block handling
--------------------------------------------------------------
[V1] mfscf proc with Ne=10, maxiter=100, alpha=0.2, threshold=1e-07, spinsym_only = False
[V1] Symmetry analysis found 2 blocks.
[V1] Found 1 unique groups of blocks.
[V1] Blocks: [[0, 1, 2, 3, 4, 5, 6, 7, 8, 9], [10, 11, 12, 13, 14, 15, 16, 17, 18, 19]]
[V1] Identical Groups (by block index): [[0, 1]]
[V1] iter 0, Tr(rho*h0) = -5.06071079
[V1] Ne = 10, initial tr(rho) = 10.00000000+0.00000000j
[V1] mixing parameter: α = 0.2
[V2] Number of non-zero U elements: 2
[V1] Iter         E_total          E_corr        ΔE_total
[V2] U is sparse, using nzU
[V1]    1     -4.68363831     -0.37707247      1.0047e+03
[V1]   10     -4.80998356     -0.12636800      3.3298e-03
[V1]   20     -4.82186002     -0.12500477      3.5710e-04
[V1]   30     -4.82313504     -0.12500002      3.8343e-05
[V1]   40     -4.82327194     -0.12500000      4.1171e-06
[V1]   50     -4.82328664     -0.12500000      4.4207e-07
[V1] Converged in 57 iterations.
[V1] Final tr(rho) = 10.00000000+0.00000000j
[V2] Reordering final eigenvectors to spin-blocked convention...
hmf = 
[[ 0.     0.057  0.073  0.08   0.083  0.084  0.083  0.08   0.073  0.057  0.     0.     0.     0.     0.     0.     0.     0.     0.     0.   ]
 [ 0.057 -0.889  0.     0.     0.     0.     0.     0.     0.     0.     0.     0.     0.     0.     0.     0.     0.     0.     0.     0.   ]
 [ 0.073  0.    -0.667  0.     0.     0.     0.     0.     0.     0.     0.     0.     0.     0.     0.     0.     0.     0.     0.     0.   ]
 [ 0.08   0.     0.    -0.444  0.     0.     0.     0.     0.     0.     0.     0.     0.     0.     0.     0.     0.     0.     0.     0.   ]
 [ 0.083  0.     0.     0.    -0.222  0.     0.     0.     0.     0.     0.     0.     0.     0.     0.     0.     0.     0.     0.     0.   ]
 [ 0.084  0.     0.     0.     0.    -0.     0.     0.     0.     0.     0.     0.     0.     0.     0.     0.     0.     0.     0.     0.   ]
 [ 0.083  0.     0.     0.     0.     0.     0.222  0.     0.     0.     0.     0.     0.     0.     0.     0.     0.     0.     0.     0.   ]
 [ 0.08   0.     0.     0.     0.     0.     0.     0.444  0.     0.     0.     0.     0.     0.     0.     0.     0.     0.     0.     0.   ]
 [ 0.073  0.     0.     0.     0.     0.     0.     0.     0.667  0.     0.     0.     0.     0.     0.     0.     0.     0.     0.     0.   ]
 [ 0.057  0.     0.     0.     0.     0.     0.     0.     0.     0.889  0.     0.     0.     0.     0.     0.     0.     0.     0.     0.   ]
 [ 0.     0.     0.     0.     0.     0.     0.     0.     0.     0.     0.     0.057  0.073  0.08   0.083  0.084  0.083  0.08   0.073  0.057]
 [ 0.     0.     0.     0.     0.     0.     0.     0.     0.     0.     0.057 -0.889  0.     0.     0.     0.     0.     0.     0.     0.   ]
 [ 0.     0.     0.     0.     0.     0.     0.     0.     0.     0.     0.073  0.    -0.667  0.     0.     0.     0.     0.     0.     0.   ]
 [ 0.     0.     0.     0.     0.     0.     0.     0.     0.     0.     0.08   0.     0.    -0.444  0.     0.     0.     0.     0.     0.   ]
 [ 0.     0.     0.     0.     0.     0.     0.     0.     0.     0.     0.083  0.     0.     0.    -0.222  0.     0.     0.     0.     0.   ]
 [ 0.     0.     0.     0.     0.     0.     0.     0.     0.     0.     0.084  0.     0.     0.     0.    -0.     0.     0.     0.     0.   ]
 [ 0.     0.     0.     0.     0.     0.     0.     0.     0.     0.     0.083  0.     0.     0.     0.     0.     0.222  0.     0.     0.   ]
 [ 0.     0.     0.     0.     0.     0.     0.     0.     0.     0.     0.08   0.     0.     0.     0.     0.     0.     0.444  0.     0.   ]
 [ 0.     0.     0.     0.     0.     0.     0.     0.     0.     0.     0.073  0.     0.     0.     0.     0.     0.     0.     0.667  0.   ]
 [ 0.     0.     0.     0.     0.     0.     0.     0.     0.     0.     0.057  0.     0.     0.     0.     0.     0.     0.     0.     0.889]]
DEBUG, Nimp_sf = 2
hmf_ab = 
[[ 0.   +0.j  0.   +0.j  0.057+0.j  0.   +0.j  0.073+0.j  0.   +0.j  0.08 +0.j  0.   +0.j  0.083+0.j  0.   +0.j  0.084+0.j  0.   +0.j  0.083+0.j  0.   +0.j  0.08 +0.j  0.   +0.j  0.073+0.j  0.   +0.j  0.057+0.j  0.   +0.j]
 [ 0.   +0.j  0.   +0.j  0.   +0.j  0.057+0.j  0.   +0.j  0.073+0.j  0.   +0.j  0.08 +0.j  0.   +0.j  0.083+0.j  0.   +0.j  0.084+0.j  0.   +0.j  0.083+0.j  0.   +0.j  0.08 +0.j  0.   +0.j  0.073+0.j  0.   +0.j  0.057+0.j]
 [ 0.057+0.j  0.   +0.j -0.889+0.j  0.   +0.j  0.   +0.j  0.   +0.j  0.   +0.j  0.   +0.j  0.   +0.j  0.   +0.j  0.   +0.j  0.   +0.j  0.   +0.j  0.   +0.j  0.   +0.j  0.   +0.j  0.   +0.j  0.   +0.j  0.   +0.j  0.   +0.j]
 [ 0.   +0.j  0.057+0.j  0.   +0.j -0.889+0.j  0.   +0.j  0.   +0.j  0.   +0.j  0.   +0.j  0.   +0.j  0.   +0.j  0.   +0.j  0.   +0.j  0.   +0.j  0.   +0.j  0.   +0.j  0.   +0.j  0.   +0.j  0.   +0.j  0.   +0.j  0.   +0.j]
 [ 0.073+0.j  0.   +0.j  0.   +0.j  0.   +0.j -0.667+0.j  0.   +0.j  0.   +0.j  0.   +0.j  0.   +0.j  0.   +0.j  0.   +0.j  0.   +0.j  0.   +0.j  0.   +0.j  0.   +0.j  0.   +0.j  0.   +0.j  0.   +0.j  0.   +0.j  0.   +0.j]
 [ 0.   +0.j  0.073+0.j  0.   +0.j  0.   +0.j  0.   +0.j -0.667+0.j  0.   +0.j  0.   +0.j  0.   +0.j  0.   +0.j  0.   +0.j  0.   +0.j  0.   +0.j  0.   +0.j  0.   +0.j  0.   +0.j  0.   +0.j  0.   +0.j  0.   +0.j  0.   +0.j]
 [ 0.08 +0.j  0.   +0.j  0.   +0.j  0.   +0.j  0.   +0.j  0.   +0.j -0.444+0.j  0.   +0.j  0.   +0.j  0.   +0.j  0.   +0.j  0.   +0.j  0.   +0.j  0.   +0.j  0.   +0.j  0.   +0.j  0.   +0.j  0.   +0.j  0.   +0.j  0.   +0.j]
 [ 0.   +0.j  0.08 +0.j  0.   +0.j  0.   +0.j  0.   +0.j  0.   +0.j  0.   +0.j -0.444+0.j  0.   +0.j  0.   +0.j  0.   +0.j  0.   +0.j  0.   +0.j  0.   +0.j  0.   +0.j  0.   +0.j  0.   +0.j  0.   +0.j  0.   +0.j  0.   +0.j]
 [ 0.083+0.j  0.   +0.j  0.   +0.j  0.   +0.j  0.   +0.j  0.   +0.j  0.   +0.j  0.   +0.j -0.222+0.j  0.   +0.j  0.   +0.j  0.   +0.j  0.   +0.j  0.   +0.j  0.   +0.j  0.   +0.j  0.   +0.j  0.   +0.j  0.   +0.j  0.   +0.j]
 [ 0.   +0.j  0.083+0.j  0.   +0.j  0.   +0.j  0.   +0.j  0.   +0.j  0.   +0.j  0.   +0.j  0.   +0.j -0.222+0.j  0.   +0.j  0.   +0.j  0.   +0.j  0.   +0.j  0.   +0.j  0.   +0.j  0.   +0.j  0.   +0.j  0.   +0.j  0.   +0.j]
 [ 0.084+0.j  0.   +0.j  0.   +0.j  0.   +0.j  0.   +0.j  0.   +0.j  0.   +0.j  0.   +0.j  0.   +0.j  0.   +0.j -0.   +0.j  0.   +0.j  0.   +0.j  0.   +0.j  0.   +0.j  0.   +0.j  0.   +0.j  0.   +0.j  0.   +0.j  0.   +0.j]
 [ 0.   +0.j  0.084+0.j  0.   +0.j  0.   +0.j  0.   +0.j  0.   +0.j  0.   +0.j  0.   +0.j  0.   +0.j  0.   +0.j  0.   +0.j -0.   +0.j  0.   +0.j  0.   +0.j  0.   +0.j  0.   +0.j  0.   +0.j  0.   +0.j  0.   +0.j  0.   +0.j]
 [ 0.083+0.j  0.   +0.j  0.   +0.j  0.   +0.j  0.   +0.j  0.   +0.j  0.   +0.j  0.   +0.j  0.   +0.j  0.   +0.j  0.   +0.j  0.   +0.j  0.222+0.j  0.   +0.j  0.   +0.j  0.   +0.j  0.   +0.j  0.   +0.j  0.   +0.j  0.   +0.j]
 [ 0.   +0.j  0.083+0.j  0.   +0.j  0.   +0.j  0.   +0.j  0.   +0.j  0.   +0.j  0.   +0.j  0.   +0.j  0.   +0.j  0.   +0.j  0.   +0.j  0.   +0.j  0.222+0.j  0.   +0.j  0.   +0.j  0.   +0.j  0.   +0.j  0.   +0.j  0.   +0.j]
 [ 0.08 +0.j  0.   +0.j  0.   +0.j  0.   +0.j  0.   +0.j  0.   +0.j  0.   +0.j  0.   +0.j  0.   +0.j  0.   +0.j  0.   +0.j  0.   +0.j  0.   +0.j  0.   +0.j  0.444+0.j  0.   +0.j  0.   +0.j  0.   +0.j  0.   +0.j  0.   +0.j]
 [ 0.   +0.j  0.08 +0.j  0.   +0.j  0.   +0.j  0.   +0.j  0.   +0.j  0.   +0.j  0.   +0.j  0.   +0.j  0.   +0.j  0.   +0.j  0.   +0.j  0.   +0.j  0.   +0.j  0.   +0.j  0.444+0.j  0.   +0.j  0.   +0.j  0.   +0.j  0.   +0.j]
 [ 0.073+0.j  0.   +0.j  0.   +0.j  0.   +0.j  0.   +0.j  0.   +0.j  0.   +0.j  0.   +0.j  0.   +0.j  0.   +0.j  0.   +0.j  0.   +0.j  0.   +0.j  0.   +0.j  0.   +0.j  0.   +0.j  0.667+0.j  0.   +0.j  0.   +0.j  0.   +0.j]
 [ 0.   +0.j  0.073+0.j  0.   +0.j  0.   +0.j  0.   +0.j  0.   +0.j  0.   +0.j  0.   +0.j  0.   +0.j  0.   +0.j  0.   +0.j  0.   +0.j  0.   +0.j  0.   +0.j  0.   +0.j  0.   +0.j  0.   +0.j  0.667+0.j  0.   +0.j  0.   +0.j]
 [ 0.057+0.j  0.   +0.j  0.   +0.j  0.   +0.j  0.   +0.j  0.   +0.j  0.   +0.j  0.   +0.j  0.   +0.j  0.   +0.j  0.   +0.j  0.   +0.j  0.   +0.j  0.   +0.j  0.   +0.j  0.   +0.j  0.   +0.j  0.   +0.j  0.889+0.j  0.   +0.j]
 [ 0.   +0.j  0.057+0.j  0.   +0.j  0.   +0.j  0.   +0.j  0.   +0.j  0.   +0.j  0.   +0.j  0.   +0.j  0.   +0.j  0.   +0.j  0.   +0.j  0.   +0.j  0.   +0.j  0.   +0.j  0.   +0.j  0.   +0.j  0.   +0.j  0.   +0.j  0.889+0.j]]

--- Analyzed Structure ---
Found 2 blocks
Blocks: [[0, 2, 4, 6, 8, 10, 12, 14, 16, 18], [1, 3, 5, 7, 9, 11, 13, 15, 17, 19]]
Identical Groups (by block index): [[0, 1]]
[blocks] 2 blocks; identical groups: [[0, 1]]
[check] Tr rho = 10.000000000000, sum blocks = 10.000000000000, Nelec = 10
[leader block 0] size=10 Nimp_b=1 Nelec_b=5
DEBUG: C1 = 
[[ 1.     0.     0.     0.     0.     0.     0.     0.     0.     0.   ]
 [ 0.    -0.055 -0.388  0.498  0.758 -0.154 -0.     0.     0.005  0.   ]
 [ 0.    -0.091  0.166  0.194  0.145  0.952 -0.     0.     0.009  0.   ]
 [ 0.    -0.139 -0.596  0.487 -0.617  0.085  0.     0.002  0.018  0.   ]
 [ 0.    -0.243 -0.633 -0.688  0.152  0.204  0.002  0.007  0.044  0.003]
 [ 0.    -0.906  0.255  0.06  -0.007 -0.145  0.037  0.087  0.281  0.044]
 [ 0.    -0.243  0.037  0.001 -0.001 -0.024 -0.381 -0.508 -0.549 -0.484]
 [ 0.    -0.139  0.015 -0.001 -0.001 -0.01   0.249 -0.254 -0.538  0.752]
 [ 0.    -0.091  0.007 -0.001 -0.001 -0.005  0.646  0.444 -0.459 -0.409]
 [ 0.    -0.055  0.004 -0.001 -0.    -0.003 -0.612  0.687 -0.344  0.178]]
DEBUG: C2 = 
[[1. 0. 0. 0. 0. 0. 0. 0. 0. 0.]
 [0. 1. 0. 0. 0. 0. 0. 0. 0. 0.]
 [0. 0. 1. 0. 0. 0. 0. 0. 0. 0.]
 [0. 0. 0. 1. 0. 0. 0. 0. 0. 0.]
 [0. 0. 0. 0. 1. 0. 0. 0. 0. 0.]
 [0. 0. 0. 0. 0. 1. 0. 0. 0. 0.]
 [0. 0. 0. 0. 0. 0. 1. 0. 0. 0.]
 [0. 0. 0. 0. 0. 0. 0. 1. 0. 0.]
 [0. 0. 0. 0. 0. 0. 0. 0. 1. 0.]
 [0. 0. 0. 0. 0. 0. 0. 0. 0. 1.]]
DEBUG: C3 = 
[[ 0.707 -0.707  0.     0.     0.     0.     0.     0.     0.     0.   ]
 [ 0.707  0.707  0.     0.     0.     0.     0.     0.     0.     0.   ]
 [ 0.     0.     1.     0.     0.     0.     0.     0.     0.     0.   ]
 [ 0.     0.     0.     1.     0.     0.     0.     0.     0.     0.   ]
 [ 0.     0.     0.     0.     1.     0.     0.     0.     0.     0.   ]
 [ 0.     0.     0.     0.     0.     1.     0.     0.     0.     0.   ]
 [ 0.     0.     0.     0.     0.     0.     1.     0.     0.     0.   ]
 [ 0.     0.     0.     0.     0.     0.     0.     1.     0.     0.   ]
 [ 0.     0.     0.     0.     0.     0.     0.     0.     1.     0.   ]
 [ 0.     0.     0.     0.     0.     0.     0.     0.     0.     1.   ]]
DEBUG: C4 = 
[[ 1.     0.     0.     0.     0.     0.     0.     0.     0.     0.   ]
 [ 0.     1.     0.     0.     0.     0.     0.     0.     0.     0.   ]
 [ 0.     0.    -0.739 -0.372 -0.341  0.446  0.     0.     0.     0.   ]
 [ 0.     0.     0.257 -0.73  -0.4   -0.491  0.     0.     0.     0.   ]
 [ 0.     0.     0.145 -0.573  0.738  0.326  0.     0.     0.     0.   ]
 [ 0.     0.     0.606 -0.008 -0.422  0.674  0.     0.     0.     0.   ]
 [ 0.     0.     0.     0.     0.     0.    -0.031  0.011  0.938  0.345]
 [ 0.     0.     0.     0.     0.     0.    -0.15  -0.976 -0.047  0.148]
 [ 0.     0.     0.     0.     0.     0.     0.987 -0.154  0.034 -0.001]
 [ 0.     0.     0.     0.     0.     0.    -0.036 -0.151  0.341 -0.927]]
DEBUG: C_total = 
[[ 0.707 -0.707  0.     0.     0.     0.     0.     0.     0.     0.   ]
 [-0.039 -0.039  0.431 -0.652  0.558 -0.274  0.005 -0.001  0.    -0.   ]
 [-0.064 -0.064  0.525 -0.294 -0.429  0.668  0.009 -0.002  0.    -0.   ]
 [-0.098 -0.098  0.528  0.22  -0.484 -0.648  0.017 -0.004  0.001 -0.   ]
 [-0.172 -0.172  0.436  0.65   0.517  0.242  0.042 -0.014  0.004 -0.001]
 [-0.641 -0.641 -0.262 -0.134 -0.055 -0.016  0.262 -0.134  0.055 -0.016]
 [-0.172 -0.172 -0.042 -0.014 -0.004 -0.001 -0.436  0.65  -0.517  0.242]
 [-0.098 -0.098 -0.017 -0.004 -0.001 -0.    -0.528  0.22   0.484 -0.648]
 [-0.064 -0.064 -0.009 -0.002 -0.    -0.    -0.525 -0.294  0.429  0.668]
 [-0.039 -0.039 -0.005 -0.001 -0.    -0.    -0.431 -0.652 -0.558 -0.274]]
DEBUG: C_total_restored = 
[[ 1.     0.     0.     0.     0.     0.     0.     0.     0.     0.   ]
 [-0.    -0.055  0.431 -0.652  0.558 -0.274  0.005 -0.001  0.    -0.   ]
 [-0.    -0.091  0.525 -0.294 -0.429  0.668  0.009 -0.002  0.    -0.   ]
 [ 0.    -0.139  0.528  0.22  -0.484 -0.648  0.017 -0.004  0.001 -0.   ]
 [ 0.    -0.243  0.436  0.65   0.517  0.242  0.042 -0.014  0.004 -0.001]
 [ 0.    -0.906 -0.262 -0.134 -0.055 -0.016  0.262 -0.134  0.055 -0.016]
 [-0.    -0.243 -0.042 -0.014 -0.004 -0.001 -0.436  0.65  -0.517  0.242]
 [-0.    -0.139 -0.017 -0.004 -0.001 -0.    -0.528  0.22   0.484 -0.648]
 [-0.    -0.091 -0.009 -0.002 -0.    -0.    -0.525 -0.294  0.429  0.668]
 [ 0.    -0.055 -0.005 -0.001 -0.    -0.    -0.431 -0.652 -0.558 -0.274]]
h_block_final:
[[ 0.    -0.158  0.113  0.    -0.     0.    -0.113 -0.     0.     0.   ]
 [-0.158 -0.     0.113 -0.     0.    -0.     0.113 -0.     0.     0.   ]
 [ 0.113  0.113 -0.514  0.238 -0.     0.     0.     0.    -0.    -0.   ]
 [ 0.    -0.     0.238 -0.551  0.212 -0.    -0.    -0.    -0.     0.   ]
 [-0.     0.    -0.     0.212 -0.563  0.16   0.     0.    -0.    -0.   ]
 [ 0.    -0.    -0.    -0.     0.16  -0.564 -0.     0.    -0.    -0.   ]
 [-0.113  0.113  0.    -0.     0.    -0.     0.514  0.238 -0.     0.   ]
 [-0.    -0.     0.    -0.     0.     0.     0.238  0.551  0.212  0.   ]
 [ 0.     0.    -0.    -0.    -0.    -0.    -0.     0.212  0.563  0.16 ]
 [ 0.     0.    -0.     0.    -0.    -0.     0.     0.     0.16   0.564]]
C_block:
[[ 1.     0.     0.     0.     0.     0.     0.     0.     0.     0.   ]
 [-0.    -0.055  0.431 -0.652  0.558 -0.274  0.005 -0.001  0.    -0.   ]
 [-0.    -0.091  0.525 -0.294 -0.429  0.668  0.009 -0.002  0.    -0.   ]
 [ 0.    -0.139  0.528  0.22  -0.484 -0.648  0.017 -0.004  0.001 -0.   ]
 [ 0.    -0.243  0.436  0.65   0.517  0.242  0.042 -0.014  0.004 -0.001]
 [ 0.    -0.906 -0.262 -0.134 -0.055 -0.016  0.262 -0.134  0.055 -0.016]
 [-0.    -0.243 -0.042 -0.014 -0.004 -0.001 -0.436  0.65  -0.517  0.242]
 [-0.    -0.139 -0.017 -0.004 -0.001 -0.    -0.528  0.22   0.484 -0.648]
 [-0.    -0.091 -0.009 -0.002 -0.    -0.    -0.525 -0.294  0.429  0.668]
 [ 0.    -0.055 -0.005 -0.001 -0.    -0.    -0.431 -0.652 -0.558 -0.274]]
[sanity] ||h_final - C^† h C|| / ||h|| = 0.000e+00
hdc_ab = 
[[ 0.     0.    -0.158  0.     0.113  0.     0.     0.    -0.     0.     0.     0.    -0.113  0.    -0.     0.     0.     0.     0.     0.   ]
 [ 0.     0.     0.    -0.158  0.     0.113  0.     0.     0.    -0.     0.     0.     0.    -0.113  0.    -0.     0.     0.     0.     0.   ]
 [-0.158  0.    -0.     0.     0.113  0.    -0.     0.     0.     0.    -0.     0.     0.113  0.    -0.     0.     0.     0.     0.     0.   ]
 [ 0.    -0.158  0.    -0.     0.     0.113  0.    -0.     0.     0.     0.    -0.     0.     0.113  0.    -0.     0.     0.     0.     0.   ]
 [ 0.113  0.     0.113  0.    -0.514  0.     0.238  0.    -0.     0.     0.     0.     0.     0.     0.     0.    -0.     0.    -0.     0.   ]
 [ 0.     0.113  0.     0.113  0.    -0.514  0.     0.238  0.    -0.     0.     0.     0.     0.     0.     0.     0.    -0.     0.    -0.   ]
 [ 0.     0.    -0.     0.     0.238  0.    -0.551  0.     0.212  0.    -0.     0.    -0.     0.    -0.     0.    -0.     0.     0.     0.   ]
 [ 0.     0.     0.    -0.     0.     0.238  0.    -0.551  0.     0.212  0.    -0.     0.    -0.     0.    -0.     0.    -0.     0.     0.   ]
 [-0.     0.     0.     0.    -0.     0.     0.212  0.    -0.563  0.     0.16   0.     0.     0.     0.     0.    -0.     0.    -0.     0.   ]
 [ 0.    -0.     0.     0.     0.    -0.     0.     0.212  0.    -0.563  0.     0.16   0.     0.     0.     0.     0.    -0.     0.    -0.   ]
 [ 0.     0.    -0.     0.    -0.     0.    -0.     0.     0.16   0.    -0.564  0.    -0.     0.     0.     0.    -0.     0.    -0.     0.   ]
 [ 0.     0.     0.    -0.     0.    -0.     0.    -0.     0.     0.16   0.    -0.564  0.    -0.     0.     0.     0.    -0.     0.    -0.   ]
 [-0.113  0.     0.113  0.     0.     0.    -0.     0.     0.     0.    -0.     0.     0.514  0.     0.238  0.    -0.     0.     0.     0.   ]
 [ 0.    -0.113  0.     0.113  0.     0.     0.    -0.     0.     0.     0.    -0.     0.     0.514  0.     0.238  0.    -0.     0.     0.   ]
 [-0.     0.    -0.     0.     0.     0.    -0.     0.     0.     0.     0.     0.     0.238  0.     0.551  0.     0.212  0.     0.     0.   ]
 [ 0.    -0.     0.    -0.     0.     0.     0.    -0.     0.     0.     0.     0.     0.     0.238  0.     0.551  0.     0.212  0.     0.   ]
 [ 0.     0.     0.     0.    -0.     0.    -0.     0.    -0.     0.    -0.     0.    -0.     0.     0.212  0.     0.563  0.     0.16   0.   ]
 [ 0.     0.     0.     0.     0.    -0.     0.    -0.     0.    -0.     0.    -0.     0.    -0.     0.     0.212  0.     0.563  0.     0.16 ]
 [ 0.     0.     0.     0.    -0.     0.     0.     0.    -0.     0.    -0.     0.     0.     0.     0.     0.     0.16   0.     0.564  0.   ]
 [ 0.     0.     0.     0.     0.    -0.     0.     0.     0.    -0.     0.    -0.     0.     0.     0.     0.     0.     0.16   0.     0.564]]
C_ab = 
[[ 1.     0.     0.     0.     0.     0.     0.     0.     0.     0.     0.     0.     0.     0.     0.     0.     0.     0.     0.     0.   ]
 [ 0.     1.     0.     0.     0.     0.     0.     0.     0.     0.     0.     0.     0.     0.     0.     0.     0.     0.     0.     0.   ]
 [-0.     0.    -0.055  0.     0.431  0.    -0.652  0.     0.558  0.    -0.274  0.     0.005  0.    -0.001  0.     0.     0.    -0.     0.   ]
 [ 0.    -0.     0.    -0.055  0.     0.431  0.    -0.652  0.     0.558  0.    -0.274  0.     0.005  0.    -0.001  0.     0.     0.    -0.   ]
 [-0.     0.    -0.091  0.     0.525  0.    -0.294  0.    -0.429  0.     0.668  0.     0.009  0.    -0.002  0.     0.     0.    -0.     0.   ]
 [ 0.    -0.     0.    -0.091  0.     0.525  0.    -0.294  0.    -0.429  0.     0.668  0.     0.009  0.    -0.002  0.     0.     0.    -0.   ]
 [ 0.     0.    -0.139  0.     0.528  0.     0.22   0.    -0.484  0.    -0.648  0.     0.017  0.    -0.004  0.     0.001  0.    -0.     0.   ]
 [ 0.     0.     0.    -0.139  0.     0.528  0.     0.22   0.    -0.484  0.    -0.648  0.     0.017  0.    -0.004  0.     0.001  0.    -0.   ]
 [ 0.     0.    -0.243  0.     0.436  0.     0.65   0.     0.517  0.     0.242  0.     0.042  0.    -0.014  0.     0.004  0.    -0.001  0.   ]
 [ 0.     0.     0.    -0.243  0.     0.436  0.     0.65   0.     0.517  0.     0.242  0.     0.042  0.    -0.014  0.     0.004  0.    -0.001]
 [ 0.     0.    -0.906  0.    -0.262  0.    -0.134  0.    -0.055  0.    -0.016  0.     0.262  0.    -0.134  0.     0.055  0.    -0.016  0.   ]
 [ 0.     0.     0.    -0.906  0.    -0.262  0.    -0.134  0.    -0.055  0.    -0.016  0.     0.262  0.    -0.134  0.     0.055  0.    -0.016]
 [-0.     0.    -0.243  0.    -0.042  0.    -0.014  0.    -0.004  0.    -0.001  0.    -0.436  0.     0.65   0.    -0.517  0.     0.242  0.   ]
 [ 0.    -0.     0.    -0.243  0.    -0.042  0.    -0.014  0.    -0.004  0.    -0.001  0.    -0.436  0.     0.65   0.    -0.517  0.     0.242]
 [-0.     0.    -0.139  0.    -0.017  0.    -0.004  0.    -0.001  0.    -0.     0.    -0.528  0.     0.22   0.     0.484  0.    -0.648  0.   ]
 [ 0.    -0.     0.    -0.139  0.    -0.017  0.    -0.004  0.    -0.001  0.    -0.     0.    -0.528  0.     0.22   0.     0.484  0.    -0.648]
 [-0.     0.    -0.091  0.    -0.009  0.    -0.002  0.    -0.     0.    -0.     0.    -0.525  0.    -0.294  0.     0.429  0.     0.668  0.   ]
 [ 0.    -0.     0.    -0.091  0.    -0.009  0.    -0.002  0.    -0.     0.    -0.     0.    -0.525  0.    -0.294  0.     0.429  0.     0.668]
 [ 0.     0.    -0.055  0.    -0.005  0.    -0.001  0.    -0.     0.    -0.     0.    -0.431  0.    -0.652  0.    -0.558  0.    -0.274  0.   ]
 [ 0.     0.     0.    -0.055  0.    -0.005  0.    -0.001  0.    -0.     0.    -0.     0.    -0.431  0.    -0.652  0.    -0.558  0.    -0.274]]
C = 
[[ 1.     0.     0.     0.     0.     0.     0.     0.     0.     0.     0.     0.     0.     0.     0.     0.     0.     0.     0.     0.   ]
 [-0.    -0.055  0.431 -0.652  0.558 -0.274  0.005 -0.001  0.    -0.     0.     0.     0.     0.     0.     0.     0.     0.     0.     0.   ]
 [-0.    -0.091  0.525 -0.294 -0.429  0.668  0.009 -0.002  0.    -0.     0.     0.     0.     0.     0.     0.     0.     0.     0.     0.   ]
 [ 0.    -0.139  0.528  0.22  -0.484 -0.648  0.017 -0.004  0.001 -0.     0.     0.     0.     0.     0.     0.     0.     0.     0.     0.   ]
 [ 0.    -0.243  0.436  0.65   0.517  0.242  0.042 -0.014  0.004 -0.001  0.     0.     0.     0.     0.     0.     0.     0.     0.     0.   ]
 [ 0.    -0.906 -0.262 -0.134 -0.055 -0.016  0.262 -0.134  0.055 -0.016  0.     0.     0.     0.     0.     0.     0.     0.     0.     0.   ]
 [-0.    -0.243 -0.042 -0.014 -0.004 -0.001 -0.436  0.65  -0.517  0.242  0.     0.     0.     0.     0.     0.     0.     0.     0.     0.   ]
 [-0.    -0.139 -0.017 -0.004 -0.001 -0.    -0.528  0.22   0.484 -0.648  0.     0.     0.     0.     0.     0.     0.     0.     0.     0.   ]
 [-0.    -0.091 -0.009 -0.002 -0.    -0.    -0.525 -0.294  0.429  0.668  0.     0.     0.     0.     0.     0.     0.     0.     0.     0.   ]
 [ 0.    -0.055 -0.005 -0.001 -0.    -0.    -0.431 -0.652 -0.558 -0.274  0.     0.     0.     0.     0.     0.     0.     0.     0.     0.   ]
 [ 0.     0.     0.     0.     0.     0.     0.     0.     0.     0.     1.     0.     0.     0.     0.     0.     0.     0.     0.     0.   ]
 [ 0.     0.     0.     0.     0.     0.     0.     0.     0.     0.    -0.    -0.055  0.431 -0.652  0.558 -0.274  0.005 -0.001  0.    -0.   ]
 [ 0.     0.     0.     0.     0.     0.     0.     0.     0.     0.    -0.    -0.091  0.525 -0.294 -0.429  0.668  0.009 -0.002  0.    -0.   ]
 [ 0.     0.     0.     0.     0.     0.     0.     0.     0.     0.     0.    -0.139  0.528  0.22  -0.484 -0.648  0.017 -0.004  0.001 -0.   ]
 [ 0.     0.     0.     0.     0.     0.     0.     0.     0.     0.     0.    -0.243  0.436  0.65   0.517  0.242  0.042 -0.014  0.004 -0.001]
 [ 0.     0.     0.     0.     0.     0.     0.     0.     0.     0.     0.    -0.906 -0.262 -0.134 -0.055 -0.016  0.262 -0.134  0.055 -0.016]
 [ 0.     0.     0.     0.     0.     0.     0.     0.     0.     0.    -0.    -0.243 -0.042 -0.014 -0.004 -0.001 -0.436  0.65  -0.517  0.242]
 [ 0.     0.     0.     0.     0.     0.     0.     0.     0.     0.    -0.    -0.139 -0.017 -0.004 -0.001 -0.    -0.528  0.22   0.484 -0.648]
 [ 0.     0.     0.     0.     0.     0.     0.     0.     0.     0.    -0.    -0.091 -0.009 -0.002 -0.    -0.    -0.525 -0.294  0.429  0.668]
 [ 0.     0.     0.     0.     0.     0.     0.     0.     0.     0.     0.    -0.055 -0.005 -0.001 -0.    -0.    -0.431 -0.652 -0.558 -0.274]]
******************************************
h0_0 = 
[[-0.25  -0.158  0.113  0.    -0.     0.    -0.113 -0.     0.     0.     0.     0.     0.     0.     0.     0.     0.     0.     0.     0.   ]
 [-0.158 -0.     0.113 -0.     0.    -0.     0.113 -0.     0.     0.     0.     0.     0.     0.     0.     0.     0.     0.     0.     0.   ]
 [ 0.113  0.113 -0.514  0.238 -0.     0.     0.     0.    -0.    -0.     0.     0.     0.     0.     0.     0.     0.     0.     0.     0.   ]
 [ 0.    -0.     0.238 -0.551  0.212 -0.    -0.    -0.    -0.     0.     0.     0.     0.     0.     0.     0.     0.     0.     0.     0.   ]
 [-0.     0.    -0.     0.212 -0.563  0.16   0.     0.    -0.    -0.     0.     0.     0.     0.     0.     0.     0.     0.     0.     0.   ]
 [ 0.    -0.    -0.    -0.     0.16  -0.564 -0.     0.    -0.    -0.     0.     0.     0.     0.     0.     0.     0.     0.     0.     0.   ]
 [-0.113  0.113  0.    -0.     0.    -0.     0.514  0.238 -0.     0.     0.     0.     0.     0.     0.     0.     0.     0.     0.     0.   ]
 [-0.    -0.     0.    -0.     0.     0.     0.238  0.551  0.212  0.     0.     0.     0.     0.     0.     0.     0.     0.     0.     0.   ]
 [ 0.     0.    -0.    -0.    -0.    -0.    -0.     0.212  0.563  0.16   0.     0.     0.     0.     0.     0.     0.     0.     0.     0.   ]
 [ 0.     0.    -0.     0.    -0.    -0.     0.     0.     0.16   0.564  0.     0.     0.     0.     0.     0.     0.     0.     0.     0.   ]
 [ 0.     0.     0.     0.     0.     0.     0.     0.     0.     0.    -0.25  -0.158  0.113  0.    -0.     0.    -0.113 -0.     0.     0.   ]
 [ 0.     0.     0.     0.     0.     0.     0.     0.     0.     0.    -0.158 -0.     0.113 -0.     0.    -0.     0.113 -0.     0.     0.   ]
 [ 0.     0.     0.     0.     0.     0.     0.     0.     0.     0.     0.113  0.113 -0.514  0.238 -0.     0.     0.     0.    -0.    -0.   ]
 [ 0.     0.     0.     0.     0.     0.     0.     0.     0.     0.     0.    -0.     0.238 -0.551  0.212 -0.    -0.    -0.    -0.     0.   ]
 [ 0.     0.     0.     0.     0.     0.     0.     0.     0.     0.    -0.     0.    -0.     0.212 -0.563  0.16   0.     0.    -0.    -0.   ]
 [ 0.     0.     0.     0.     0.     0.     0.     0.     0.     0.     0.    -0.    -0.    -0.     0.16  -0.564 -0.     0.    -0.    -0.   ]
 [ 0.     0.     0.     0.     0.     0.     0.     0.     0.     0.    -0.113  0.113  0.    -0.     0.    -0.     0.514  0.238 -0.     0.   ]
 [ 0.     0.     0.     0.     0.     0.     0.     0.     0.     0.    -0.    -0.     0.    -0.     0.     0.     0.238  0.551  0.212  0.   ]
 [ 0.     0.     0.     0.     0.     0.     0.     0.     0.     0.     0.     0.    -0.    -0.    -0.    -0.    -0.     0.212  0.563  0.16 ]
 [ 0.     0.     0.     0.     0.     0.     0.     0.     0.     0.     0.     0.    -0.     0.    -0.    -0.     0.     0.     0.16   0.564]]
h0_legacy = 
[[-0.25   0.057  0.073  0.08   0.083  0.084  0.083  0.08   0.073  0.057  0.     0.     0.     0.     0.     0.     0.     0.     0.     0.   ]
 [ 0.057 -0.889  0.     0.     0.     0.     0.     0.     0.     0.     0.    -0.     0.     0.     0.     0.     0.     0.     0.     0.   ]
 [ 0.073  0.    -0.667  0.     0.     0.     0.     0.     0.     0.     0.     0.    -0.     0.     0.     0.     0.     0.     0.     0.   ]
 [ 0.08   0.     0.    -0.444  0.     0.     0.     0.     0.     0.     0.     0.     0.    -0.     0.     0.     0.     0.     0.     0.   ]
 [ 0.083  0.     0.     0.    -0.222  0.     0.     0.     0.     0.     0.     0.     0.     0.    -0.     0.     0.     0.     0.     0.   ]
 [ 0.084  0.     0.     0.     0.    -0.     0.     0.     0.     0.     0.     0.     0.     0.     0.    -0.     0.     0.     0.     0.   ]
 [ 0.083  0.     0.     0.     0.     0.     0.222  0.     0.     0.     0.     0.     0.     0.     0.     0.     0.     0.     0.     0.   ]
 [ 0.08   0.     0.     0.     0.     0.     0.     0.444  0.     0.     0.     0.     0.     0.     0.     0.     0.     0.     0.     0.   ]
 [ 0.073  0.     0.     0.     0.     0.     0.     0.     0.667  0.     0.     0.     0.     0.     0.     0.     0.     0.     0.     0.   ]
 [ 0.057  0.     0.     0.     0.     0.     0.     0.     0.     0.889  0.     0.     0.     0.     0.     0.     0.     0.     0.     0.   ]
 [ 0.     0.     0.     0.     0.     0.     0.     0.     0.     0.    -0.25   0.057  0.073  0.08   0.083  0.084  0.083  0.08   0.073  0.057]
 [ 0.    -0.     0.     0.     0.     0.     0.     0.     0.     0.     0.057 -0.889  0.     0.     0.     0.     0.     0.     0.     0.   ]
 [ 0.     0.    -0.     0.     0.     0.     0.     0.     0.     0.     0.073  0.    -0.667  0.     0.     0.     0.     0.     0.     0.   ]
 [ 0.     0.     0.    -0.     0.     0.     0.     0.     0.     0.     0.08   0.     0.    -0.444  0.     0.     0.     0.     0.     0.   ]
 [ 0.     0.     0.     0.    -0.     0.     0.     0.     0.     0.     0.083  0.     0.     0.    -0.222  0.     0.     0.     0.     0.   ]
 [ 0.     0.     0.     0.     0.    -0.     0.     0.     0.     0.     0.084  0.     0.     0.     0.    -0.     0.     0.     0.     0.   ]
 [ 0.     0.     0.     0.     0.     0.     0.     0.     0.     0.     0.083  0.     0.     0.     0.     0.     0.222  0.     0.     0.   ]
 [ 0.     0.     0.     0.     0.     0.     0.     0.     0.     0.     0.08   0.     0.     0.     0.     0.     0.     0.444  0.     0.   ]
 [ 0.     0.     0.     0.     0.     0.     0.     0.     0.     0.     0.073  0.     0.     0.     0.     0.     0.     0.     0.667  0.   ]
 [ 0.     0.     0.     0.     0.     0.     0.     0.     0.     0.     0.057  0.     0.     0.     0.     0.     0.     0.     0.     0.889]]
Partitioning system: 1 impurity orbitals, 9 bath orbitals.
Generating basis for 1 electrons on impurity and 9 on bath.
Found 2 impurity configurations and 2 bath configurations.
Retaining only Sz=0 in starting basis
Generated a total of 2 unique starting determinants.
sb = [<SlaterDeterminant α=[0, 2, 3, 4, 5] β=[1, 2, 3, 4, 5]>, <SlaterDeterminant α=[1, 2, 3, 4, 5] β=[0, 2, 3, 4, 5]>]
DEBUG: build ham time = 0.0007870197296142578
[init] dim=2  E0=-4.632055910765
blocks = [0.0], time block = 2.193450927734375e-05
apply_ham time = 2.5987625122070312e-05
gen basis time = 6.318092346191406e-05
sel basis time = 4.291534423828125e-05
Found 1 S_z blocks: [0.0]
  Processing Sz=0.0 block of size 12x12
DEBUG: build ham time = 0.0006380081176757812
DEBUG: finished rearranging vectors
DEBUG: for basis size 12, ham diag time = 0.0009012222290039062
[iter 0] dim=    12  Es=[-4.851310535065 -4.724147260158]  |dE0|=2.193e-01
blocks = [0.0], time block = 1.4066696166992188e-05
apply_ham time = 7.700920104980469e-05
gen basis time = 0.00013208389282226562
sel basis time = 5.793571472167969e-05
Found 1 S_z blocks: [0.0]
  Processing Sz=0.0 block of size 32x32
DEBUG: build ham time = 0.0006158351898193359
DEBUG: finished rearranging vectors
DEBUG: for basis size 32, ham diag time = 0.0009100437164306641
[iter 1] dim=    32  Es=[-4.852386987908 -4.750777748742]  |dE0|=1.076e-03
blocks = [0.0], time block = 2.8848648071289062e-05
apply_ham time = 0.00017976760864257812
gen basis time = 0.0002818107604980469
sel basis time = 9.894371032714844e-05
Found 1 S_z blocks: [0.0]
  Processing Sz=0.0 block of size 72x72
DEBUG: build ham time = 0.0006949901580810547
DEBUG: finished rearranging vectors
DEBUG: for basis size 72, ham diag time = 0.06584906578063965
[iter 2] dim=    72  Es=[-4.852688966701 -4.759902037821]  |dE0|=3.020e-04
blocks = [0.0], time block = 6.794929504394531e-05
apply_ham time = 0.0004458427429199219
gen basis time = 0.000659942626953125
sel basis time = 0.00019693374633789062
Found 1 S_z blocks: [0.0]
  Processing Sz=0.0 block of size 152x152
DEBUG: build ham time = 0.00102996826171875
DEBUG: finished rearranging vectors
DEBUG: for basis size 152, ham diag time = 0.011648893356323242
[iter 3] dim=   152  Es=[-4.852770744545 -4.762741201566]  |dE0|=8.178e-05
blocks = [0.0], time block = 0.00013518333435058594
apply_ham time = 0.0008831024169921875
gen basis time = 0.0012979507446289062
sel basis time = 0.0003371238708496094
Found 1 S_z blocks: [0.0]
  Processing Sz=0.0 block of size 288x288
DEBUG: build ham time = 0.0012030601501464844
DEBUG: finished rearranging vectors
DEBUG: for basis size 288, ham diag time = 0.07648587226867676
[iter 4] dim=   288  Es=[-4.852791414570 -4.763458225756]  |dE0|=2.067e-05
blocks = [0.0], time block = 0.00024819374084472656
apply_ham time = 0.0017888545989990234
gen basis time = 0.002536773681640625
sel basis time = 0.0005629062652587891
Found 1 S_z blocks: [0.0]
  Processing Sz=0.0 block of size 516x516
DEBUG: build ham time = 0.001950979232788086
DEBUG: finished rearranging vectors
DEBUG: for basis size 516, ham diag time = 0.09492897987365723
[iter 5] dim=   516  Es=[-4.852796261667 -4.763597344768]  |dE0|=4.847e-06
[conv] reached |dE| < 1e-05
Found 1 S_z blocks: [0.0]
  Processing Sz=0.0 block of size 516x516
DEBUG: build ham time = 0.0020570755004882812
DEBUG: finished rearranging vectors
sci total time : 0.31313300132751465
energies = [-4.853 -4.764], e0 = -4.852796261666759
len basis = 516
len(basis(psis0)) = 516
rdm : 
[[ 0.5  +0.j  0.439+0.j -0.002+0.j  0.002+0.j  0.001+0.j  0.   +0.j  0.002+0.j  0.002+0.j -0.001+0.j  0.   +0.j  0.   +0.j  0.   +0.j  0.   +0.j  0.   +0.j  0.   +0.j  0.   +0.j  0.   +0.j  0.   +0.j  0.   +0.j  0.   +0.j]
 [ 0.439+0.j  0.5  +0.j -0.017+0.j -0.008+0.j -0.003+0.j -0.001+0.j -0.017+0.j  0.008+0.j -0.003+0.j  0.001+0.j  0.   +0.j  0.   +0.j  0.   +0.j  0.   +0.j  0.   +0.j  0.   +0.j  0.   +0.j  0.   +0.j  0.   +0.j  0.   +0.j]
 [-0.002+0.j -0.017+0.j  0.997+0.j -0.001+0.j -0.   +0.j -0.   +0.j -0.   +0.j  0.001+0.j -0.001+0.j  0.   +0.j  0.   +0.j  0.   +0.j  0.   +0.j  0.   +0.j  0.   +0.j  0.   +0.j  0.   +0.j  0.   +0.j  0.   +0.j  0.   +0.j]
 [ 0.002+0.j -0.008+0.j -0.001+0.j  1.   +0.j -0.   +0.j -0.   +0.j  0.001+0.j  0.   +0.j -0.   +0.j  0.   +0.j  0.   +0.j  0.   +0.j  0.   +0.j  0.   +0.j  0.   +0.j  0.   +0.j  0.   +0.j  0.   +0.j  0.   +0.j  0.   +0.j]
 [ 0.001+0.j -0.003+0.j -0.   +0.j -0.   +0.j  1.   +0.j -0.   +0.j  0.001+0.j -0.   +0.j  0.   +0.j  0.   +0.j  0.   +0.j  0.   +0.j  0.   +0.j  0.   +0.j  0.   +0.j  0.   +0.j  0.   +0.j  0.   +0.j  0.   +0.j  0.   +0.j]
 [ 0.   +0.j -0.001+0.j -0.   +0.j -0.   +0.j -0.   +0.j  1.   +0.j  0.   +0.j -0.   +0.j  0.   +0.j  0.   +0.j  0.   +0.j  0.   +0.j  0.   +0.j  0.   +0.j  0.   +0.j  0.   +0.j  0.   +0.j  0.   +0.j  0.   +0.j  0.   +0.j]
 [ 0.002+0.j -0.017+0.j -0.   +0.j  0.001+0.j  0.001+0.j  0.   +0.j  0.003+0.j -0.001+0.j  0.   +0.j -0.   +0.j  0.   +0.j  0.   +0.j  0.   +0.j  0.   +0.j  0.   +0.j  0.   +0.j  0.   +0.j  0.   +0.j  0.   +0.j  0.   +0.j]
 [ 0.002+0.j  0.008+0.j  0.001+0.j  0.   +0.j -0.   +0.j -0.   +0.j -0.001+0.j  0.   +0.j -0.   +0.j  0.   +0.j  0.   +0.j  0.   +0.j  0.   +0.j  0.   +0.j  0.   +0.j  0.   +0.j  0.   +0.j  0.   +0.j  0.   +0.j  0.   +0.j]
 [-0.001+0.j -0.003+0.j -0.001+0.j -0.   +0.j  0.   +0.j  0.   +0.j  0.   +0.j -0.   +0.j  0.   +0.j -0.   +0.j  0.   +0.j  0.   +0.j  0.   +0.j  0.   +0.j  0.   +0.j  0.   +0.j  0.   +0.j  0.   +0.j  0.   +0.j  0.   +0.j]
 [ 0.   +0.j  0.001+0.j  0.   +0.j  0.   +0.j  0.   +0.j  0.   +0.j -0.   +0.j  0.   +0.j -0.   +0.j  0.   +0.j  0.   +0.j  0.   +0.j  0.   +0.j  0.   +0.j  0.   +0.j  0.   +0.j  0.   +0.j  0.   +0.j  0.   +0.j  0.   +0.j]
 [ 0.   +0.j  0.   +0.j  0.   +0.j  0.   +0.j  0.   +0.j  0.   +0.j  0.   +0.j  0.   +0.j  0.   +0.j  0.   +0.j  0.5  +0.j  0.439+0.j -0.002+0.j  0.002+0.j  0.001+0.j  0.   +0.j  0.002+0.j  0.002+0.j -0.001+0.j  0.   +0.j]
 [ 0.   +0.j  0.   +0.j  0.   +0.j  0.   +0.j  0.   +0.j  0.   +0.j  0.   +0.j  0.   +0.j  0.   +0.j  0.   +0.j  0.439+0.j  0.5  +0.j -0.017+0.j -0.008+0.j -0.003+0.j -0.001+0.j -0.017+0.j  0.008+0.j -0.003+0.j  0.001+0.j]
 [ 0.   +0.j  0.   +0.j  0.   +0.j  0.   +0.j  0.   +0.j  0.   +0.j  0.   +0.j  0.   +0.j  0.   +0.j  0.   +0.j -0.002+0.j -0.017+0.j  0.997+0.j -0.001+0.j -0.   +0.j -0.   +0.j  0.   +0.j  0.001+0.j -0.001+0.j  0.   +0.j]
 [ 0.   +0.j  0.   +0.j  0.   +0.j  0.   +0.j  0.   +0.j  0.   +0.j  0.   +0.j  0.   +0.j  0.   +0.j  0.   +0.j  0.002+0.j -0.008+0.j -0.001+0.j  1.   +0.j -0.   +0.j -0.   +0.j  0.001+0.j  0.   +0.j -0.   +0.j  0.   +0.j]
 [ 0.   +0.j  0.   +0.j  0.   +0.j  0.   +0.j  0.   +0.j  0.   +0.j  0.   +0.j  0.   +0.j  0.   +0.j  0.   +0.j  0.001+0.j -0.003+0.j -0.   +0.j -0.   +0.j  1.   +0.j -0.   +0.j  0.001+0.j -0.   +0.j  0.   +0.j  0.   +0.j]
 [ 0.   +0.j  0.   +0.j  0.   +0.j  0.   +0.j  0.   +0.j  0.   +0.j  0.   +0.j  0.   +0.j  0.   +0.j  0.   +0.j  0.   +0.j -0.001+0.j -0.   +0.j -0.   +0.j -0.   +0.j  1.   +0.j  0.   +0.j -0.   +0.j  0.   +0.j  0.   +0.j]
 [ 0.   +0.j  0.   +0.j  0.   +0.j  0.   +0.j  0.   +0.j  0.   +0.j  0.   +0.j  0.   +0.j  0.   +0.j  0.   +0.j  0.002+0.j -0.017+0.j  0.   +0.j  0.001+0.j  0.001+0.j  0.   +0.j  0.003+0.j -0.001+0.j  0.   +0.j -0.   +0.j]
 [ 0.   +0.j  0.   +0.j  0.   +0.j  0.   +0.j  0.   +0.j  0.   +0.j  0.   +0.j  0.   +0.j  0.   +0.j  0.   +0.j  0.002+0.j  0.008+0.j  0.001+0.j  0.   +0.j -0.   +0.j -0.   +0.j -0.001+0.j  0.   +0.j -0.   +0.j  0.   +0.j]
 [ 0.   +0.j  0.   +0.j  0.   +0.j  0.   +0.j  0.   +0.j  0.   +0.j  0.   +0.j  0.   +0.j  0.   +0.j  0.   +0.j -0.001+0.j -0.003+0.j -0.001+0.j -0.   +0.j  0.   +0.j  0.   +0.j  0.   +0.j -0.   +0.j  0.   +0.j -0.   +0.j]
 [ 0.   +0.j  0.   +0.j  0.   +0.j  0.   +0.j  0.   +0.j  0.   +0.j  0.   +0.j  0.   +0.j  0.   +0.j  0.   +0.j  0.   +0.j  0.001+0.j  0.   +0.j  0.   +0.j  0.   +0.j  0.   +0.j -0.   +0.j  0.   +0.j -0.   +0.j  0.   +0.j]]
impurity occupation: (1.0000000000000795+0j)
total occupation : (9.999999999999993+0j)
target_indices = [0, 10]
 Founds blocks : [[0], [1]]
  Symmetry: is_diagonal=True. Found 1 unique group(s) of blocks.
  Computing representative g_(0,0) via Scalar CF...
DEBUG: build ham time = 0.00197601318359375
DEBUG: build ham time = 0.0020530223846435547

Thermally-averaged calculation finished.
Data saved to 'dump/A_9'
