******************************************
******************************************
NF = 116, M = 58, Nimp = 2
******************************************
[[-0.75   0.     0.    ...  0.     0.     0.   ]
 [ 0.    -0.75   0.    ...  0.     0.     0.   ]
 [ 0.     0.    -0.75  ...  0.     0.041  0.   ]
 ...
 [ 0.     0.     0.    ...  2.036  0.     0.   ]
 [ 0.     0.     0.041 ...  0.     2.179  0.   ]
 [ 0.     0.     0.    ...  0.     0.     2.179]]
************
[[-0.75   0.     0.041 ...  0.     0.     0.   ]
 [ 0.    -0.75   0.    ...  0.059  0.053  0.041]
 [ 0.041  0.    -2.179 ...  0.     0.     0.   ]
 ...
 [ 0.     0.059  0.    ...  1.893  0.     0.   ]
 [ 0.     0.053  0.    ...  0.     2.036  0.   ]
 [ 0.     0.041  0.    ...  0.     0.     2.179]]
h0_0 size:  (116, 116)
U_0 size:  (116, 116, 116, 116)
Going with Nelec_imp = 2, nbath = 56, Nelec = 58
imp_indices_full = [0, 1, 58, 59]
h0_0 = 
[[-0.75   0.     0.041 ...  0.     0.     0.   ]
 [ 0.    -0.75   0.    ...  0.     0.     0.   ]
 [ 0.041  0.    -2.179 ...  0.     0.     0.   ]
 ...
 [ 0.     0.     0.    ...  1.893  0.     0.   ]
 [ 0.     0.     0.    ...  0.     2.036  0.   ]
 [ 0.     0.     0.    ...  0.     0.     2.179]]


--------------------------------------------------------------
Mean-Field Self-Consistent Procedure with block handling
--------------------------------------------------------------
[V1] mfscf proc with Ne=58, maxiter=100, alpha=0.2, threshold=1e-07, spinsym_only = False
[V1] Symmetry analysis found 4 blocks.
[V1] Found 1 unique groups of blocks.
[V1] Blocks: [[0, 2, 3, 4, 5, 6, 7, 8, 9, 10, 11, 12, 13, 14, 15, 16, 17, 18, 19, 20, 21, 22, 23, 24, 25, 26, 27, 28, 29], [1, 30, 31, 32, 33, 34, 35, 36, 37, 38, 39, 40, 41, 42, 43, 44, 45, 46, 47, 48, 49, 50, 51, 52, 53, 54, 55, 56, 57], [58, 60, 61, 62, 63, 64, 65, 66, 67, 68, 69, 70, 71, 72, 73, 74, 75, 76, 77, 78, 79, 80, 81, 82, 83, 84, 85, 86, 87], [59, 88, 89, 90, 91, 92, 93, 94, 95, 96, 97, 98, 99, 100, 101, 102, 103, 104, 105, 106, 107, 108, 109, 110, 111, 112, 113, 114, 115]]
[V1] Identical Groups (by block index): [[0, 1, 2, 3]]
[V1] iter 0, Tr(rho*h0) = -67.34464542
[V1] Ne = 58, initial tr(rho) = 58.00000000+0.00000000j
[V1] mixing parameter: α = 0.2
[V2] Number of non-zero U elements: 16
[V1] Iter         E_total          E_corr        ΔE_total
[V2] U is sparse, using nzU
[V1]    1    -64.54056546     -2.80407996      1.0645e+03
[V1]   10    -66.03787145     -0.40836294      2.9668e-02
[V1]   20    -66.14052770     -0.36468361      3.0654e-03
[V1]   30    -66.15147246     -0.36441730      3.2914e-04
[V1]   40    -66.15264764     -0.36441584      3.5341e-05
[V1]   50    -66.15277382     -0.36441583      3.7947e-06
[V1]   60    -66.15278737     -0.36441583      4.0744e-07
[V1] Converged in 67 iterations.
[V1] Final tr(rho) = 58.00000000+0.00000000j
[V2] Reordering final eigenvectors to spin-blocked convention...
hmf = 
[[-0.227  0.     0.041 ...  0.     0.     0.   ]
 [ 0.    -0.227  0.    ...  0.     0.     0.   ]
 [ 0.041  0.    -2.179 ...  0.     0.     0.   ]
 ...
 [ 0.     0.     0.    ...  1.893  0.     0.   ]
 [ 0.     0.     0.    ...  0.     2.036  0.   ]
 [ 0.     0.     0.    ...  0.     0.     2.179]]
DEBUG, Nimp_sf = 4
hmf_ab = 
[[-0.227+0.j  0.   +0.j  0.   +0.j ...  0.   +0.j  0.   +0.j  0.   +0.j]
 [ 0.   +0.j -0.227+0.j  0.   +0.j ...  0.   +0.j  0.   +0.j  0.   +0.j]
 [ 0.   +0.j  0.   +0.j -0.227+0.j ...  0.   +0.j  0.041+0.j  0.   +0.j]
 ...
 [ 0.   +0.j  0.   +0.j  0.   +0.j ...  2.036+0.j  0.   +0.j  0.   +0.j]
 [ 0.   +0.j  0.   +0.j  0.041+0.j ...  0.   +0.j  2.179+0.j  0.   +0.j]
 [ 0.   +0.j  0.   +0.j  0.   +0.j ...  0.   +0.j  0.   +0.j  2.179+0.j]]

--- Analyzed Structure ---
Found 4 blocks
Blocks: [[0, 4, 6, 8, 10, 12, 14, 16, 18, 20, 22, 24, 26, 28, 30, 32, 34, 36, 38, 40, 42, 44, 46, 48, 50, 52, 54, 56, 58], [1, 5, 7, 9, 11, 13, 15, 17, 19, 21, 23, 25, 27, 29, 31, 33, 35, 37, 39, 41, 43, 45, 47, 49, 51, 53, 55, 57, 59], [2, 60, 62, 64, 66, 68, 70, 72, 74, 76, 78, 80, 82, 84, 86, 88, 90, 92, 94, 96, 98, 100, 102, 104, 106, 108, 110, 112, 114], [3, 61, 63, 65, 67, 69, 71, 73, 75, 77, 79, 81, 83, 85, 87, 89, 91, 93, 95, 97, 99, 101, 103, 105, 107, 109, 111, 113, 115]]
Identical Groups (by block index): [[0, 1, 2, 3]]
[blocks] 4 blocks; identical groups: [[0, 1, 2, 3]]
[check] Tr rho = 57.999999999952, sum blocks = 56.000000000000, Nelec = 58
[leader block 0] size=29 Nimp_b=1 Nelec_b=14
DEBUG: C1 = 
[[ 1.     0.     0.     0.     0.     0.     0.     0.     0.     0.     0.     0.     0.     0.     0.     0.     0.     0.     0.     0.     0.     0.     0.     0.     0.     0.     0.     0.     0.   ]
 [ 0.     0.046  0.063  0.    -0.157  0.     0.    -0.613  0.    -0.    -0.657  0.     0.     0.392 -0.09   0.     0.     0.     0.     0.     0.001  0.     0.     0.     0.     0.    -0.     0.     0.   ]
 [ 0.     0.064  0.148  0.122 -0.449  0.378 -0.523 -0.246 -0.153 -0.321  0.325  0.135  0.16  -0.037  0.067  0.     0.     0.     0.    -0.     0.002  0.     0.     0.     0.    -0.    -0.     0.     0.   ]
 [ 0.     0.077 -0.07  -0.163  0.14   0.45  -0.077  0.114  0.077  0.583  0.014  0.437  0.251  0.301  0.175  0.     0.     0.     0.    -0.     0.002  0.     0.     0.     0.    -0.    -0.     0.     0.   ]
 [ 0.     0.089 -0.047 -0.106  0.084  0.396 -0.233  0.137  0.26   0.024 -0.272 -0.107 -0.027 -0.365 -0.674  0.     0.     0.001  0.    -0.     0.003  0.     0.     0.     0.    -0.    -0.     0.     0.   ]
 [ 0.     0.102 -0.125  0.129  0.19   0.396  0.01  -0.148  0.202 -0.089 -0.137 -0.03  -0.58  -0.256  0.521  0.     0.     0.001  0.    -0.     0.004  0.     0.     0.     0.    -0.    -0.     0.     0.   ]
 [ 0.     0.116  0.474 -0.233 -0.418 -0.179 -0.247  0.259  0.321  0.302 -0.05  -0.252 -0.281  0.099  0.152  0.     0.     0.001  0.    -0.     0.004  0.     0.     0.     0.    -0.    -0.     0.     0.   ]
 [ 0.     0.132 -0.119  0.314 -0.012  0.069  0.074  0.153  0.232 -0.181  0.27   0.123 -0.413  0.613 -0.339  0.     0.     0.001  0.    -0.     0.005  0.     0.     0.     0.    -0.    -0.     0.     0.   ]
 [ 0.     0.151  0.048  0.122  0.168  0.318 -0.024  0.351 -0.198 -0.197 -0.187 -0.61   0.291  0.32   0.189  0.     0.     0.001  0.    -0.     0.006  0.     0.     0.     0.    -0.    -0.     0.     0.   ]
 [ 0.     0.174 -0.298 -0.219  0.012 -0.157 -0.389  0.216 -0.641  0.05  -0.179  0.12  -0.38   0.06  -0.043  0.     0.     0.001  0.    -0.     0.008  0.     0.     0.     0.    -0.    -0.     0.     0.   ]
 [ 0.     0.205  0.2   -0.012  0.238 -0.24  -0.209  0.282  0.268 -0.475 -0.308  0.476  0.188  0.001  0.161  0.     0.     0.002  0.    -0.     0.01   0.     0.     0.     0.    -0.    -0.     0.001  0.   ]
 [ 0.     0.248 -0.489  0.106 -0.641  0.016  0.307  0.258  0.106 -0.033 -0.211  0.088  0.153 -0.134  0.103  0.     0.     0.002  0.    -0.     0.013  0.     0.     0.     0.001 -0.    -0.     0.001  0.   ]
 [ 0.     0.313  0.542  0.436 -0.036  0.107  0.325  0.092 -0.382  0.171 -0.102  0.209 -0.093 -0.194 -0.125  0.     0.     0.003  0.    -0.     0.018  0.001  0.001  0.     0.001 -0.    -0.001  0.002  0.   ]
 [ 0.     0.429  0.126 -0.688  0.004  0.164  0.394 -0.133 -0.07  -0.273  0.2    0.009 -0.048  0.046 -0.052  0.     0.     0.004  0.    -0.001  0.027  0.001  0.001  0.     0.002 -0.001 -0.001  0.003  0.001]
 [ 0.     0.704 -0.182  0.201  0.199 -0.286 -0.22  -0.278  0.145  0.229  0.195 -0.19   0.163 -0.081  0.003  0.001  0.001  0.006  0.001 -0.001  0.05   0.003  0.002  0.     0.005 -0.001 -0.003  0.007  0.001]
 [ 0.     0.022 -0.001  0.     0.002 -0.003  0.001 -0.003  0.     0.001  0.002 -0.001  0.002 -0.001 -0.    -0.066 -0.416  0.151 -0.042  0.151 -0.254 -0.314 -0.564 -0.013 -0.276 -0.093 -0.114 -0.416  0.153]
 [ 0.     0.024 -0.001  0.     0.002 -0.003  0.001 -0.003  0.     0.001  0.002 -0.001  0.002 -0.001 -0.     0.03   0.323  0.284 -0.015  0.079 -0.373  0.04   0.205  0.414  0.057 -0.109  0.517 -0.393  0.13 ]
 [ 0.     0.023 -0.001  0.     0.001 -0.002  0.001 -0.002  0.     0.001  0.002 -0.001  0.001 -0.001 -0.     0.135  0.157 -0.026 -0.111 -0.272 -0.318  0.026  0.137 -0.189 -0.655 -0.215 -0.017  0.029 -0.486]
 [ 0.     0.022 -0.001  0.     0.001 -0.002  0.001 -0.002  0.     0.001  0.002 -0.001  0.001 -0.001 -0.    -0.509  0.005 -0.112  0.064 -0.018 -0.298 -0.169  0.362 -0.434 -0.1    0.449  0.057 -0.104  0.248]
 [ 0.     0.02  -0.     0.     0.001 -0.002  0.001 -0.002  0.     0.001  0.002 -0.001  0.001 -0.001 -0.    -0.011 -0.033  0.21   0.313  0.146 -0.364  0.121 -0.105  0.008  0.373  0.33  -0.223 -0.078 -0.611]
 [ 0.     0.019 -0.     0.     0.001 -0.002  0.001 -0.001  0.     0.001  0.001 -0.001  0.001 -0.001 -0.     0.242  0.58  -0.156  0.047 -0.066 -0.307  0.099 -0.513 -0.258  0.08   0.106 -0.041  0.161  0.308]
 [ 0.     0.017 -0.     0.     0.001 -0.001  0.001 -0.001  0.     0.     0.001 -0.     0.001 -0.001 -0.     0.065 -0.173 -0.506 -0.375 -0.103 -0.187 -0.235 -0.141  0.385  0.047  0.387  0.283  0.19  -0.178]
 [ 0.     0.016 -0.     0.     0.001 -0.001  0.    -0.001 -0.     0.     0.001 -0.     0.001 -0.001 -0.     0.177 -0.106 -0.507 -0.278  0.348 -0.179  0.284  0.192 -0.244  0.236 -0.282 -0.125 -0.375 -0.019]
 [ 0.     0.015 -0.    -0.     0.001 -0.001  0.    -0.001 -0.     0.     0.001 -0.     0.001 -0.001 -0.     0.404 -0.102 -0.026  0.321  0.395 -0.27  -0.461  0.298  0.036 -0.042 -0.129 -0.073  0.381  0.149]
 [ 0.     0.013 -0.    -0.     0.    -0.001  0.    -0.001 -0.     0.     0.001 -0.     0.001 -0.    -0.     0.109 -0.233  0.409 -0.5   -0.144 -0.339  0.285  0.156  0.086  0.064  0.099 -0.329  0.265  0.273]
 [ 0.     0.012 -0.    -0.     0.    -0.001  0.    -0.001 -0.     0.     0.001 -0.     0.    -0.    -0.    -0.234 -0.337 -0.126  0.324  0.15  -0.202  0.564 -0.158  0.039 -0.176 -0.141  0.352  0.347  0.085]
 [ 0.     0.011 -0.    -0.     0.    -0.001  0.    -0.001 -0.     0.     0.001 -0.     0.    -0.    -0.    -0.434  0.217 -0.29   0.152 -0.09  -0.171 -0.023  0.04   0.51  -0.043 -0.242 -0.538  0.013  0.088]
 [ 0.     0.009 -0.    -0.     0.    -0.001  0.    -0.    -0.     0.     0.    -0.     0.    -0.    -0.     0.258 -0.306 -0.141  0.362 -0.723 -0.149 -0.028  0.09  -0.043  0.249 -0.117  0.034 -0.189  0.144]
 [ 0.     0.007 -0.    -0.     0.    -0.     0.    -0.    -0.     0.     0.    -0.     0.    -0.    -0.    -0.372  0.014  0.114 -0.227 -0.097 -0.169 -0.311 -0.108 -0.243  0.421 -0.514  0.202  0.285 -0.17 ]]
DEBUG: C2 = 
[[ 1.  0.  0.  0.  0.  0.  0.  0.  0.  0.  0.  0.  0.  0.  0.  0.  0.  0.  0.  0.  0.  0.  0.  0.  0.  0.  0.  0.  0.]
 [ 0. -1.  0.  0.  0.  0.  0.  0.  0.  0.  0.  0.  0.  0.  0.  0.  0.  0.  0.  0.  0.  0.  0.  0.  0.  0.  0.  0.  0.]
 [ 0.  0.  1.  0.  0.  0.  0.  0.  0.  0.  0.  0.  0.  0.  0.  0.  0.  0.  0.  0.  0.  0.  0.  0.  0.  0.  0.  0.  0.]
 [ 0.  0.  0.  1.  0.  0.  0.  0.  0.  0.  0.  0.  0.  0.  0.  0.  0.  0.  0.  0.  0.  0.  0.  0.  0.  0.  0.  0.  0.]
 [ 0.  0.  0.  0.  1.  0.  0.  0.  0.  0.  0.  0.  0.  0.  0.  0.  0.  0.  0.  0.  0.  0.  0.  0.  0.  0.  0.  0.  0.]
 [ 0.  0.  0.  0.  0.  1.  0.  0.  0.  0.  0.  0.  0.  0.  0.  0.  0.  0.  0.  0.  0.  0.  0.  0.  0.  0.  0.  0.  0.]
 [ 0.  0.  0.  0.  0.  0.  1.  0.  0.  0.  0.  0.  0.  0.  0.  0.  0.  0.  0.  0.  0.  0.  0.  0.  0.  0.  0.  0.  0.]
 [ 0.  0.  0.  0.  0.  0.  0.  1.  0.  0.  0.  0.  0.  0.  0.  0.  0.  0.  0.  0.  0.  0.  0.  0.  0.  0.  0.  0.  0.]
 [ 0.  0.  0.  0.  0.  0.  0.  0.  1.  0.  0.  0.  0.  0.  0.  0.  0.  0.  0.  0.  0.  0.  0.  0.  0.  0.  0.  0.  0.]
 [ 0.  0.  0.  0.  0.  0.  0.  0.  0.  1.  0.  0.  0.  0.  0.  0.  0.  0.  0.  0.  0.  0.  0.  0.  0.  0.  0.  0.  0.]
 [ 0.  0.  0.  0.  0.  0.  0.  0.  0.  0.  1.  0.  0.  0.  0.  0.  0.  0.  0.  0.  0.  0.  0.  0.  0.  0.  0.  0.  0.]
 [ 0.  0.  0.  0.  0.  0.  0.  0.  0.  0.  0.  1.  0.  0.  0.  0.  0.  0.  0.  0.  0.  0.  0.  0.  0.  0.  0.  0.  0.]
 [ 0.  0.  0.  0.  0.  0.  0.  0.  0.  0.  0.  0.  1.  0.  0.  0.  0.  0.  0.  0.  0.  0.  0.  0.  0.  0.  0.  0.  0.]
 [ 0.  0.  0.  0.  0.  0.  0.  0.  0.  0.  0.  0.  0.  1.  0.  0.  0.  0.  0.  0.  0.  0.  0.  0.  0.  0.  0.  0.  0.]
 [ 0.  0.  0.  0.  0.  0.  0.  0.  0.  0.  0.  0.  0.  0.  1.  0.  0.  0.  0.  0.  0.  0.  0.  0.  0.  0.  0.  0.  0.]
 [ 0.  0.  0.  0.  0.  0.  0.  0.  0.  0.  0.  0.  0.  0.  0.  1.  0.  0.  0.  0.  0.  0.  0.  0.  0.  0.  0.  0.  0.]
 [ 0.  0.  0.  0.  0.  0.  0.  0.  0.  0.  0.  0.  0.  0.  0.  0.  1.  0.  0.  0.  0.  0.  0.  0.  0.  0.  0.  0.  0.]
 [ 0.  0.  0.  0.  0.  0.  0.  0.  0.  0.  0.  0.  0.  0.  0.  0.  0.  1.  0.  0.  0.  0.  0.  0.  0.  0.  0.  0.  0.]
 [ 0.  0.  0.  0.  0.  0.  0.  0.  0.  0.  0.  0.  0.  0.  0.  0.  0.  0.  1.  0.  0.  0.  0.  0.  0.  0.  0.  0.  0.]
 [ 0.  0.  0.  0.  0.  0.  0.  0.  0.  0.  0.  0.  0.  0.  0.  0.  0.  0.  0.  1.  0.  0.  0.  0.  0.  0.  0.  0.  0.]
 [ 0.  0.  0.  0.  0.  0.  0.  0.  0.  0.  0.  0.  0.  0.  0.  0.  0.  0.  0.  0.  1.  0.  0.  0.  0.  0.  0.  0.  0.]
 [ 0.  0.  0.  0.  0.  0.  0.  0.  0.  0.  0.  0.  0.  0.  0.  0.  0.  0.  0.  0.  0.  1.  0.  0.  0.  0.  0.  0.  0.]
 [ 0.  0.  0.  0.  0.  0.  0.  0.  0.  0.  0.  0.  0.  0.  0.  0.  0.  0.  0.  0.  0.  0.  1.  0.  0.  0.  0.  0.  0.]
 [ 0.  0.  0.  0.  0.  0.  0.  0.  0.  0.  0.  0.  0.  0.  0.  0.  0.  0.  0.  0.  0.  0.  0.  1.  0.  0.  0.  0.  0.]
 [ 0.  0.  0.  0.  0.  0.  0.  0.  0.  0.  0.  0.  0.  0.  0.  0.  0.  0.  0.  0.  0.  0.  0.  0.  1.  0.  0.  0.  0.]
 [ 0.  0.  0.  0.  0.  0.  0.  0.  0.  0.  0.  0.  0.  0.  0.  0.  0.  0.  0.  0.  0.  0.  0.  0.  0.  1.  0.  0.  0.]
 [ 0.  0.  0.  0.  0.  0.  0.  0.  0.  0.  0.  0.  0.  0.  0.  0.  0.  0.  0.  0.  0.  0.  0.  0.  0.  0.  1.  0.  0.]
 [ 0.  0.  0.  0.  0.  0.  0.  0.  0.  0.  0.  0.  0.  0.  0.  0.  0.  0.  0.  0.  0.  0.  0.  0.  0.  0.  0.  1.  0.]
 [ 0.  0.  0.  0.  0.  0.  0.  0.  0.  0.  0.  0.  0.  0.  0.  0.  0.  0.  0.  0.  0.  0.  0.  0.  0.  0.  0.  0.  1.]]
DEBUG: C3 = 
[[ 0.406 -0.914  0.     0.     0.     0.     0.     0.     0.     0.     0.     0.     0.     0.     0.     0.     0.     0.     0.     0.     0.     0.     0.     0.     0.     0.     0.     0.     0.   ]
 [ 0.914  0.406  0.     0.     0.     0.     0.     0.     0.     0.     0.     0.     0.     0.     0.     0.     0.     0.     0.     0.     0.     0.     0.     0.     0.     0.     0.     0.     0.   ]
 [ 0.     0.     1.     0.     0.     0.     0.     0.     0.     0.     0.     0.     0.     0.     0.     0.     0.     0.     0.     0.     0.     0.     0.     0.     0.     0.     0.     0.     0.   ]
 [ 0.     0.     0.     1.     0.     0.     0.     0.     0.     0.     0.     0.     0.     0.     0.     0.     0.     0.     0.     0.     0.     0.     0.     0.     0.     0.     0.     0.     0.   ]
 [ 0.     0.     0.     0.     1.     0.     0.     0.     0.     0.     0.     0.     0.     0.     0.     0.     0.     0.     0.     0.     0.     0.     0.     0.     0.     0.     0.     0.     0.   ]
 [ 0.     0.     0.     0.     0.     1.     0.     0.     0.     0.     0.     0.     0.     0.     0.     0.     0.     0.     0.     0.     0.     0.     0.     0.     0.     0.     0.     0.     0.   ]
 [ 0.     0.     0.     0.     0.     0.     1.     0.     0.     0.     0.     0.     0.     0.     0.     0.     0.     0.     0.     0.     0.     0.     0.     0.     0.     0.     0.     0.     0.   ]
 [ 0.     0.     0.     0.     0.     0.     0.     1.     0.     0.     0.     0.     0.     0.     0.     0.     0.     0.     0.     0.     0.     0.     0.     0.     0.     0.     0.     0.     0.   ]
 [ 0.     0.     0.     0.     0.     0.     0.     0.     1.     0.     0.     0.     0.     0.     0.     0.     0.     0.     0.     0.     0.     0.     0.     0.     0.     0.     0.     0.     0.   ]
 [ 0.     0.     0.     0.     0.     0.     0.     0.     0.     1.     0.     0.     0.     0.     0.     0.     0.     0.     0.     0.     0.     0.     0.     0.     0.     0.     0.     0.     0.   ]
 [ 0.     0.     0.     0.     0.     0.     0.     0.     0.     0.     1.     0.     0.     0.     0.     0.     0.     0.     0.     0.     0.     0.     0.     0.     0.     0.     0.     0.     0.   ]
 [ 0.     0.     0.     0.     0.     0.     0.     0.     0.     0.     0.     1.     0.     0.     0.     0.     0.     0.     0.     0.     0.     0.     0.     0.     0.     0.     0.     0.     0.   ]
 [ 0.     0.     0.     0.     0.     0.     0.     0.     0.     0.     0.     0.     1.     0.     0.     0.     0.     0.     0.     0.     0.     0.     0.     0.     0.     0.     0.     0.     0.   ]
 [ 0.     0.     0.     0.     0.     0.     0.     0.     0.     0.     0.     0.     0.     1.     0.     0.     0.     0.     0.     0.     0.     0.     0.     0.     0.     0.     0.     0.     0.   ]
 [ 0.     0.     0.     0.     0.     0.     0.     0.     0.     0.     0.     0.     0.     0.     1.     0.     0.     0.     0.     0.     0.     0.     0.     0.     0.     0.     0.     0.     0.   ]
 [ 0.     0.     0.     0.     0.     0.     0.     0.     0.     0.     0.     0.     0.     0.     0.     1.     0.     0.     0.     0.     0.     0.     0.     0.     0.     0.     0.     0.     0.   ]
 [ 0.     0.     0.     0.     0.     0.     0.     0.     0.     0.     0.     0.     0.     0.     0.     0.     1.     0.     0.     0.     0.     0.     0.     0.     0.     0.     0.     0.     0.   ]
 [ 0.     0.     0.     0.     0.     0.     0.     0.     0.     0.     0.     0.     0.     0.     0.     0.     0.     1.     0.     0.     0.     0.     0.     0.     0.     0.     0.     0.     0.   ]
 [ 0.     0.     0.     0.     0.     0.     0.     0.     0.     0.     0.     0.     0.     0.     0.     0.     0.     0.     1.     0.     0.     0.     0.     0.     0.     0.     0.     0.     0.   ]
 [ 0.     0.     0.     0.     0.     0.     0.     0.     0.     0.     0.     0.     0.     0.     0.     0.     0.     0.     0.     1.     0.     0.     0.     0.     0.     0.     0.     0.     0.   ]
 [ 0.     0.     0.     0.     0.     0.     0.     0.     0.     0.     0.     0.     0.     0.     0.     0.     0.     0.     0.     0.     1.     0.     0.     0.     0.     0.     0.     0.     0.   ]
 [ 0.     0.     0.     0.     0.     0.     0.     0.     0.     0.     0.     0.     0.     0.     0.     0.     0.     0.     0.     0.     0.     1.     0.     0.     0.     0.     0.     0.     0.   ]
 [ 0.     0.     0.     0.     0.     0.     0.     0.     0.     0.     0.     0.     0.     0.     0.     0.     0.     0.     0.     0.     0.     0.     1.     0.     0.     0.     0.     0.     0.   ]
 [ 0.     0.     0.     0.     0.     0.     0.     0.     0.     0.     0.     0.     0.     0.     0.     0.     0.     0.     0.     0.     0.     0.     0.     1.     0.     0.     0.     0.     0.   ]
 [ 0.     0.     0.     0.     0.     0.     0.     0.     0.     0.     0.     0.     0.     0.     0.     0.     0.     0.     0.     0.     0.     0.     0.     0.     1.     0.     0.     0.     0.   ]
 [ 0.     0.     0.     0.     0.     0.     0.     0.     0.     0.     0.     0.     0.     0.     0.     0.     0.     0.     0.     0.     0.     0.     0.     0.     0.     1.     0.     0.     0.   ]
 [ 0.     0.     0.     0.     0.     0.     0.     0.     0.     0.     0.     0.     0.     0.     0.     0.     0.     0.     0.     0.     0.     0.     0.     0.     0.     0.     1.     0.     0.   ]
 [ 0.     0.     0.     0.     0.     0.     0.     0.     0.     0.     0.     0.     0.     0.     0.     0.     0.     0.     0.     0.     0.     0.     0.     0.     0.     0.     0.     1.     0.   ]
 [ 0.     0.     0.     0.     0.     0.     0.     0.     0.     0.     0.     0.     0.     0.     0.     0.     0.     0.     0.     0.     0.     0.     0.     0.     0.     0.     0.     0.     1.   ]]
DEBUG: C4 = 
[[ 1.     0.     0.     0.     0.     0.     0.     0.     0.     0.     0.     0.     0.     0.     0.     0.     0.     0.     0.     0.     0.     0.     0.     0.     0.     0.     0.     0.     0.   ]
 [ 0.     1.     0.     0.     0.     0.     0.     0.     0.     0.     0.     0.     0.     0.     0.     0.     0.     0.     0.     0.     0.     0.     0.     0.     0.     0.     0.     0.     0.   ]
 [ 0.     0.     0.1    0.028  0.212  0.243  0.298 -0.072 -0.311 -0.025 -0.307 -0.485 -0.324 -0.081 -0.502  0.     0.     0.     0.     0.     0.     0.     0.     0.     0.     0.     0.     0.     0.   ]
 [ 0.     0.     0.008 -0.003 -0.138 -0.308 -0.25  -0.435 -0.601 -0.233 -0.143  0.152 -0.186 -0.316  0.203  0.     0.     0.     0.     0.     0.     0.     0.     0.     0.     0.     0.     0.     0.   ]
 [ 0.     0.    -0.25  -0.044 -0.36   0.075 -0.013  0.208  0.417 -0.452 -0.19  -0.22  -0.21  -0.489  0.102  0.     0.     0.     0.     0.     0.     0.     0.     0.     0.     0.     0.     0.     0.   ]
 [ 0.     0.     0.57  -0.319  0.19   0.461 -0.082  0.214 -0.081 -0.222 -0.021  0.349  0.104 -0.288  0.036  0.     0.     0.     0.     0.     0.     0.     0.     0.     0.     0.     0.     0.     0.   ]
 [ 0.     0.    -0.31   0.467  0.322  0.372  0.288 -0.279 -0.023 -0.196  0.359  0.139  0.119 -0.255  0.127  0.     0.     0.     0.     0.     0.     0.     0.     0.     0.     0.     0.     0.     0.   ]
 [ 0.     0.     0.345  0.662 -0.425  0.141 -0.323  0.158 -0.086 -0.095  0.179 -0.034 -0.042  0.105 -0.226  0.     0.     0.     0.     0.     0.     0.     0.     0.     0.     0.     0.     0.     0.   ]
 [ 0.     0.     0.069 -0.303 -0.312  0.227 -0.047 -0.391  0.154  0.401  0.485 -0.023 -0.346 -0.205 -0.13   0.     0.     0.     0.     0.     0.     0.     0.     0.     0.     0.     0.     0.     0.   ]
 [ 0.     0.    -0.106 -0.331 -0.136  0.213 -0.203 -0.236 -0.126 -0.452  0.229 -0.394  0.427  0.323 -0.068  0.     0.     0.     0.     0.     0.     0.     0.     0.     0.     0.     0.     0.     0.   ]
 [ 0.     0.    -0.414 -0.098 -0.225  0.365 -0.013  0.485 -0.516  0.264  0.049 -0.01  -0.06   0.025  0.238  0.     0.     0.     0.     0.     0.     0.     0.     0.     0.     0.     0.     0.     0.   ]
 [ 0.     0.     0.153  0.096  0.443  0.03  -0.447  0.055  0.076  0.127  0.114 -0.511 -0.204 -0.054  0.476  0.     0.     0.     0.     0.     0.     0.     0.     0.     0.     0.     0.     0.     0.   ]
 [ 0.     0.    -0.305 -0.104  0.334 -0.249 -0.397  0.29  -0.052 -0.118  0.338  0.139 -0.091 -0.187 -0.536  0.     0.     0.     0.     0.     0.     0.     0.     0.     0.     0.     0.     0.     0.   ]
 [ 0.     0.     0.287 -0.067 -0.073 -0.411  0.499  0.287 -0.191 -0.164  0.51  -0.229 -0.011 -0.113  0.139  0.     0.     0.     0.     0.     0.     0.     0.     0.     0.     0.     0.     0.     0.   ]
 [ 0.     0.     0.037  0.068 -0.079 -0.091 -0.067 -0.012 -0.05   0.39  -0.1   -0.249  0.659 -0.546 -0.128  0.     0.     0.     0.     0.     0.     0.     0.     0.     0.     0.     0.     0.     0.   ]
 [ 0.     0.     0.     0.     0.     0.     0.     0.     0.     0.     0.     0.     0.     0.     0.     0.005  0.088  0.385  0.192 -0.249 -0.083  0.479  0.252  0.391  0.34  -0.334  0.248  0.05   0.021]
 [ 0.     0.     0.     0.     0.     0.     0.     0.     0.     0.     0.     0.     0.     0.     0.     0.086  0.288  0.095 -0.404  0.2   -0.084  0.243 -0.465 -0.018 -0.17  -0.452 -0.139  0.269 -0.301]
 [ 0.     0.     0.     0.     0.     0.     0.     0.     0.     0.     0.     0.     0.     0.     0.     0.249  0.197 -0.366  0.145  0.084 -0.296 -0.421 -0.059  0.615  0.024 -0.238 -0.048 -0.174  0.012]
 [ 0.     0.     0.     0.     0.     0.     0.     0.     0.     0.     0.     0.     0.     0.     0.    -0.012 -0.109 -0.135 -0.041  0.395  0.378 -0.015  0.124  0.26  -0.257 -0.042  0.472  0.477  0.261]
 [ 0.     0.     0.     0.     0.     0.     0.     0.     0.     0.     0.     0.     0.     0.     0.     0.031  0.256  0.408  0.364 -0.288 -0.223 -0.289 -0.176 -0.113 -0.514  0.055  0.291  0.151  0.018]
 [ 0.     0.     0.     0.     0.     0.     0.     0.     0.     0.     0.     0.     0.     0.     0.     0.955 -0.207  0.097 -0.016 -0.028  0.066  0.079  0.034 -0.131  0.003  0.072  0.016  0.024  0.011]
 [ 0.     0.     0.     0.     0.     0.     0.     0.     0.     0.     0.     0.     0.     0.     0.    -0.027 -0.145  0.258  0.178  0.458  0.019 -0.051 -0.338  0.108  0.252  0.269  0.356 -0.251 -0.465]
 [ 0.     0.     0.     0.     0.     0.     0.     0.     0.     0.     0.     0.     0.     0.     0.    -0.019 -0.103  0.135 -0.055  0.454 -0.59   0.268  0.392  0.048 -0.363  0.159 -0.139 -0.086  0.042]
 [ 0.     0.     0.     0.     0.     0.     0.     0.     0.     0.     0.     0.     0.     0.     0.    -0.019 -0.148 -0.061  0.443  0.136  0.137  0.373 -0.469  0.023 -0.19  -0.134 -0.193 -0.286  0.456]
 [ 0.     0.     0.     0.     0.     0.     0.     0.     0.     0.     0.     0.     0.     0.     0.    -0.066 -0.417  0.104 -0.418 -0.392  0.095  0.065 -0.153  0.469 -0.371  0.165  0.027 -0.225 -0.101]
 [ 0.     0.     0.     0.     0.     0.     0.     0.     0.     0.     0.     0.     0.     0.     0.     0.053  0.429  0.499 -0.157  0.196  0.353 -0.159  0.065  0.252  0.049  0.256 -0.373 -0.096  0.257]
 [ 0.     0.     0.     0.     0.     0.     0.     0.     0.     0.     0.     0.     0.     0.     0.     0.034  0.205 -0.196 -0.126 -0.132 -0.332  0.242 -0.344  0.131  0.253  0.577  0.104  0.32   0.265]
 [ 0.     0.     0.     0.     0.     0.     0.     0.     0.     0.     0.     0.     0.     0.     0.    -0.084 -0.501  0.356 -0.132  0.075 -0.283 -0.376 -0.189 -0.029  0.294 -0.225 -0.114  0.248  0.351]
 [ 0.     0.     0.     0.     0.     0.     0.     0.     0.     0.     0.     0.     0.     0.     0.    -0.031 -0.214 -0.006  0.425 -0.046  0.099  0.035  0.023  0.234 -0.043  0.16  -0.512  0.518 -0.382]]
DEBUG: C_total = 
[[ 0.406 -0.914  0.     0.     0.     0.     0.     0.     0.     0.     0.     0.     0.     0.     0.     0.     0.     0.     0.     0.     0.     0.     0.     0.     0.     0.     0.     0.     0.   ]
 [-0.042 -0.019  0.215 -0.365  0.456 -0.476  0.429 -0.339  0.236 -0.145  0.078 -0.036  0.014 -0.004  0.001  0.001 -0.     0.    -0.     0.    -0.     0.    -0.     0.    -0.     0.    -0.     0.    -0.   ]
 [-0.058 -0.026  0.273 -0.38   0.313 -0.101 -0.161  0.366 -0.449  0.413 -0.305  0.184 -0.09   0.034 -0.009  0.002 -0.     0.    -0.     0.    -0.     0.    -0.     0.    -0.     0.    -0.     0.    -0.   ]
 [-0.07  -0.031  0.298 -0.322  0.104  0.197 -0.357  0.262  0.018 -0.303  0.444 -0.412  0.278 -0.136  0.043  0.002 -0.     0.    -0.     0.    -0.     0.    -0.     0.    -0.     0.    -0.     0.    -0.   ]
 [-0.082 -0.036  0.309 -0.237 -0.084  0.322 -0.225 -0.111  0.348 -0.258 -0.076  0.378 -0.455  0.324 -0.137  0.003 -0.001  0.    -0.     0.    -0.     0.    -0.     0.    -0.     0.    -0.     0.    -0.   ]
 [-0.093 -0.041  0.311 -0.14  -0.221  0.288  0.037 -0.323  0.185  0.207 -0.359  0.079  0.331 -0.475  0.299  0.004 -0.001  0.    -0.     0.    -0.     0.    -0.     0.    -0.     0.    -0.     0.    -0.   ]
 [-0.106 -0.047  0.306 -0.038 -0.295  0.144  0.252 -0.238 -0.178  0.319  0.062 -0.376  0.115  0.384 -0.473  0.004 -0.001  0.    -0.     0.    -0.     0.    -0.     0.    -0.     0.    -0.     0.    -0.   ]
 [-0.121 -0.054  0.294  0.064 -0.302 -0.047  0.312  0.038 -0.327 -0.031  0.352  0.025 -0.399 -0.019  0.555  0.005 -0.001  0.    -0.     0.    -0.     0.    -0.     0.    -0.     0.    -0.     0.    -0.   ]
 [-0.138 -0.061  0.274  0.159 -0.243 -0.22   0.192  0.282 -0.115 -0.336  0.006  0.37   0.156 -0.361 -0.485  0.006 -0.001  0.    -0.     0.    -0.     0.    -0.     0.    -0.     0.    -0.     0.    -0.   ]
 [-0.159 -0.071  0.246  0.242 -0.125 -0.314 -0.05   0.294  0.239 -0.15  -0.366 -0.128  0.298  0.479  0.315  0.008 -0.002  0.    -0.     0.    -0.     0.    -0.     0.    -0.     0.    -0.     0.    -0.   ]
 [-0.187 -0.083  0.205  0.304  0.037 -0.278 -0.282  0.029  0.323  0.3   -0.016 -0.347 -0.459 -0.342 -0.149  0.01  -0.002  0.001 -0.     0.    -0.     0.    -0.     0.    -0.     0.    -0.     0.    -0.   ]
 [-0.226 -0.101  0.146  0.331  0.216 -0.092 -0.329 -0.312 -0.061  0.246  0.429  0.427  0.3    0.151  0.049  0.013 -0.003  0.001 -0.     0.    -0.     0.    -0.     0.    -0.     0.    -0.     0.    -0.   ]
 [-0.286 -0.127  0.055  0.298  0.358  0.211 -0.052 -0.299 -0.434 -0.432 -0.336 -0.211 -0.106 -0.041 -0.011  0.017 -0.005  0.002 -0.     0.    -0.     0.    -0.     0.    -0.     0.    -0.     0.    -0.   ]
 [-0.392 -0.174 -0.1    0.14   0.338  0.443  0.45   0.384  0.282  0.181  0.101  0.048  0.019  0.006  0.001  0.026 -0.009  0.003 -0.001  0.    -0.     0.    -0.     0.    -0.     0.    -0.     0.    -0.   ]
 [-0.644 -0.286 -0.454 -0.378 -0.289 -0.204 -0.133 -0.08  -0.044 -0.022 -0.01  -0.004 -0.001 -0.    -0.     0.048 -0.018  0.006 -0.002  0.001 -0.     0.    -0.     0.    -0.     0.    -0.     0.    -0.   ]
 [-0.02  -0.009 -0.005 -0.002 -0.001 -0.    -0.    -0.    -0.    -0.    -0.    -0.    -0.    -0.    -0.    -0.177  0.332 -0.435  0.471 -0.442  0.366 -0.269  0.176 -0.102  0.052 -0.023  0.009 -0.003  0.001]
 [-0.022 -0.01  -0.005 -0.002 -0.    -0.    -0.    -0.    -0.    -0.    -0.    -0.    -0.    -0.    -0.    -0.231  0.367 -0.342  0.166  0.083 -0.305  0.427 -0.431  0.35  -0.235  0.132 -0.06   0.022 -0.005]
 [-0.021 -0.009 -0.005 -0.001 -0.    -0.    -0.    -0.    -0.    -0.    -0.    -0.    -0.    -0.    -0.    -0.258  0.337 -0.172 -0.118  0.328 -0.315  0.093  0.196 -0.396  0.436 -0.347  0.21  -0.094  0.028]
 [-0.02  -0.009 -0.004 -0.001 -0.    -0.    -0.    -0.    -0.    -0.    -0.    -0.    -0.    -0.    -0.    -0.276  0.282 -0.004 -0.279  0.286 -0.009 -0.286  0.329 -0.086 -0.244  0.434 -0.408  0.251 -0.096]
 [-0.018 -0.008 -0.003 -0.001 -0.    -0.    -0.    -0.    -0.    -0.    -0.    -0.    -0.    -0.    -0.    -0.288  0.212  0.138 -0.311  0.084  0.256 -0.282 -0.043  0.335 -0.257 -0.111  0.417 -0.43   0.229]
 [-0.017 -0.008 -0.003 -0.001 -0.    -0.    -0.    -0.    -0.    -0.    -0.    -0.    -0.    -0.    -0.    -0.296  0.133  0.239 -0.235 -0.141  0.303  0.007 -0.32   0.154  0.26  -0.324 -0.077  0.452 -0.402]
 [-0.016 -0.007 -0.003 -0.001 -0.    -0.    -0.    -0.    -0.    -0.    -0.    -0.    -0.    -0.    -0.    -0.3    0.049  0.292 -0.091 -0.283  0.134  0.273 -0.184 -0.258  0.244  0.236 -0.328 -0.196  0.528]
 [-0.015 -0.006 -0.002 -0.    -0.    -0.    -0.    -0.    -0.    -0.    -0.    -0.    -0.    -0.    -0.    -0.301 -0.037  0.295  0.079 -0.288 -0.124  0.279  0.175 -0.265 -0.236  0.243  0.323 -0.202 -0.527]
 [-0.013 -0.006 -0.002 -0.    -0.    -0.    -0.    -0.    -0.    -0.    -0.    -0.    -0.    -0.    -0.    -0.299 -0.121  0.246  0.227 -0.151 -0.3    0.018  0.323  0.145 -0.267 -0.32   0.085  0.454  0.399]
 [-0.012 -0.005 -0.002 -0.    -0.    -0.    -0.    -0.    -0.    -0.    -0.    -0.    -0.    -0.    -0.    -0.293 -0.202  0.149  0.309  0.072 -0.263 -0.276  0.054  0.338  0.251 -0.12  -0.42  -0.428 -0.226]
 [-0.011 -0.005 -0.001 -0.    -0.    -0.    -0.    -0.    -0.    -0.    -0.    -0.    -0.    -0.    -0.    -0.282 -0.275  0.009  0.286  0.279 -0.003 -0.293 -0.325 -0.076  0.252  0.436  0.405  0.248  0.094]
 [-0.01  -0.004 -0.001 -0.    -0.    -0.    -0.    -0.    -0.    -0.    -0.    -0.    -0.    -0.    -0.    -0.266 -0.335 -0.161  0.13   0.332  0.309  0.082 -0.205 -0.4   -0.435 -0.344 -0.206 -0.092 -0.027]
 [-0.008 -0.004 -0.001 -0.    -0.    -0.    -0.    -0.    -0.    -0.    -0.    -0.    -0.    -0.    -0.    -0.239 -0.37  -0.337 -0.155  0.095  0.313  0.429  0.429  0.346  0.231  0.129  0.059  0.021  0.005]
 [-0.006 -0.003 -0.001 -0.    -0.    -0.    -0.    -0.    -0.    -0.    -0.    -0.    -0.    -0.    -0.    -0.186 -0.339 -0.439 -0.471 -0.439 -0.361 -0.264 -0.172 -0.099 -0.051 -0.022 -0.008 -0.002 -0.   ]]
DEBUG: C_total_restored = 
[[ 1.     0.     0.     0.     0.     0.     0.     0.     0.     0.     0.     0.     0.     0.     0.     0.     0.     0.     0.     0.     0.     0.     0.     0.     0.     0.     0.     0.     0.   ]
 [-0.    -0.046  0.215 -0.365  0.456 -0.476  0.429 -0.339  0.236 -0.145  0.078 -0.036  0.014 -0.004  0.001  0.001 -0.     0.    -0.     0.    -0.     0.    -0.     0.    -0.     0.    -0.     0.    -0.   ]
 [ 0.    -0.064  0.273 -0.38   0.313 -0.101 -0.161  0.366 -0.449  0.413 -0.305  0.184 -0.09   0.034 -0.009  0.002 -0.     0.    -0.     0.    -0.     0.    -0.     0.    -0.     0.    -0.     0.    -0.   ]
 [ 0.    -0.077  0.298 -0.322  0.104  0.197 -0.357  0.262  0.018 -0.303  0.444 -0.412  0.278 -0.136  0.043  0.002 -0.     0.    -0.     0.    -0.     0.    -0.     0.    -0.     0.    -0.     0.    -0.   ]
 [ 0.    -0.089  0.309 -0.237 -0.084  0.322 -0.225 -0.111  0.348 -0.258 -0.076  0.378 -0.455  0.324 -0.137  0.003 -0.001  0.    -0.     0.    -0.     0.    -0.     0.    -0.     0.    -0.     0.    -0.   ]
 [ 0.    -0.102  0.311 -0.14  -0.221  0.288  0.037 -0.323  0.185  0.207 -0.359  0.079  0.331 -0.475  0.299  0.004 -0.001  0.    -0.     0.    -0.     0.    -0.     0.    -0.     0.    -0.     0.    -0.   ]
 [-0.    -0.116  0.306 -0.038 -0.295  0.144  0.252 -0.238 -0.178  0.319  0.062 -0.376  0.115  0.384 -0.473  0.004 -0.001  0.    -0.     0.    -0.     0.    -0.     0.    -0.     0.    -0.     0.    -0.   ]
 [ 0.    -0.132  0.294  0.064 -0.302 -0.047  0.312  0.038 -0.327 -0.031  0.352  0.025 -0.399 -0.019  0.555  0.005 -0.001  0.    -0.     0.    -0.     0.    -0.     0.    -0.     0.    -0.     0.    -0.   ]
 [-0.    -0.151  0.274  0.159 -0.243 -0.22   0.192  0.282 -0.115 -0.336  0.006  0.37   0.156 -0.361 -0.485  0.006 -0.001  0.    -0.     0.    -0.     0.    -0.     0.    -0.     0.    -0.     0.    -0.   ]
 [-0.    -0.174  0.246  0.242 -0.125 -0.314 -0.05   0.294  0.239 -0.15  -0.366 -0.128  0.298  0.479  0.315  0.008 -0.002  0.    -0.     0.    -0.     0.    -0.     0.    -0.     0.    -0.     0.    -0.   ]
 [ 0.    -0.205  0.205  0.304  0.037 -0.278 -0.282  0.029  0.323  0.3   -0.016 -0.347 -0.459 -0.342 -0.149  0.01  -0.002  0.001 -0.     0.    -0.     0.    -0.     0.    -0.     0.    -0.     0.    -0.   ]
 [-0.    -0.248  0.146  0.331  0.216 -0.092 -0.329 -0.312 -0.061  0.246  0.429  0.427  0.3    0.151  0.049  0.013 -0.003  0.001 -0.     0.    -0.     0.    -0.     0.    -0.     0.    -0.     0.    -0.   ]
 [-0.    -0.313  0.055  0.298  0.358  0.211 -0.052 -0.299 -0.434 -0.432 -0.336 -0.211 -0.106 -0.041 -0.011  0.017 -0.005  0.002 -0.     0.    -0.     0.    -0.     0.    -0.     0.    -0.     0.    -0.   ]
 [ 0.    -0.429 -0.1    0.14   0.338  0.443  0.45   0.384  0.282  0.181  0.101  0.048  0.019  0.006  0.001  0.026 -0.009  0.003 -0.001  0.    -0.     0.    -0.     0.    -0.     0.    -0.     0.    -0.   ]
 [-0.    -0.704 -0.454 -0.378 -0.289 -0.204 -0.133 -0.08  -0.044 -0.022 -0.01  -0.004 -0.001 -0.    -0.     0.048 -0.018  0.006 -0.002  0.001 -0.     0.    -0.     0.    -0.     0.    -0.     0.    -0.   ]
 [ 0.    -0.022 -0.005 -0.002 -0.001 -0.    -0.    -0.    -0.    -0.    -0.    -0.    -0.    -0.    -0.    -0.177  0.332 -0.435  0.471 -0.442  0.366 -0.269  0.176 -0.102  0.052 -0.023  0.009 -0.003  0.001]
 [ 0.    -0.024 -0.005 -0.002 -0.    -0.    -0.    -0.    -0.    -0.    -0.    -0.    -0.    -0.    -0.    -0.231  0.367 -0.342  0.166  0.083 -0.305  0.427 -0.431  0.35  -0.235  0.132 -0.06   0.022 -0.005]
 [-0.    -0.023 -0.005 -0.001 -0.    -0.    -0.    -0.    -0.    -0.    -0.    -0.    -0.    -0.    -0.    -0.258  0.337 -0.172 -0.118  0.328 -0.315  0.093  0.196 -0.396  0.436 -0.347  0.21  -0.094  0.028]
 [-0.    -0.022 -0.004 -0.001 -0.    -0.    -0.    -0.    -0.    -0.    -0.    -0.    -0.    -0.    -0.    -0.276  0.282 -0.004 -0.279  0.286 -0.009 -0.286  0.329 -0.086 -0.244  0.434 -0.408  0.251 -0.096]
 [-0.    -0.02  -0.003 -0.001 -0.    -0.    -0.    -0.    -0.    -0.    -0.    -0.    -0.    -0.    -0.    -0.288  0.212  0.138 -0.311  0.084  0.256 -0.282 -0.043  0.335 -0.257 -0.111  0.417 -0.43   0.229]
 [ 0.    -0.019 -0.003 -0.001 -0.    -0.    -0.    -0.    -0.    -0.    -0.    -0.    -0.    -0.    -0.    -0.296  0.133  0.239 -0.235 -0.141  0.303  0.007 -0.32   0.154  0.26  -0.324 -0.077  0.452 -0.402]
 [ 0.    -0.017 -0.003 -0.001 -0.    -0.    -0.    -0.    -0.    -0.    -0.    -0.    -0.    -0.    -0.    -0.3    0.049  0.292 -0.091 -0.283  0.134  0.273 -0.184 -0.258  0.244  0.236 -0.328 -0.196  0.528]
 [ 0.    -0.016 -0.002 -0.    -0.    -0.    -0.    -0.    -0.    -0.    -0.    -0.    -0.    -0.    -0.    -0.301 -0.037  0.295  0.079 -0.288 -0.124  0.279  0.175 -0.265 -0.236  0.243  0.323 -0.202 -0.527]
 [-0.    -0.015 -0.002 -0.    -0.    -0.    -0.    -0.    -0.    -0.    -0.    -0.    -0.    -0.    -0.    -0.299 -0.121  0.246  0.227 -0.151 -0.3    0.018  0.323  0.145 -0.267 -0.32   0.085  0.454  0.399]
 [-0.    -0.013 -0.002 -0.    -0.    -0.    -0.    -0.    -0.    -0.    -0.    -0.    -0.    -0.    -0.    -0.293 -0.202  0.149  0.309  0.072 -0.263 -0.276  0.054  0.338  0.251 -0.12  -0.42  -0.428 -0.226]
 [-0.    -0.012 -0.001 -0.    -0.    -0.    -0.    -0.    -0.    -0.    -0.    -0.    -0.    -0.    -0.    -0.282 -0.275  0.009  0.286  0.279 -0.003 -0.293 -0.325 -0.076  0.252  0.436  0.405  0.248  0.094]
 [-0.    -0.011 -0.001 -0.    -0.    -0.    -0.    -0.    -0.    -0.    -0.    -0.    -0.    -0.    -0.    -0.266 -0.335 -0.161  0.13   0.332  0.309  0.082 -0.205 -0.4   -0.435 -0.344 -0.206 -0.092 -0.027]
 [ 0.    -0.009 -0.001 -0.    -0.    -0.    -0.    -0.    -0.    -0.    -0.    -0.    -0.    -0.    -0.    -0.239 -0.37  -0.337 -0.155  0.095  0.313  0.429  0.429  0.346  0.231  0.129  0.059  0.021  0.005]
 [-0.    -0.007 -0.001 -0.    -0.    -0.    -0.    -0.    -0.    -0.    -0.    -0.    -0.    -0.    -0.    -0.186 -0.339 -0.439 -0.471 -0.439 -0.361 -0.264 -0.172 -0.099 -0.051 -0.022 -0.008 -0.002 -0.   ]]
h_block_final:
[[-0.227 -0.173  0.155  0.     0.    -0.     0.    -0.    -0.     0.    -0.     0.    -0.    -0.    -0.    -0.216 -0.    -0.    -0.    -0.    -0.    -0.    -0.     0.     0.    -0.    -0.    -0.     0.   ]
 [-0.173 -0.54   0.349 -0.    -0.     0.    -0.     0.     0.    -0.     0.    -0.    -0.     0.     0.     0.096 -0.    -0.    -0.    -0.    -0.    -0.    -0.     0.     0.    -0.    -0.    -0.     0.   ]
 [ 0.155  0.349 -1.272  0.491 -0.     0.     0.    -0.     0.     0.    -0.    -0.    -0.    -0.     0.     0.     0.    -0.     0.    -0.    -0.     0.     0.    -0.    -0.     0.    -0.     0.    -0.   ]
 [ 0.     0.     0.491 -1.282  0.486 -0.     0.    -0.     0.     0.     0.     0.    -0.    -0.     0.    -0.    -0.     0.     0.     0.     0.    -0.    -0.     0.    -0.    -0.    -0.     0.    -0.   ]
 [ 0.    -0.    -0.     0.486 -1.293  0.477 -0.    -0.     0.    -0.     0.     0.    -0.     0.     0.     0.    -0.    -0.     0.    -0.    -0.     0.    -0.    -0.    -0.    -0.     0.    -0.    -0.   ]
 [-0.     0.     0.    -0.     0.477 -1.301  0.466 -0.     0.     0.    -0.    -0.     0.     0.     0.     0.     0.     0.    -0.     0.     0.     0.    -0.    -0.    -0.     0.    -0.    -0.    -0.   ]
 [ 0.    -0.     0.     0.    -0.     0.466 -1.306  0.45  -0.     0.     0.     0.    -0.    -0.    -0.    -0.    -0.    -0.    -0.     0.    -0.     0.    -0.    -0.    -0.     0.     0.    -0.     0.   ]
 [-0.     0.    -0.    -0.    -0.    -0.     0.45  -1.309  0.431  0.     0.     0.    -0.    -0.    -0.     0.     0.     0.     0.    -0.    -0.     0.     0.    -0.    -0.    -0.     0.    -0.    -0.   ]
 [-0.     0.     0.     0.     0.     0.    -0.     0.431 -1.311  0.407 -0.    -0.     0.     0.     0.     0.     0.    -0.    -0.     0.     0.    -0.    -0.    -0.    -0.     0.    -0.     0.    -0.   ]
 [ 0.    -0.    -0.     0.    -0.     0.    -0.     0.     0.407 -1.312  0.38   0.    -0.    -0.     0.    -0.    -0.    -0.     0.    -0.     0.     0.    -0.     0.     0.     0.     0.     0.    -0.   ]
 [-0.     0.     0.     0.     0.    -0.     0.     0.    -0.     0.38  -1.312  0.347  0.     0.     0.     0.     0.    -0.    -0.     0.    -0.    -0.     0.    -0.     0.     0.     0.    -0.     0.   ]
 [ 0.    -0.    -0.     0.     0.    -0.     0.     0.    -0.     0.     0.347 -1.313  0.306 -0.     0.    -0.     0.     0.     0.     0.     0.    -0.     0.    -0.    -0.    -0.    -0.     0.    -0.   ]
 [-0.    -0.    -0.    -0.    -0.     0.    -0.    -0.    -0.    -0.     0.     0.306 -1.314  0.255 -0.     0.    -0.     0.    -0.    -0.    -0.    -0.     0.    -0.    -0.    -0.    -0.    -0.    -0.   ]
 [-0.     0.    -0.    -0.     0.     0.    -0.    -0.     0.    -0.     0.    -0.     0.255 -1.315  0.183  0.    -0.     0.     0.     0.     0.    -0.    -0.     0.     0.    -0.    -0.     0.    -0.   ]
 [-0.     0.     0.     0.     0.     0.    -0.     0.     0.     0.     0.    -0.    -0.     0.183 -1.315 -0.    -0.    -0.    -0.    -0.    -0.    -0.     0.    -0.     0.    -0.     0.    -0.    -0.   ]
 [-0.216  0.096  0.    -0.     0.     0.    -0.     0.     0.    -0.     0.    -0.     0.     0.    -0.     1.255  0.503 -0.     0.     0.     0.     0.    -0.     0.     0.    -0.     0.     0.    -0.   ]
 [-0.    -0.     0.    -0.    -0.     0.    -0.     0.     0.    -0.     0.     0.    -0.    -0.    -0.     0.503  1.25   0.505  0.     0.     0.     0.    -0.    -0.    -0.    -0.     0.     0.    -0.   ]
 [-0.    -0.    -0.     0.    -0.     0.    -0.     0.    -0.    -0.    -0.     0.     0.     0.    -0.    -0.     0.505  1.25   0.502  0.     0.    -0.    -0.    -0.     0.    -0.    -0.    -0.    -0.   ]
 [-0.    -0.     0.     0.     0.    -0.    -0.     0.    -0.     0.    -0.     0.    -0.     0.    -0.     0.     0.     0.502  1.25   0.495 -0.     0.     0.     0.     0.     0.     0.     0.    -0.   ]
 [-0.    -0.    -0.     0.    -0.     0.     0.    -0.     0.    -0.     0.     0.    -0.     0.    -0.     0.     0.     0.     0.495  1.249  0.483  0.     0.     0.     0.     0.     0.    -0.    -0.   ]
 [-0.    -0.    -0.     0.    -0.     0.    -0.    -0.     0.     0.    -0.     0.    -0.     0.    -0.     0.     0.     0.    -0.     0.483  1.249  0.467 -0.    -0.     0.     0.     0.     0.    -0.   ]
 [-0.    -0.     0.    -0.     0.     0.     0.     0.    -0.     0.    -0.    -0.    -0.    -0.    -0.     0.     0.    -0.    -0.     0.     0.467  1.249  0.446  0.    -0.    -0.    -0.     0.    -0.   ]
 [-0.    -0.     0.    -0.    -0.    -0.    -0.     0.    -0.    -0.     0.     0.     0.    -0.     0.    -0.    -0.    -0.     0.    -0.     0.     0.446  1.249  0.422  0.    -0.    -0.    -0.    -0.   ]
 [ 0.     0.    -0.     0.    -0.    -0.    -0.    -0.    -0.     0.    -0.    -0.    -0.     0.    -0.     0.     0.     0.    -0.     0.    -0.     0.     0.422  1.249  0.393  0.    -0.    -0.    -0.   ]
 [ 0.     0.    -0.    -0.    -0.    -0.    -0.    -0.    -0.     0.     0.    -0.    -0.     0.     0.     0.    -0.     0.     0.     0.     0.    -0.     0.     0.393  1.249  0.358 -0.    -0.     0.   ]
 [-0.    -0.     0.    -0.    -0.     0.     0.    -0.     0.     0.     0.    -0.    -0.    -0.    -0.    -0.    -0.     0.     0.     0.     0.    -0.    -0.     0.     0.358  1.249  0.316  0.     0.   ]
 [-0.    -0.    -0.    -0.     0.    -0.     0.     0.    -0.     0.     0.    -0.    -0.    -0.     0.     0.     0.    -0.     0.     0.    -0.    -0.    -0.    -0.    -0.     0.316  1.249  0.263  0.   ]
 [-0.    -0.     0.     0.    -0.    -0.    -0.    -0.     0.     0.    -0.     0.    -0.     0.    -0.     0.     0.    -0.     0.     0.     0.     0.     0.    -0.    -0.     0.     0.263  1.249  0.189]
 [ 0.     0.    -0.    -0.    -0.    -0.     0.    -0.    -0.    -0.     0.    -0.    -0.    -0.    -0.    -0.    -0.    -0.    -0.    -0.    -0.    -0.    -0.    -0.     0.     0.     0.     0.189  1.249]]
C_block:
[[ 1.     0.     0.     0.     0.     0.     0.     0.     0.     0.     0.     0.     0.     0.     0.     0.     0.     0.     0.     0.     0.     0.     0.     0.     0.     0.     0.     0.     0.   ]
 [-0.    -0.046  0.215 -0.365  0.456 -0.476  0.429 -0.339  0.236 -0.145  0.078 -0.036  0.014 -0.004  0.001  0.001 -0.     0.    -0.     0.    -0.     0.    -0.     0.    -0.     0.    -0.     0.    -0.   ]
 [ 0.    -0.064  0.273 -0.38   0.313 -0.101 -0.161  0.366 -0.449  0.413 -0.305  0.184 -0.09   0.034 -0.009  0.002 -0.     0.    -0.     0.    -0.     0.    -0.     0.    -0.     0.    -0.     0.    -0.   ]
 [ 0.    -0.077  0.298 -0.322  0.104  0.197 -0.357  0.262  0.018 -0.303  0.444 -0.412  0.278 -0.136  0.043  0.002 -0.     0.    -0.     0.    -0.     0.    -0.     0.    -0.     0.    -0.     0.    -0.   ]
 [ 0.    -0.089  0.309 -0.237 -0.084  0.322 -0.225 -0.111  0.348 -0.258 -0.076  0.378 -0.455  0.324 -0.137  0.003 -0.001  0.    -0.     0.    -0.     0.    -0.     0.    -0.     0.    -0.     0.    -0.   ]
 [ 0.    -0.102  0.311 -0.14  -0.221  0.288  0.037 -0.323  0.185  0.207 -0.359  0.079  0.331 -0.475  0.299  0.004 -0.001  0.    -0.     0.    -0.     0.    -0.     0.    -0.     0.    -0.     0.    -0.   ]
 [-0.    -0.116  0.306 -0.038 -0.295  0.144  0.252 -0.238 -0.178  0.319  0.062 -0.376  0.115  0.384 -0.473  0.004 -0.001  0.    -0.     0.    -0.     0.    -0.     0.    -0.     0.    -0.     0.    -0.   ]
 [ 0.    -0.132  0.294  0.064 -0.302 -0.047  0.312  0.038 -0.327 -0.031  0.352  0.025 -0.399 -0.019  0.555  0.005 -0.001  0.    -0.     0.    -0.     0.    -0.     0.    -0.     0.    -0.     0.    -0.   ]
 [-0.    -0.151  0.274  0.159 -0.243 -0.22   0.192  0.282 -0.115 -0.336  0.006  0.37   0.156 -0.361 -0.485  0.006 -0.001  0.    -0.     0.    -0.     0.    -0.     0.    -0.     0.    -0.     0.    -0.   ]
 [-0.    -0.174  0.246  0.242 -0.125 -0.314 -0.05   0.294  0.239 -0.15  -0.366 -0.128  0.298  0.479  0.315  0.008 -0.002  0.    -0.     0.    -0.     0.    -0.     0.    -0.     0.    -0.     0.    -0.   ]
 [ 0.    -0.205  0.205  0.304  0.037 -0.278 -0.282  0.029  0.323  0.3   -0.016 -0.347 -0.459 -0.342 -0.149  0.01  -0.002  0.001 -0.     0.    -0.     0.    -0.     0.    -0.     0.    -0.     0.    -0.   ]
 [-0.    -0.248  0.146  0.331  0.216 -0.092 -0.329 -0.312 -0.061  0.246  0.429  0.427  0.3    0.151  0.049  0.013 -0.003  0.001 -0.     0.    -0.     0.    -0.     0.    -0.     0.    -0.     0.    -0.   ]
 [-0.    -0.313  0.055  0.298  0.358  0.211 -0.052 -0.299 -0.434 -0.432 -0.336 -0.211 -0.106 -0.041 -0.011  0.017 -0.005  0.002 -0.     0.    -0.     0.    -0.     0.    -0.     0.    -0.     0.    -0.   ]
 [ 0.    -0.429 -0.1    0.14   0.338  0.443  0.45   0.384  0.282  0.181  0.101  0.048  0.019  0.006  0.001  0.026 -0.009  0.003 -0.001  0.    -0.     0.    -0.     0.    -0.     0.    -0.     0.    -0.   ]
 [-0.    -0.704 -0.454 -0.378 -0.289 -0.204 -0.133 -0.08  -0.044 -0.022 -0.01  -0.004 -0.001 -0.    -0.     0.048 -0.018  0.006 -0.002  0.001 -0.     0.    -0.     0.    -0.     0.    -0.     0.    -0.   ]
 [ 0.    -0.022 -0.005 -0.002 -0.001 -0.    -0.    -0.    -0.    -0.    -0.    -0.    -0.    -0.    -0.    -0.177  0.332 -0.435  0.471 -0.442  0.366 -0.269  0.176 -0.102  0.052 -0.023  0.009 -0.003  0.001]
 [ 0.    -0.024 -0.005 -0.002 -0.    -0.    -0.    -0.    -0.    -0.    -0.    -0.    -0.    -0.    -0.    -0.231  0.367 -0.342  0.166  0.083 -0.305  0.427 -0.431  0.35  -0.235  0.132 -0.06   0.022 -0.005]
 [-0.    -0.023 -0.005 -0.001 -0.    -0.    -0.    -0.    -0.    -0.    -0.    -0.    -0.    -0.    -0.    -0.258  0.337 -0.172 -0.118  0.328 -0.315  0.093  0.196 -0.396  0.436 -0.347  0.21  -0.094  0.028]
 [-0.    -0.022 -0.004 -0.001 -0.    -0.    -0.    -0.    -0.    -0.    -0.    -0.    -0.    -0.    -0.    -0.276  0.282 -0.004 -0.279  0.286 -0.009 -0.286  0.329 -0.086 -0.244  0.434 -0.408  0.251 -0.096]
 [-0.    -0.02  -0.003 -0.001 -0.    -0.    -0.    -0.    -0.    -0.    -0.    -0.    -0.    -0.    -0.    -0.288  0.212  0.138 -0.311  0.084  0.256 -0.282 -0.043  0.335 -0.257 -0.111  0.417 -0.43   0.229]
 [ 0.    -0.019 -0.003 -0.001 -0.    -0.    -0.    -0.    -0.    -0.    -0.    -0.    -0.    -0.    -0.    -0.296  0.133  0.239 -0.235 -0.141  0.303  0.007 -0.32   0.154  0.26  -0.324 -0.077  0.452 -0.402]
 [ 0.    -0.017 -0.003 -0.001 -0.    -0.    -0.    -0.    -0.    -0.    -0.    -0.    -0.    -0.    -0.    -0.3    0.049  0.292 -0.091 -0.283  0.134  0.273 -0.184 -0.258  0.244  0.236 -0.328 -0.196  0.528]
 [ 0.    -0.016 -0.002 -0.    -0.    -0.    -0.    -0.    -0.    -0.    -0.    -0.    -0.    -0.    -0.    -0.301 -0.037  0.295  0.079 -0.288 -0.124  0.279  0.175 -0.265 -0.236  0.243  0.323 -0.202 -0.527]
 [-0.    -0.015 -0.002 -0.    -0.    -0.    -0.    -0.    -0.    -0.    -0.    -0.    -0.    -0.    -0.    -0.299 -0.121  0.246  0.227 -0.151 -0.3    0.018  0.323  0.145 -0.267 -0.32   0.085  0.454  0.399]
 [-0.    -0.013 -0.002 -0.    -0.    -0.    -0.    -0.    -0.    -0.    -0.    -0.    -0.    -0.    -0.    -0.293 -0.202  0.149  0.309  0.072 -0.263 -0.276  0.054  0.338  0.251 -0.12  -0.42  -0.428 -0.226]
 [-0.    -0.012 -0.001 -0.    -0.    -0.    -0.    -0.    -0.    -0.    -0.    -0.    -0.    -0.    -0.    -0.282 -0.275  0.009  0.286  0.279 -0.003 -0.293 -0.325 -0.076  0.252  0.436  0.405  0.248  0.094]
 [-0.    -0.011 -0.001 -0.    -0.    -0.    -0.    -0.    -0.    -0.    -0.    -0.    -0.    -0.    -0.    -0.266 -0.335 -0.161  0.13   0.332  0.309  0.082 -0.205 -0.4   -0.435 -0.344 -0.206 -0.092 -0.027]
 [ 0.    -0.009 -0.001 -0.    -0.    -0.    -0.    -0.    -0.    -0.    -0.    -0.    -0.    -0.    -0.    -0.239 -0.37  -0.337 -0.155  0.095  0.313  0.429  0.429  0.346  0.231  0.129  0.059  0.021  0.005]
 [-0.    -0.007 -0.001 -0.    -0.    -0.    -0.    -0.    -0.    -0.    -0.    -0.    -0.    -0.    -0.    -0.186 -0.339 -0.439 -0.471 -0.439 -0.361 -0.264 -0.172 -0.099 -0.051 -0.022 -0.008 -0.002 -0.   ]]
[sanity] ||h_final - C^† h C|| / ||h|| = 0.000e+00
hdc_ab = 
[[-0.227  0.     0.    ...  0.     0.     0.   ]
 [ 0.    -0.227  0.    ...  0.     0.     0.   ]
 [ 0.     0.    -0.227 ...  0.     0.     0.   ]
 ...
 [ 0.     0.     0.    ...  1.249  0.     0.189]
 [ 0.     0.     0.    ...  0.     1.249  0.   ]
 [ 0.     0.     0.    ...  0.189  0.     1.249]]
C_ab = 
[[ 1.     0.     0.    ...  0.     0.     0.   ]
 [ 0.     1.     0.    ...  0.     0.     0.   ]
 [ 0.     0.     1.    ...  0.     0.     0.   ]
 ...
 [ 0.     0.     0.    ...  0.021  0.     0.005]
 [ 0.     0.    -0.    ...  0.    -0.     0.   ]
 [ 0.     0.     0.    ... -0.002  0.    -0.   ]]
C = 
[[ 1.     0.     0.    ...  0.     0.     0.   ]
 [ 0.     1.     0.    ...  0.     0.     0.   ]
 [-0.     0.    -0.046 ...  0.     0.     0.   ]
 ...
 [ 0.     0.     0.    ... -0.206 -0.092 -0.027]
 [ 0.     0.     0.    ...  0.059  0.021  0.005]
 [ 0.     0.     0.    ... -0.008 -0.002 -0.   ]]
******************************************
h0_0 = 
[[-0.75   0.    -0.173 ...  0.     0.     0.   ]
 [ 0.    -0.75   0.    ...  0.     0.     0.   ]
 [-0.173  0.    -0.54  ...  0.     0.     0.   ]
 ...
 [ 0.     0.     0.    ...  1.249  0.263  0.   ]
 [ 0.     0.     0.    ...  0.263  1.249  0.189]
 [ 0.     0.     0.    ...  0.     0.189  1.249]]
h0_legacy = 
[[-0.75   0.     0.041 ...  0.     0.     0.   ]
 [ 0.    -0.75   0.    ...  0.     0.     0.   ]
 [ 0.041  0.    -2.179 ...  0.     0.     0.   ]
 ...
 [ 0.     0.     0.    ...  1.893  0.     0.   ]
 [ 0.     0.     0.    ...  0.     2.036  0.   ]
 [ 0.     0.     0.    ...  0.     0.     2.179]]
Partitioning system: 2 impurity orbitals, 56 bath orbitals.
Generating basis for 2 electrons on impurity and 56 on bath.
Found 2 impurity configurations and 1 bath configurations.
Retaining only Sz=0 in starting basis
Generated a total of 2 unique starting determinants.
sb = [<SlaterDeterminant α=[0, 2, 3, 4, 5, 6, 7, 8, 9, 10, 11, 12, 13, 14, 15, 30, 31, 32, 33, 34, 35, 36, 37, 38, 39, 40, 41, 42, 43] β=[0, 2, 3, 4, 5, 6, 7, 8, 9, 10, 11, 12, 13, 14, 15, 30, 31, 32, 33, 34, 35, 36, 37, 38, 39, 40, 41, 42, 43]>, <SlaterDeterminant α=[1, 2, 3, 4, 5, 6, 7, 8, 9, 10, 11, 12, 13, 14, 15, 30, 31, 32, 33, 34, 35, 36, 37, 38, 39, 40, 41, 42, 43] β=[1, 2, 3, 4, 5, 6, 7, 8, 9, 10, 11, 12, 13, 14, 15, 30, 31, 32, 33, 34, 35, 36, 37, 38, 39, 40, 41, 42, 43]>]
DEBUG: build ham time = 2.2585647106170654
[init] dim=2  E0=-70.976704851888
blocks = [0.0], time block = 2.6226043701171875e-05
apply_ham time = 0.00014901161193847656
gen basis time = 0.00023412704467773438
sel basis time = 0.00047206878662109375
Found 1 S_z blocks: [0.0]
  Processing Sz=0.0 block of size 22x22
DEBUG: build ham time = 2.2271130084991455
DEBUG: finished rearranging vectors
DEBUG: for basis size 22, ham diag time = 2.2277839183807373
[iter 0] dim=    22  Es=[-71.125986337387 -71.125986337387]  |dE0|=1.493e-01
blocks = [0.0], time block = 3.719329833984375e-05
apply_ham time = 0.000820159912109375
gen basis time = 0.0009970664978027344
sel basis time = 0.0019888877868652344
Found 1 S_z blocks: [0.0]
  Processing Sz=0.0 block of size 124x124
DEBUG: build ham time = 2.22550106048584
DEBUG: finished rearranging vectors
DEBUG: for basis size 124, ham diag time = 2.299478769302368
[iter 1] dim=   124  Es=[-71.148679675428 -71.148679675428]  |dE0|=2.269e-02
blocks = [0.0], time block = 0.00018405914306640625
apply_ham time = 0.004934787750244141
gen basis time = 0.005612850189208984
sel basis time = 0.00734400749206543
Found 1 S_z blocks: [0.0]
  Processing Sz=0.0 block of size 496x496
DEBUG: build ham time = 2.273768901824951
DEBUG: finished rearranging vectors
DEBUG: for basis size 496, ham diag time = 2.2976601123809814
[iter 2] dim=   496  Es=[-71.153230850128 -71.153230850127]  |dE0|=4.551e-03
blocks = [0.0], time block = 0.0006990432739257812
apply_ham time = 0.019370079040527344
gen basis time = 0.021451950073242188
sel basis time = 0.021306276321411133
Found 1 S_z blocks: [0.0]
  Processing Sz=0.0 block of size 1488x1488
DEBUG: build ham time = 2.242905855178833
DEBUG: finished rearranging vectors
DEBUG: for basis size 1488, ham diag time = 2.3039779663085938
[iter 3] dim=  1488  Es=[-71.154214369313 -71.154214310792]  |dE0|=9.835e-04
blocks = [0.0], time block = 0.0020148754119873047
apply_ham time = 0.05928206443786621
gen basis time = 0.06567811965942383
sel basis time = 0.060600996017456055
Found 1 S_z blocks: [0.0]
  Processing Sz=0.0 block of size 4292x4292
DEBUG: build ham time = 2.3516199588775635
DEBUG: finished rearranging vectors
DEBUG: for basis size 4292, ham diag time = 2.556774139404297
[iter 4] dim=  4292  Es=[-71.154424215630 -71.154424213440]  |dE0|=2.098e-04
blocks = [0.0], time block = 0.0058863162994384766
apply_ham time = 0.16333913803100586
gen basis time = 0.1793961524963379
sel basis time = 0.16751575469970703
Found 1 S_z blocks: [0.0]
  Processing Sz=0.0 block of size 9912x9912
DEBUG: build ham time = 2.44020414352417
DEBUG: finished rearranging vectors
DEBUG: for basis size 9912, ham diag time = 3.9731459617614746
[iter 5] dim=  9912  Es=[-71.154467719024 -71.154467718820]  |dE0|=4.350e-05
blocks = [0.0], time block = 0.013803958892822266
apply_ham time = 0.39199304580688477
gen basis time = 0.43471503257751465
sel basis time = 0.35053181648254395
Found 1 S_z blocks: [0.0]
  Processing Sz=0.0 block of size 18554x18554
DEBUG: build ham time = 2.6333370208740234
DEBUG: finished rearranging vectors
DEBUG: for basis size 18554, ham diag time = 5.718207120895386
[iter 6] dim= 18554  Es=[-71.154476455211 -71.154476455171]  |dE0|=8.736e-06
[conv] reached |dE| < 1e-05
Found 1 S_z blocks: [0.0]
  Processing Sz=0.0 block of size 18554x18554
DEBUG: build ham time = 2.6532280445098877
DEBUG: finished rearranging vectors
sci total time : 55.47192883491516
energies = [-71.154 -71.154], e0 = -71.15447645521306
len basis = 18554
len(basis(psis0)) = 18554
target_indices = [0, 1, 58, 59]
 Founds blocks : [[0], [1], [2], [3]]
  Symmetry: is_diagonal=True. Found 1 unique group(s) of blocks.
  Computing representative g_(0,0) via Scalar CF...
DEBUG: build ham time = 2.8986611366271973
DEBUG: build ham time = 3.138392210006714
target_indices = [0, 1, 58, 59]
 Founds blocks : [[0], [1], [2], [3]]
  Symmetry: is_diagonal=True. Found 1 unique group(s) of blocks.
  Computing representative g_(0,0) via Scalar CF...
DEBUG: build ham time = 2.8810770511627197
DEBUG: build ham time = 3.1523332595825195
rdm : 
[[0.5+0.j 0. +0.j 0. +0.j 0. +0.j]
 [0. +0.j 0.5+0.j 0. +0.j 0. +0.j]
 [0. +0.j 0. +0.j 0.5+0.j 0. +0.j]
 [0. +0.j 0. +0.j 0. +0.j 0.5+0.j]]
impurity occupation: (2.000008565511896+0j)
total occupation : (2.000008565511896+0j)

Thermally-averaged calculation finished.
Data saved to 'dump/A_28'
