******************************************
******************************************
NF = 196, M = 98, Nimp = 2
******************************************
[[-0.75   0.     0.    ...  0.     0.     0.   ]
 [ 0.    -0.75   0.    ...  0.     0.     0.   ]
 [ 0.     0.    -0.75  ...  0.     0.028  0.   ]
 ...
 [ 0.     0.     0.    ...  2.125  0.     0.   ]
 [ 0.     0.     0.028 ...  0.     2.208  0.   ]
 [ 0.     0.     0.    ...  0.     0.     2.208]]
************
[[-0.75   0.     0.028 ...  0.     0.     0.   ]
 [ 0.    -0.75   0.    ...  0.04   0.036  0.028]
 [ 0.028  0.    -2.208 ...  0.     0.     0.   ]
 ...
 [ 0.     0.04   0.    ...  2.042  0.     0.   ]
 [ 0.     0.036  0.    ...  0.     2.125  0.   ]
 [ 0.     0.028  0.    ...  0.     0.     2.208]]
h0_0 size:  (196, 196)
U_0 size:  (196, 196, 196, 196)
Going with Nelec_imp = 2, nbath = 96, Nelec = 98
imp_indices_full = [0, 1, 98, 99]
h0_0 = 
[[-0.75   0.     0.028 ...  0.     0.     0.   ]
 [ 0.    -0.75   0.    ...  0.     0.     0.   ]
 [ 0.028  0.    -2.208 ...  0.     0.     0.   ]
 ...
 [ 0.     0.     0.    ...  2.042  0.     0.   ]
 [ 0.     0.     0.    ...  0.     2.125  0.   ]
 [ 0.     0.     0.    ...  0.     0.     2.208]]


--------------------------------------------------------------
Mean-Field Self-Consistent Procedure with block handling
--------------------------------------------------------------
[V1] mfscf proc with Ne=98, maxiter=100, alpha=0.2, threshold=1e-07, spinsym_only = False
[V1] Symmetry analysis found 4 blocks.
[V1] Found 1 unique groups of blocks.
[V1] Blocks: [[0, 2, 3, 4, 5, 6, 7, 8, 9, 10, 11, 12, 13, 14, 15, 16, 17, 18, 19, 20, 21, 22, 23, 24, 25, 26, 27, 28, 29, 30, 31, 32, 33, 34, 35, 36, 37, 38, 39, 40, 41, 42, 43, 44, 45, 46, 47, 48, 49], [1, 50, 51, 52, 53, 54, 55, 56, 57, 58, 59, 60, 61, 62, 63, 64, 65, 66, 67, 68, 69, 70, 71, 72, 73, 74, 75, 76, 77, 78, 79, 80, 81, 82, 83, 84, 85, 86, 87, 88, 89, 90, 91, 92, 93, 94, 95, 96, 97], [98, 100, 101, 102, 103, 104, 105, 106, 107, 108, 109, 110, 111, 112, 113, 114, 115, 116, 117, 118, 119, 120, 121, 122, 123, 124, 125, 126, 127, 128, 129, 130, 131, 132, 133, 134, 135, 136, 137, 138, 139, 140, 141, 142, 143, 144, 145, 146, 147], [99, 148, 149, 150, 151, 152, 153, 154, 155, 156, 157, 158, 159, 160, 161, 162, 163, 164, 165, 166, 167, 168, 169, 170, 171, 172, 173, 174, 175, 176, 177, 178, 179, 180, 181, 182, 183, 184, 185, 186, 187, 188, 189, 190, 191, 192, 193, 194, 195]]
[V1] Identical Groups (by block index): [[0, 1, 2, 3]]
[V1] iter 0, Tr(rho*h0) = -117.44956904
[V1] Ne = 98, initial tr(rho) = 98.00000000+0.00000000j
[V1] mixing parameter: α = 0.2
[V2] Number of non-zero U elements: 16
[V1] Iter         E_total          E_corr        ΔE_total
[V2] U is sparse, using nzU
[V1]    1   -114.57661090     -2.87295813      1.1146e+03
[V1]   10   -116.02320945     -0.41203255      2.6952e-02
[V1]   20   -116.11659372     -0.37264026      2.7915e-03
[V1]   30   -116.12656088     -0.37248209      2.9974e-04
[V1]   40   -116.12763110     -0.37248154      3.2184e-05
[V1]   50   -116.12774601     -0.37248153      3.4557e-06
[V1]   60   -116.12775835     -0.37248153      3.7105e-07
[V1] Converged in 66 iterations.
[V1] Final tr(rho) = 98.00000000+0.00000000j
[V2] Reordering final eigenvectors to spin-blocked convention...
hmf = 
[[-0.221  0.     0.028 ...  0.     0.     0.   ]
 [ 0.    -0.221  0.    ...  0.     0.     0.   ]
 [ 0.028  0.    -2.208 ...  0.     0.     0.   ]
 ...
 [ 0.     0.     0.    ...  2.042  0.     0.   ]
 [ 0.     0.     0.    ...  0.     2.125  0.   ]
 [ 0.     0.     0.    ...  0.     0.     2.208]]
DEBUG, Nimp_sf = 4
hmf_ab = 
[[-0.221+0.j  0.   +0.j  0.   +0.j ...  0.   +0.j  0.   +0.j  0.   +0.j]
 [ 0.   +0.j -0.221+0.j  0.   +0.j ...  0.   +0.j  0.   +0.j  0.   +0.j]
 [ 0.   +0.j  0.   +0.j -0.221+0.j ...  0.   +0.j  0.028+0.j  0.   +0.j]
 ...
 [ 0.   +0.j  0.   +0.j  0.   +0.j ...  2.125+0.j  0.   +0.j  0.   +0.j]
 [ 0.   +0.j  0.   +0.j  0.028+0.j ...  0.   +0.j  2.208+0.j  0.   +0.j]
 [ 0.   +0.j  0.   +0.j  0.   +0.j ...  0.   +0.j  0.   +0.j  2.208+0.j]]

--- Analyzed Structure ---
Found 4 blocks
Blocks: [[0, 4, 6, 8, 10, 12, 14, 16, 18, 20, 22, 24, 26, 28, 30, 32, 34, 36, 38, 40, 42, 44, 46, 48, 50, 52, 54, 56, 58, 60, 62, 64, 66, 68, 70, 72, 74, 76, 78, 80, 82, 84, 86, 88, 90, 92, 94, 96, 98], [1, 5, 7, 9, 11, 13, 15, 17, 19, 21, 23, 25, 27, 29, 31, 33, 35, 37, 39, 41, 43, 45, 47, 49, 51, 53, 55, 57, 59, 61, 63, 65, 67, 69, 71, 73, 75, 77, 79, 81, 83, 85, 87, 89, 91, 93, 95, 97, 99], [2, 100, 102, 104, 106, 108, 110, 112, 114, 116, 118, 120, 122, 124, 126, 128, 130, 132, 134, 136, 138, 140, 142, 144, 146, 148, 150, 152, 154, 156, 158, 160, 162, 164, 166, 168, 170, 172, 174, 176, 178, 180, 182, 184, 186, 188, 190, 192, 194], [3, 101, 103, 105, 107, 109, 111, 113, 115, 117, 119, 121, 123, 125, 127, 129, 131, 133, 135, 137, 139, 141, 143, 145, 147, 149, 151, 153, 155, 157, 159, 161, 163, 165, 167, 169, 171, 173, 175, 177, 179, 181, 183, 185, 187, 189, 191, 193, 195]]
Identical Groups (by block index): [[0, 1, 2, 3]]
[blocks] 4 blocks; identical groups: [[0, 1, 2, 3]]
[check] Tr rho = 98.000000000007, sum blocks = 100.000000000000, Nelec = 98
[leader block 0] size=49 Nimp_b=1 Nelec_b=25
DEBUG: C1 = 
[[ 1.     0.     0.    ...  0.     0.     0.   ]
 [ 0.     0.002  0.1   ... -0.     0.     0.   ]
 [ 0.     0.002 -0.014 ...  0.     0.    -0.   ]
 ...
 [ 0.     0.093  0.    ...  0.341  0.05   0.245]
 [ 0.     0.08   0.    ...  0.388 -0.158 -0.204]
 [ 0.     0.059  0.    ...  0.004  0.324 -0.28 ]]
DEBUG: C2 = 
[[ 1.  0.  0. ...  0.  0.  0.]
 [ 0. -1.  0. ...  0.  0.  0.]
 [ 0.  0.  1. ...  0.  0.  0.]
 ...
 [ 0.  0.  0. ...  1.  0.  0.]
 [ 0.  0.  0. ...  0.  1.  0.]
 [ 0.  0.  0. ...  0.  0.  1.]]
DEBUG: C3 = 
[[-0.983  0.186  0.    ...  0.     0.     0.   ]
 [-0.186 -0.983  0.    ...  0.     0.     0.   ]
 [ 0.     0.     1.    ...  0.     0.     0.   ]
 ...
 [ 0.     0.     0.    ...  1.     0.     0.   ]
 [ 0.     0.     0.    ...  0.     1.     0.   ]
 [ 0.     0.     0.    ...  0.     0.     1.   ]]
DEBUG: C4 = 
[[ 1.     0.     0.    ...  0.     0.     0.   ]
 [ 0.     1.     0.    ...  0.     0.     0.   ]
 [ 0.     0.     0.045 ...  0.     0.     0.   ]
 ...
 [ 0.     0.     0.    ... -0.212  0.085 -0.086]
 [ 0.     0.     0.    ...  0.099 -0.274  0.019]
 [ 0.     0.     0.    ... -0.304 -0.347  0.01 ]]
DEBUG: C_total = 
[[-0.983  0.186  0.    ...  0.     0.     0.   ]
 [ 0.     0.002 -0.124 ...  0.    -0.    -0.   ]
 [ 0.     0.002 -0.161 ... -0.     0.    -0.   ]
 ...
 [ 0.017  0.091  0.001 ...  0.003  0.001  0.   ]
 [ 0.015  0.079  0.001 ... -0.    -0.    -0.   ]
 [ 0.011  0.058  0.001 ...  0.     0.     0.   ]]
DEBUG: C_total_restored = 
[[ 1.    -0.     0.    ...  0.     0.     0.   ]
 [-0.    -0.002 -0.124 ...  0.    -0.    -0.   ]
 [-0.    -0.002 -0.161 ... -0.     0.    -0.   ]
 ...
 [ 0.    -0.093  0.001 ...  0.003  0.001  0.   ]
 [ 0.    -0.08   0.001 ... -0.    -0.    -0.   ]
 [-0.    -0.059  0.001 ...  0.     0.     0.   ]]
h_block_final:
[[-0.221 -0.211 -0.22  ...  0.    -0.    -0.   ]
 [-0.211  0.852 -0.042 ...  0.    -0.    -0.   ]
 [-0.22  -0.042 -1.254 ...  0.    -0.    -0.   ]
 ...
 [ 0.     0.     0.    ...  1.277  0.2   -0.   ]
 [-0.    -0.    -0.    ...  0.2    1.277  0.143]
 [-0.    -0.    -0.    ... -0.     0.143  1.278]]
C_block:
[[ 1.    -0.     0.    ...  0.     0.     0.   ]
 [-0.    -0.002 -0.124 ...  0.    -0.    -0.   ]
 [-0.    -0.002 -0.161 ... -0.     0.    -0.   ]
 ...
 [ 0.    -0.093  0.001 ...  0.003  0.001  0.   ]
 [ 0.    -0.08   0.001 ... -0.    -0.    -0.   ]
 [-0.    -0.059  0.001 ...  0.     0.     0.   ]]
[sanity] ||h_final - C^† h C|| / ||h|| = 0.000e+00
hdc_ab = 
[[-0.221  0.     0.    ...  0.     0.     0.   ]
 [ 0.    -0.221  0.    ...  0.     0.     0.   ]
 [ 0.     0.    -0.221 ...  0.    -0.     0.   ]
 ...
 [ 0.     0.     0.    ...  1.277  0.     0.143]
 [ 0.     0.    -0.    ...  0.     1.278  0.   ]
 [ 0.     0.     0.    ...  0.143  0.     1.278]]
C_ab = 
[[ 1.  0.  0. ...  0.  0.  0.]
 [ 0.  1.  0. ...  0.  0.  0.]
 [ 0.  0.  1. ...  0.  0.  0.]
 ...
 [ 0.  0.  0. ... -0.  0. -0.]
 [ 0.  0. -0. ...  0.  0.  0.]
 [ 0.  0.  0. ...  0.  0.  0.]]
C = 
[[ 1.     0.    -0.    ...  0.     0.     0.   ]
 [ 0.     1.     0.    ...  0.     0.     0.   ]
 [-0.     0.    -0.002 ...  0.     0.     0.   ]
 ...
 [ 0.     0.     0.    ...  0.003  0.001  0.   ]
 [ 0.     0.     0.    ... -0.    -0.    -0.   ]
 [ 0.     0.     0.    ...  0.     0.     0.   ]]
******************************************
h0_0 = 
[[-0.75   0.    -0.211 ...  0.     0.     0.   ]
 [ 0.    -0.75   0.    ...  0.     0.     0.   ]
 [-0.211  0.     0.852 ...  0.     0.     0.   ]
 ...
 [ 0.     0.     0.    ...  1.277  0.2   -0.   ]
 [ 0.     0.     0.    ...  0.2    1.277  0.143]
 [ 0.     0.     0.    ... -0.     0.143  1.278]]
h0_legacy = 
[[-0.75   0.     0.028 ...  0.     0.     0.   ]
 [ 0.    -0.75   0.    ...  0.     0.     0.   ]
 [ 0.028  0.    -2.208 ...  0.     0.     0.   ]
 ...
 [ 0.     0.     0.    ...  2.042  0.     0.   ]
 [ 0.     0.     0.    ...  0.     2.125  0.   ]
 [ 0.     0.     0.    ...  0.     0.     2.208]]
Partitioning system: 2 impurity orbitals, 96 bath orbitals.
Generating basis for 2 electrons on impurity and 96 on bath.
Found 2 impurity configurations and 1 bath configurations.
Retaining only Sz=0 in starting basis
Generated a total of 2 unique starting determinants.
sb = [<SlaterDeterminant α=[0, 3, 4, 5, 6, 7, 8, 9, 10, 11, 12, 13, 14, 15, 16, 17, 18, 19, 20, 21, 22, 23, 24, 25, 26, 51, 52, 53, 54, 55, 56, 57, 58, 59, 60, 61, 62, 63, 64, 65, 66, 67, 68, 69, 70, 71, 72, 73, 74] β=[0, 3, 4, 5, 6, 7, 8, 9, 10, 11, 12, 13, 14, 15, 16, 17, 18, 19, 20, 21, 22, 23, 24, 25, 26, 51, 52, 53, 54, 55, 56, 57, 58, 59, 60, 61, 62, 63, 64, 65, 66, 67, 68, 69, 70, 71, 72, 73, 74]>, <SlaterDeterminant α=[1, 3, 4, 5, 6, 7, 8, 9, 10, 11, 12, 13, 14, 15, 16, 17, 18, 19, 20, 21, 22, 23, 24, 25, 26, 51, 52, 53, 54, 55, 56, 57, 58, 59, 60, 61, 62, 63, 64, 65, 66, 67, 68, 69, 70, 71, 72, 73, 74] β=[1, 3, 4, 5, 6, 7, 8, 9, 10, 11, 12, 13, 14, 15, 16, 17, 18, 19, 20, 21, 22, 23, 24, 25, 26, 51, 52, 53, 54, 55, 56, 57, 58, 59, 60, 61, 62, 63, 64, 65, 66, 67, 68, 69, 70, 71, 72, 73, 74]>]
DEBUG: entering selective_ci()
^C^C^C^C^C^C^C