-10.00000 0.00032 0.00032
-9.98000 0.00032 0.00032
-9.96000 0.00032 0.00032
-9.94000 0.00033 0.00033
-9.92000 0.00033 0.00033
-9.90000 0.00033 0.00033
-9.88000 0.00033 0.00033
-9.86000 0.00033 0.00033
-9.84000 0.00033 0.00033
-9.82000 0.00033 0.00033
-9.80000 0.00033 0.00033
-9.78000 0.00034 0.00034
-9.76000 0.00034 0.00034
-9.74000 0.00034 0.00034
-9.72000 0.00034 0.00034
-9.70000 0.00034 0.00034
-9.68000 0.00034 0.00034
-9.66000 0.00034 0.00034
-9.64000 0.00035 0.00035
-9.62000 0.00035 0.00035
-9.60000 0.00035 0.00035
-9.58000 0.00035 0.00035
-9.56000 0.00035 0.00035
-9.54000 0.00035 0.00035
-9.52000 0.00035 0.00035
-9.50000 0.00036 0.00036
-9.48000 0.00036 0.00036
-9.46000 0.00036 0.00036
-9.44000 0.00036 0.00036
-9.42000 0.00036 0.00036
-9.40000 0.00036 0.00036
-9.38000 0.00037 0.00037
-9.36000 0.00037 0.00037
-9.34000 0.00037 0.00037
-9.32000 0.00037 0.00037
-9.30000 0.00037 0.00037
-9.28000 0.00037 0.00037
-9.26000 0.00038 0.00038
-9.24000 0.00038 0.00038
-9.22000 0.00038 0.00038
-9.20000 0.00038 0.00038
-9.18000 0.00038 0.00038
-9.16000 0.00038 0.00038
-9.14000 0.00039 0.00039
-9.12000 0.00039 0.00039
-9.10000 0.00039 0.00039
-9.08000 0.00039 0.00039
-9.06000 0.00039 0.00039
-9.04000 0.00039 0.00039
-9.02000 0.00040 0.00040
-9.00000 0.00040 0.00040
-8.98000 0.00040 0.00040
-8.96000 0.00040 0.00040
-8.94000 0.00040 0.00040
-8.92000 0.00040 0.00040
-8.90000 0.00041 0.00041
-8.88000 0.00041 0.00041
-8.86000 0.00041 0.00041
-8.84000 0.00041 0.00041
-8.82000 0.00041 0.00041
-8.80000 0.00042 0.00042
-8.78000 0.00042 0.00042
-8.76000 0.00042 0.00042
-8.74000 0.00042 0.00042
-8.72000 0.00042 0.00042
-8.70000 0.00043 0.00043
-8.68000 0.00043 0.00043
-8.66000 0.00043 0.00043
-8.64000 0.00043 0.00043
-8.62000 0.00043 0.00043
-8.60000 0.00044 0.00044
-8.58000 0.00044 0.00044
-8.56000 0.00044 0.00044
-8.54000 0.00044 0.00044
-8.52000 0.00044 0.00044
-8.50000 0.00045 0.00045
-8.48000 0.00045 0.00045
-8.46000 0.00045 0.00045
-8.44000 0.00045 0.00045
-8.42000 0.00045 0.00045
-8.40000 0.00046 0.00046
-8.38000 0.00046 0.00046
-8.36000 0.00046 0.00046
-8.34000 0.00046 0.00046
-8.32000 0.00047 0.00047
-8.30000 0.00047 0.00047
-8.28000 0.00047 0.00047
-8.26000 0.00047 0.00047
-8.24000 0.00048 0.00048
-8.22000 0.00048 0.00048
-8.20000 0.00048 0.00048
-8.18000 0.00048 0.00048
-8.16000 0.00048 0.00048
-8.14000 0.00049 0.00049
-8.12000 0.00049 0.00049
-8.10000 0.00049 0.00049
-8.08000 0.00049 0.00049
-8.06000 0.00050 0.00050
-8.04000 0.00050 0.00050
-8.02000 0.00050 0.00050
-8.00000 0.00050 0.00050
-7.98000 0.00051 0.00051
-7.96000 0.00051 0.00051
-7.94000 0.00051 0.00051
-7.92000 0.00051 0.00051
-7.90000 0.00052 0.00052
-7.88000 0.00052 0.00052
-7.86000 0.00052 0.00052
-7.84000 0.00053 0.00053
-7.82000 0.00053 0.00053
-7.80000 0.00053 0.00053
-7.78000 0.00053 0.00053
-7.76000 0.00054 0.00054
-7.74000 0.00054 0.00054
-7.72000 0.00054 0.00054
-7.70000 0.00055 0.00055
-7.68000 0.00055 0.00055
-7.66000 0.00055 0.00055
-7.64000 0.00055 0.00055
-7.62000 0.00056 0.00056
-7.60000 0.00056 0.00056
-7.58000 0.00056 0.00056
-7.56000 0.00057 0.00057
-7.54000 0.00057 0.00057
-7.52000 0.00057 0.00057
-7.50000 0.00058 0.00058
-7.48000 0.00058 0.00058
-7.46000 0.00058 0.00058
-7.44000 0.00058 0.00058
-7.42000 0.00059 0.00059
-7.40000 0.00059 0.00059
-7.38000 0.00059 0.00059
-7.36000 0.00060 0.00060
-7.34000 0.00060 0.00060
-7.32000 0.00060 0.00060
-7.30000 0.00061 0.00061
-7.28000 0.00061 0.00061
-7.26000 0.00061 0.00061
-7.24000 0.00062 0.00062
-7.22000 0.00062 0.00062
-7.20000 0.00062 0.00062
-7.18000 0.00063 0.00063
-7.16000 0.00063 0.00063
-7.14000 0.00064 0.00064
-7.12000 0.00064 0.00064
-7.10000 0.00064 0.00064
-7.08000 0.00065 0.00065
-7.06000 0.00065 0.00065
-7.04000 0.00065 0.00065
-7.02000 0.00066 0.00066
-7.00000 0.00066 0.00066
-6.98000 0.00067 0.00067
-6.96000 0.00067 0.00067
-6.94000 0.00067 0.00067
-6.92000 0.00068 0.00068
-6.90000 0.00068 0.00068
-6.88000 0.00069 0.00069
-6.86000 0.00069 0.00069
-6.84000 0.00069 0.00069
-6.82000 0.00070 0.00070
-6.80000 0.00070 0.00070
-6.78000 0.00071 0.00071
-6.76000 0.00071 0.00071
-6.74000 0.00071 0.00071
-6.72000 0.00072 0.00072
-6.70000 0.00072 0.00072
-6.68000 0.00073 0.00073
-6.66000 0.00073 0.00073
-6.64000 0.00074 0.00074
-6.62000 0.00074 0.00074
-6.60000 0.00075 0.00075
-6.58000 0.00075 0.00075
-6.56000 0.00076 0.00076
-6.54000 0.00076 0.00076
-6.52000 0.00076 0.00076
-6.50000 0.00077 0.00077
-6.48000 0.00077 0.00077
-6.46000 0.00078 0.00078
-6.44000 0.00078 0.00078
-6.42000 0.00079 0.00079
-6.40000 0.00079 0.00079
-6.38000 0.00080 0.00080
-6.36000 0.00080 0.00080
-6.34000 0.00081 0.00081
-6.32000 0.00082 0.00082
-6.30000 0.00082 0.00082
-6.28000 0.00083 0.00083
-6.26000 0.00083 0.00083
-6.24000 0.00084 0.00084
-6.22000 0.00084 0.00084
-6.20000 0.00085 0.00085
-6.18000 0.00085 0.00085
-6.16000 0.00086 0.00086
-6.14000 0.00086 0.00086
-6.12000 0.00087 0.00087
-6.10000 0.00088 0.00088
-6.08000 0.00088 0.00088
-6.06000 0.00089 0.00089
-6.04000 0.00089 0.00089
-6.02000 0.00090 0.00090
-6.00000 0.00091 0.00091
-5.98000 0.00091 0.00091
-5.96000 0.00092 0.00092
-5.94000 0.00093 0.00093
-5.92000 0.00093 0.00093
-5.90000 0.00094 0.00094
-5.88000 0.00095 0.00095
-5.86000 0.00095 0.00095
-5.84000 0.00096 0.00096
-5.82000 0.00097 0.00097
-5.80000 0.00097 0.00097
-5.78000 0.00098 0.00098
-5.76000 0.00099 0.00099
-5.74000 0.00099 0.00099
-5.72000 0.00100 0.00100
-5.70000 0.00101 0.00101
-5.68000 0.00101 0.00101
-5.66000 0.00102 0.00102
-5.64000 0.00103 0.00103
-5.62000 0.00104 0.00104
-5.60000 0.00104 0.00104
-5.58000 0.00105 0.00105
-5.56000 0.00106 0.00106
-5.54000 0.00107 0.00107
-5.52000 0.00108 0.00108
-5.50000 0.00108 0.00108
-5.48000 0.00109 0.00109
-5.46000 0.00110 0.00110
-5.44000 0.00111 0.00111
-5.42000 0.00112 0.00112
-5.40000 0.00113 0.00113
-5.38000 0.00113 0.00113
-5.36000 0.00114 0.00114
-5.34000 0.00115 0.00115
-5.32000 0.00116 0.00116
-5.30000 0.00117 0.00117
-5.28000 0.00118 0.00118
-5.26000 0.00119 0.00119
-5.24000 0.00120 0.00120
-5.22000 0.00121 0.00121
-5.20000 0.00122 0.00122
-5.18000 0.00123 0.00123
-5.16000 0.00124 0.00124
-5.14000 0.00125 0.00125
-5.12000 0.00126 0.00126
-5.10000 0.00127 0.00127
-5.08000 0.00128 0.00128
-5.06000 0.00129 0.00129
-5.04000 0.00130 0.00130
-5.02000 0.00131 0.00131
-5.00000 0.00132 0.00132
-4.98000 0.00133 0.00133
-4.96000 0.00134 0.00134
-4.94000 0.00135 0.00135
-4.92000 0.00137 0.00137
-4.90000 0.00138 0.00138
-4.88000 0.00139 0.00139
-4.86000 0.00140 0.00140
-4.84000 0.00141 0.00141
-4.82000 0.00142 0.00142
-4.80000 0.00144 0.00144
-4.78000 0.00145 0.00145
-4.76000 0.00146 0.00146
-4.74000 0.00148 0.00148
-4.72000 0.00149 0.00149
-4.70000 0.00150 0.00150
-4.68000 0.00152 0.00152
-4.66000 0.00153 0.00153
-4.64000 0.00154 0.00154
-4.62000 0.00156 0.00156
-4.60000 0.00157 0.00157
-4.58000 0.00158 0.00158
-4.56000 0.00160 0.00160
-4.54000 0.00161 0.00161
-4.52000 0.00163 0.00163
-4.50000 0.00164 0.00164
-4.48000 0.00166 0.00166
-4.46000 0.00168 0.00168
-4.44000 0.00169 0.00169
-4.42000 0.00171 0.00171
-4.40000 0.00172 0.00172
-4.38000 0.00174 0.00174
-4.36000 0.00176 0.00176
-4.34000 0.00177 0.00177
-4.32000 0.00179 0.00179
-4.30000 0.00181 0.00181
-4.28000 0.00183 0.00183
-4.26000 0.00184 0.00184
-4.24000 0.00186 0.00186
-4.22000 0.00188 0.00188
-4.20000 0.00190 0.00190
-4.18000 0.00192 0.00192
-4.16000 0.00194 0.00194
-4.14000 0.00196 0.00196
-4.12000 0.00198 0.00198
-4.10000 0.00200 0.00200
-4.08000 0.00202 0.00202
-4.06000 0.00204 0.00204
-4.04000 0.00206 0.00206
-4.02000 0.00209 0.00209
-4.00000 0.00211 0.00211
-3.98000 0.00213 0.00213
-3.96000 0.00215 0.00215
-3.94000 0.00218 0.00218
-3.92000 0.00220 0.00220
-3.90000 0.00222 0.00222
-3.88000 0.00225 0.00225
-3.86000 0.00227 0.00227
-3.84000 0.00230 0.00230
-3.82000 0.00232 0.00232
-3.80000 0.00235 0.00235
-3.78000 0.00238 0.00238
-3.76000 0.00240 0.00240
-3.74000 0.00243 0.00243
-3.72000 0.00246 0.00246
-3.70000 0.00249 0.00249
-3.68000 0.00252 0.00252
-3.66000 0.00255 0.00255
-3.64000 0.00258 0.00258
-3.62000 0.00261 0.00261
-3.60000 0.00264 0.00264
-3.58000 0.00267 0.00267
-3.56000 0.00270 0.00270
-3.54000 0.00274 0.00274
-3.52000 0.00277 0.00277
-3.50000 0.00280 0.00280
-3.48000 0.00284 0.00284
-3.46000 0.00287 0.00287
-3.44000 0.00291 0.00291
-3.42000 0.00295 0.00295
-3.40000 0.00298 0.00298
-3.38000 0.00302 0.00302
-3.36000 0.00306 0.00306
-3.34000 0.00310 0.00310
-3.32000 0.00314 0.00314
-3.30000 0.00318 0.00318
-3.28000 0.00323 0.00323
-3.26000 0.00327 0.00327
-3.24000 0.00332 0.00332
-3.22000 0.00336 0.00336
-3.20000 0.00341 0.00341
-3.18000 0.00345 0.00345
-3.16000 0.00350 0.00350
-3.14000 0.00355 0.00355
-3.12000 0.00360 0.00360
-3.10000 0.00365 0.00365
-3.08000 0.00371 0.00371
-3.06000 0.00376 0.00376
-3.04000 0.00381 0.00381
-3.02000 0.00387 0.00387
-3.00000 0.00393 0.00393
-2.98000 0.00399 0.00399
-2.96000 0.00405 0.00405
-2.94000 0.00411 0.00411
-2.92000 0.00417 0.00417
-2.90000 0.00424 0.00424
-2.88000 0.00430 0.00430
-2.86000 0.00437 0.00437
-2.84000 0.00444 0.00444
-2.82000 0.00451 0.00451
-2.80000 0.00459 0.00459
-2.78000 0.00466 0.00466
-2.76000 0.00474 0.00474
-2.74000 0.00482 0.00482
-2.72000 0.00490 0.00490
-2.70000 0.00498 0.00498
-2.68000 0.00507 0.00507
-2.66000 0.00515 0.00515
-2.64000 0.00524 0.00524
-2.62000 0.00534 0.00534
-2.60000 0.00543 0.00543
-2.58000 0.00553 0.00553
-2.56000 0.00563 0.00563
-2.54000 0.00574 0.00574
-2.52000 0.00584 0.00584
-2.50000 0.00595 0.00595
-2.48000 0.00607 0.00607
-2.46000 0.00619 0.00619
-2.44000 0.00631 0.00631
-2.42000 0.00643 0.00643
-2.40000 0.00656 0.00656
-2.38000 0.00669 0.00669
-2.36000 0.00683 0.00683
-2.34000 0.00697 0.00697
-2.32000 0.00712 0.00712
-2.30000 0.00727 0.00727
-2.28000 0.00743 0.00743
-2.26000 0.00759 0.00759
-2.24000 0.00776 0.00776
-2.22000 0.00793 0.00793
-2.20000 0.00811 0.00811
-2.18000 0.00830 0.00830
-2.16000 0.00850 0.00850
-2.14000 0.00870 0.00870
-2.12000 0.00891 0.00891
-2.10000 0.00913 0.00913
-2.08000 0.00936 0.00936
-2.06000 0.00960 0.00960
-2.04000 0.00985 0.00985
-2.02000 0.01010 0.01010
-2.00000 0.01037 0.01037
-1.98000 0.01066 0.01066
-1.96000 0.01095 0.01095
-1.94000 0.01127 0.01127
-1.92000 0.01160 0.01160
-1.90000 0.01194 0.01194
-1.88000 0.01231 0.01231
-1.86000 0.01268 0.01268
-1.84000 0.01307 0.01307
-1.82000 0.01348 0.01348
-1.80000 0.01391 0.01391
-1.78000 0.01437 0.01437
-1.76000 0.01486 0.01486
-1.74000 0.01538 0.01538
-1.72000 0.01595 0.01595
-1.70000 0.01655 0.01655
-1.68000 0.01718 0.01718
-1.66000 0.01784 0.01784
-1.64000 0.01853 0.01853
-1.62000 0.01924 0.01924
-1.60000 0.01999 0.01999
-1.58000 0.02079 0.02079
-1.56000 0.02167 0.02167
-1.54000 0.02264 0.02264
-1.52000 0.02370 0.02370
-1.50000 0.02486 0.02486
-1.48000 0.02610 0.02610
-1.46000 0.02740 0.02740
-1.44000 0.02878 0.02878
-1.42000 0.03022 0.03022
-1.40000 0.03175 0.03175
-1.38000 0.03341 0.03341
-1.36000 0.03526 0.03526
-1.34000 0.03734 0.03734
-1.32000 0.03970 0.03970
-1.30000 0.04236 0.04236
-1.28000 0.04531 0.04531
-1.26000 0.04855 0.04855
-1.24000 0.05208 0.05208
-1.22000 0.05594 0.05594
-1.20000 0.06017 0.06017
-1.18000 0.06486 0.06486
-1.16000 0.07017 0.07017
-1.14000 0.07635 0.07635
-1.12000 0.08370 0.08370
-1.10000 0.09249 0.09249
-1.08000 0.10293 0.10293
-1.06000 0.11522 0.11522
-1.04000 0.12949 0.12949
-1.02000 0.14577 0.14577
-1.00000 0.16367 0.16367
-0.98000 0.18241 0.18241
-0.96000 0.20120 0.20120
-0.94000 0.22002 0.22002
-0.92000 0.23971 0.23971
-0.90000 0.26132 0.26132
-0.88000 0.28591 0.28591
-0.86000 0.31472 0.31472
-0.84000 0.34849 0.34849
-0.82000 0.38587 0.38587
-0.80000 0.42250 0.42250
-0.78000 0.45238 0.45238
-0.76000 0.47246 0.47246
-0.74000 0.48587 0.48587
-0.72000 0.49891 0.49891
-0.70000 0.51531 0.51531
-0.68000 0.53440 0.53440
-0.66000 0.55297 0.55297
-0.64000 0.56640 0.56640
-0.62000 0.56876 0.56876
-0.60000 0.55608 0.55608
-0.58000 0.53154 0.53154
-0.56000 0.50450 0.50450
-0.54000 0.48399 0.48399
-0.52000 0.47391 0.47391
-0.50000 0.47223 0.47223
-0.48000 0.47269 0.47269
-0.46000 0.46840 0.46840
-0.44000 0.45584 0.45584
-0.42000 0.43580 0.43580
-0.40000 0.41219 0.41219
-0.38000 0.39046 0.39046
-0.36000 0.37559 0.37559
-0.34000 0.37050 0.37050
-0.32000 0.37552 0.37552
-0.30000 0.38825 0.38825
-0.28000 0.40342 0.40342
-0.26000 0.41438 0.41438
-0.24000 0.41698 0.41698
-0.22000 0.41274 0.41274
-0.20000 0.40744 0.40744
-0.18000 0.40757 0.40757
-0.16000 0.41813 0.41813
-0.14000 0.44236 0.44236
-0.12000 0.48168 0.48168
-0.10000 0.53507 0.53507
-0.08000 0.59744 0.59744
-0.06000 0.65862 0.65862
-0.04000 0.70640 0.70640
-0.02000 0.73394 0.73394
0.00000 0.74239 0.74239
0.02000 0.73394 0.73394
0.04000 0.70640 0.70640
0.06000 0.65862 0.65862
0.08000 0.59744 0.59744
0.10000 0.53507 0.53507
0.12000 0.48168 0.48168
0.14000 0.44236 0.44236
0.16000 0.41813 0.41813
0.18000 0.40757 0.40757
0.20000 0.40744 0.40744
0.22000 0.41274 0.41274
0.24000 0.41698 0.41698
0.26000 0.41438 0.41438
0.28000 0.40342 0.40342
0.30000 0.38825 0.38825
0.32000 0.37552 0.37552
0.34000 0.37050 0.37050
0.36000 0.37559 0.37559
0.38000 0.39046 0.39046
0.40000 0.41219 0.41219
0.42000 0.43580 0.43580
0.44000 0.45584 0.45584
0.46000 0.46840 0.46840
0.48000 0.47269 0.47269
0.50000 0.47223 0.47223
0.52000 0.47391 0.47391
0.54000 0.48399 0.48399
0.56000 0.50450 0.50450
0.58000 0.53154 0.53154
0.60000 0.55608 0.55608
0.62000 0.56876 0.56876
0.64000 0.56640 0.56640
0.66000 0.55297 0.55297
0.68000 0.53440 0.53440
0.70000 0.51531 0.51531
0.72000 0.49891 0.49891
0.74000 0.48587 0.48587
0.76000 0.47246 0.47246
0.78000 0.45238 0.45238
0.80000 0.42250 0.42250
0.82000 0.38587 0.38587
0.84000 0.34849 0.34849
0.86000 0.31472 0.31472
0.88000 0.28591 0.28591
0.90000 0.26132 0.26132
0.92000 0.23971 0.23971
0.94000 0.22002 0.22002
0.96000 0.20120 0.20120
0.98000 0.18241 0.18241
1.00000 0.16367 0.16367
1.02000 0.14577 0.14577
1.04000 0.12949 0.12949
1.06000 0.11522 0.11522
1.08000 0.10293 0.10293
1.10000 0.09249 0.09249
1.12000 0.08370 0.08370
1.14000 0.07635 0.07635
1.16000 0.07017 0.07017
1.18000 0.06486 0.06486
1.20000 0.06017 0.06017
1.22000 0.05594 0.05594
1.24000 0.05208 0.05208
1.26000 0.04855 0.04855
1.28000 0.04531 0.04531
1.30000 0.04236 0.04236
1.32000 0.03970 0.03970
1.34000 0.03734 0.03734
1.36000 0.03526 0.03526
1.38000 0.03341 0.03341
1.40000 0.03175 0.03175
1.42000 0.03022 0.03022
1.44000 0.02878 0.02878
1.46000 0.02740 0.02740
1.48000 0.02610 0.02610
1.50000 0.02486 0.02486
1.52000 0.02370 0.02370
1.54000 0.02264 0.02264
1.56000 0.02167 0.02167
1.58000 0.02079 0.02079
1.60000 0.01999 0.01999
1.62000 0.01924 0.01924
1.64000 0.01853 0.01853
1.66000 0.01784 0.01784
1.68000 0.01718 0.01718
1.70000 0.01655 0.01655
1.72000 0.01595 0.01595
1.74000 0.01538 0.01538
1.76000 0.01486 0.01486
1.78000 0.01437 0.01437
1.80000 0.01391 0.01391
1.82000 0.01348 0.01348
1.84000 0.01307 0.01307
1.86000 0.01268 0.01268
1.88000 0.01231 0.01231
1.90000 0.01194 0.01194
1.92000 0.01160 0.01160
1.94000 0.01127 0.01127
1.96000 0.01095 0.01095
1.98000 0.01066 0.01066
2.00000 0.01037 0.01037
2.02000 0.01010 0.01010
2.04000 0.00985 0.00985
2.06000 0.00960 0.00960
2.08000 0.00936 0.00936
2.10000 0.00913 0.00913
2.12000 0.00891 0.00891
2.14000 0.00870 0.00870
2.16000 0.00850 0.00850
2.18000 0.00830 0.00830
2.20000 0.00811 0.00811
2.22000 0.00793 0.00793
2.24000 0.00776 0.00776
2.26000 0.00759 0.00759
2.28000 0.00743 0.00743
2.30000 0.00727 0.00727
2.32000 0.00712 0.00712
2.34000 0.00697 0.00697
2.36000 0.00683 0.00683
2.38000 0.00669 0.00669
2.40000 0.00656 0.00656
2.42000 0.00643 0.00643
2.44000 0.00631 0.00631
2.46000 0.00619 0.00619
2.48000 0.00607 0.00607
2.50000 0.00595 0.00595
2.52000 0.00584 0.00584
2.54000 0.00574 0.00574
2.56000 0.00563 0.00563
2.58000 0.00553 0.00553
2.60000 0.00543 0.00543
2.62000 0.00534 0.00534
2.64000 0.00524 0.00524
2.66000 0.00515 0.00515
2.68000 0.00507 0.00507
2.70000 0.00498 0.00498
2.72000 0.00490 0.00490
2.74000 0.00482 0.00482
2.76000 0.00474 0.00474
2.78000 0.00466 0.00466
2.80000 0.00459 0.00459
2.82000 0.00451 0.00451
2.84000 0.00444 0.00444
2.86000 0.00437 0.00437
2.88000 0.00430 0.00430
2.90000 0.00424 0.00424
2.92000 0.00417 0.00417
2.94000 0.00411 0.00411
2.96000 0.00405 0.00405
2.98000 0.00399 0.00399
3.00000 0.00393 0.00393
3.02000 0.00387 0.00387
3.04000 0.00381 0.00381
3.06000 0.00376 0.00376
3.08000 0.00371 0.00371
3.10000 0.00365 0.00365
3.12000 0.00360 0.00360
3.14000 0.00355 0.00355
3.16000 0.00350 0.00350
3.18000 0.00345 0.00345
3.20000 0.00341 0.00341
3.22000 0.00336 0.00336
3.24000 0.00332 0.00332
3.26000 0.00327 0.00327
3.28000 0.00323 0.00323
3.30000 0.00318 0.00318
3.32000 0.00314 0.00314
3.34000 0.00310 0.00310
3.36000 0.00306 0.00306
3.38000 0.00302 0.00302
3.40000 0.00298 0.00298
3.42000 0.00295 0.00295
3.44000 0.00291 0.00291
3.46000 0.00287 0.00287
3.48000 0.00284 0.00284
3.50000 0.00280 0.00280
3.52000 0.00277 0.00277
3.54000 0.00274 0.00274
3.56000 0.00270 0.00270
3.58000 0.00267 0.00267
3.60000 0.00264 0.00264
3.62000 0.00261 0.00261
3.64000 0.00258 0.00258
3.66000 0.00255 0.00255
3.68000 0.00252 0.00252
3.70000 0.00249 0.00249
3.72000 0.00246 0.00246
3.74000 0.00243 0.00243
3.76000 0.00240 0.00240
3.78000 0.00238 0.00238
3.80000 0.00235 0.00235
3.82000 0.00232 0.00232
3.84000 0.00230 0.00230
3.86000 0.00227 0.00227
3.88000 0.00225 0.00225
3.90000 0.00222 0.00222
3.92000 0.00220 0.00220
3.94000 0.00218 0.00218
3.96000 0.00215 0.00215
3.98000 0.00213 0.00213
4.00000 0.00211 0.00211
4.02000 0.00209 0.00209
4.04000 0.00206 0.00206
4.06000 0.00204 0.00204
4.08000 0.00202 0.00202
4.10000 0.00200 0.00200
4.12000 0.00198 0.00198
4.14000 0.00196 0.00196
4.16000 0.00194 0.00194
4.18000 0.00192 0.00192
4.20000 0.00190 0.00190
4.22000 0.00188 0.00188
4.24000 0.00186 0.00186
4.26000 0.00184 0.00184
4.28000 0.00183 0.00183
4.30000 0.00181 0.00181
4.32000 0.00179 0.00179
4.34000 0.00177 0.00177
4.36000 0.00176 0.00176
4.38000 0.00174 0.00174
4.40000 0.00172 0.00172
4.42000 0.00171 0.00171
4.44000 0.00169 0.00169
4.46000 0.00168 0.00168
4.48000 0.00166 0.00166
4.50000 0.00164 0.00164
4.52000 0.00163 0.00163
4.54000 0.00161 0.00161
4.56000 0.00160 0.00160
4.58000 0.00158 0.00158
4.60000 0.00157 0.00157
4.62000 0.00156 0.00156
4.64000 0.00154 0.00154
4.66000 0.00153 0.00153
4.68000 0.00152 0.00152
4.70000 0.00150 0.00150
4.72000 0.00149 0.00149
4.74000 0.00148 0.00148
4.76000 0.00146 0.00146
4.78000 0.00145 0.00145
4.80000 0.00144 0.00144
4.82000 0.00142 0.00142
4.84000 0.00141 0.00141
4.86000 0.00140 0.00140
4.88000 0.00139 0.00139
4.90000 0.00138 0.00138
4.92000 0.00137 0.00137
4.94000 0.00135 0.00135
4.96000 0.00134 0.00134
4.98000 0.00133 0.00133
5.00000 0.00132 0.00132
5.02000 0.00131 0.00131
5.04000 0.00130 0.00130
5.06000 0.00129 0.00129
5.08000 0.00128 0.00128
5.10000 0.00127 0.00127
5.12000 0.00126 0.00126
5.14000 0.00125 0.00125
5.16000 0.00124 0.00124
5.18000 0.00123 0.00123
5.20000 0.00122 0.00122
5.22000 0.00121 0.00121
5.24000 0.00120 0.00120
5.26000 0.00119 0.00119
5.28000 0.00118 0.00118
5.30000 0.00117 0.00117
5.32000 0.00116 0.00116
5.34000 0.00115 0.00115
5.36000 0.00114 0.00114
5.38000 0.00113 0.00113
5.40000 0.00113 0.00113
5.42000 0.00112 0.00112
5.44000 0.00111 0.00111
5.46000 0.00110 0.00110
5.48000 0.00109 0.00109
5.50000 0.00108 0.00108
5.52000 0.00108 0.00108
5.54000 0.00107 0.00107
5.56000 0.00106 0.00106
5.58000 0.00105 0.00105
5.60000 0.00104 0.00104
5.62000 0.00104 0.00104
5.64000 0.00103 0.00103
5.66000 0.00102 0.00102
5.68000 0.00101 0.00101
5.70000 0.00101 0.00101
5.72000 0.00100 0.00100
5.74000 0.00099 0.00099
5.76000 0.00099 0.00099
5.78000 0.00098 0.00098
5.80000 0.00097 0.00097
5.82000 0.00097 0.00097
5.84000 0.00096 0.00096
5.86000 0.00095 0.00095
5.88000 0.00095 0.00095
5.90000 0.00094 0.00094
5.92000 0.00093 0.00093
5.94000 0.00093 0.00093
5.96000 0.00092 0.00092
5.98000 0.00091 0.00091
6.00000 0.00091 0.00091
6.02000 0.00090 0.00090
6.04000 0.00089 0.00089
6.06000 0.00089 0.00089
6.08000 0.00088 0.00088
6.10000 0.00088 0.00088
6.12000 0.00087 0.00087
6.14000 0.00086 0.00086
6.16000 0.00086 0.00086
6.18000 0.00085 0.00085
6.20000 0.00085 0.00085
6.22000 0.00084 0.00084
6.24000 0.00084 0.00084
6.26000 0.00083 0.00083
6.28000 0.00083 0.00083
6.30000 0.00082 0.00082
6.32000 0.00082 0.00082
6.34000 0.00081 0.00081
6.36000 0.00080 0.00080
6.38000 0.00080 0.00080
6.40000 0.00079 0.00079
6.42000 0.00079 0.00079
6.44000 0.00078 0.00078
6.46000 0.00078 0.00078
6.48000 0.00077 0.00077
6.50000 0.00077 0.00077
6.52000 0.00076 0.00076
6.54000 0.00076 0.00076
6.56000 0.00076 0.00076
6.58000 0.00075 0.00075
6.60000 0.00075 0.00075
6.62000 0.00074 0.00074
6.64000 0.00074 0.00074
6.66000 0.00073 0.00073
6.68000 0.00073 0.00073
6.70000 0.00072 0.00072
6.72000 0.00072 0.00072
6.74000 0.00071 0.00071
6.76000 0.00071 0.00071
6.78000 0.00071 0.00071
6.80000 0.00070 0.00070
6.82000 0.00070 0.00070
6.84000 0.00069 0.00069
6.86000 0.00069 0.00069
6.88000 0.00069 0.00069
6.90000 0.00068 0.00068
6.92000 0.00068 0.00068
6.94000 0.00067 0.00067
6.96000 0.00067 0.00067
6.98000 0.00067 0.00067
7.00000 0.00066 0.00066
7.02000 0.00066 0.00066
7.04000 0.00065 0.00065
7.06000 0.00065 0.00065
7.08000 0.00065 0.00065
7.10000 0.00064 0.00064
7.12000 0.00064 0.00064
7.14000 0.00064 0.00064
7.16000 0.00063 0.00063
7.18000 0.00063 0.00063
7.20000 0.00062 0.00062
7.22000 0.00062 0.00062
7.24000 0.00062 0.00062
7.26000 0.00061 0.00061
7.28000 0.00061 0.00061
7.30000 0.00061 0.00061
7.32000 0.00060 0.00060
7.34000 0.00060 0.00060
7.36000 0.00060 0.00060
7.38000 0.00059 0.00059
7.40000 0.00059 0.00059
7.42000 0.00059 0.00059
7.44000 0.00058 0.00058
7.46000 0.00058 0.00058
7.48000 0.00058 0.00058
7.50000 0.00058 0.00058
7.52000 0.00057 0.00057
7.54000 0.00057 0.00057
7.56000 0.00057 0.00057
7.58000 0.00056 0.00056
7.60000 0.00056 0.00056
7.62000 0.00056 0.00056
7.64000 0.00055 0.00055
7.66000 0.00055 0.00055
7.68000 0.00055 0.00055
7.70000 0.00055 0.00055
7.72000 0.00054 0.00054
7.74000 0.00054 0.00054
7.76000 0.00054 0.00054
7.78000 0.00053 0.00053
7.80000 0.00053 0.00053
7.82000 0.00053 0.00053
7.84000 0.00053 0.00053
7.86000 0.00052 0.00052
7.88000 0.00052 0.00052
7.90000 0.00052 0.00052
7.92000 0.00051 0.00051
7.94000 0.00051 0.00051
7.96000 0.00051 0.00051
7.98000 0.00051 0.00051
8.00000 0.00050 0.00050
8.02000 0.00050 0.00050
8.04000 0.00050 0.00050
8.06000 0.00050 0.00050
8.08000 0.00049 0.00049
8.10000 0.00049 0.00049
8.12000 0.00049 0.00049
8.14000 0.00049 0.00049
8.16000 0.00048 0.00048
8.18000 0.00048 0.00048
8.20000 0.00048 0.00048
8.22000 0.00048 0.00048
8.24000 0.00048 0.00048
8.26000 0.00047 0.00047
8.28000 0.00047 0.00047
8.30000 0.00047 0.00047
8.32000 0.00047 0.00047
8.34000 0.00046 0.00046
8.36000 0.00046 0.00046
8.38000 0.00046 0.00046
8.40000 0.00046 0.00046
8.42000 0.00045 0.00045
8.44000 0.00045 0.00045
8.46000 0.00045 0.00045
8.48000 0.00045 0.00045
8.50000 0.00045 0.00045
8.52000 0.00044 0.00044
8.54000 0.00044 0.00044
8.56000 0.00044 0.00044
8.58000 0.00044 0.00044
8.60000 0.00044 0.00044
8.62000 0.00043 0.00043
8.64000 0.00043 0.00043
8.66000 0.00043 0.00043
8.68000 0.00043 0.00043
8.70000 0.00043 0.00043
8.72000 0.00042 0.00042
8.74000 0.00042 0.00042
8.76000 0.00042 0.00042
8.78000 0.00042 0.00042
8.80000 0.00042 0.00042
8.82000 0.00041 0.00041
8.84000 0.00041 0.00041
8.86000 0.00041 0.00041
8.88000 0.00041 0.00041
8.90000 0.00041 0.00041
8.92000 0.00040 0.00040
8.94000 0.00040 0.00040
8.96000 0.00040 0.00040
8.98000 0.00040 0.00040
9.00000 0.00040 0.00040
9.02000 0.00040 0.00040
9.04000 0.00039 0.00039
9.06000 0.00039 0.00039
9.08000 0.00039 0.00039
9.10000 0.00039 0.00039
9.12000 0.00039 0.00039
9.14000 0.00039 0.00039
9.16000 0.00038 0.00038
9.18000 0.00038 0.00038
9.20000 0.00038 0.00038
9.22000 0.00038 0.00038
9.24000 0.00038 0.00038
9.26000 0.00038 0.00038
9.28000 0.00037 0.00037
9.30000 0.00037 0.00037
9.32000 0.00037 0.00037
9.34000 0.00037 0.00037
9.36000 0.00037 0.00037
9.38000 0.00037 0.00037
9.40000 0.00036 0.00036
9.42000 0.00036 0.00036
9.44000 0.00036 0.00036
9.46000 0.00036 0.00036
9.48000 0.00036 0.00036
9.50000 0.00036 0.00036
9.52000 0.00035 0.00035
9.54000 0.00035 0.00035
9.56000 0.00035 0.00035
9.58000 0.00035 0.00035
9.60000 0.00035 0.00035
9.62000 0.00035 0.00035
9.64000 0.00035 0.00035
9.66000 0.00034 0.00034
9.68000 0.00034 0.00034
9.70000 0.00034 0.00034
9.72000 0.00034 0.00034
9.74000 0.00034 0.00034
9.76000 0.00034 0.00034
9.78000 0.00034 0.00034
9.80000 0.00033 0.00033
9.82000 0.00033 0.00033
9.84000 0.00033 0.00033
9.86000 0.00033 0.00033
9.88000 0.00033 0.00033
9.90000 0.00033 0.00033
9.92000 0.00033 0.00033
9.94000 0.00033 0.00033
9.96000 0.00032 0.00032
9.98000 0.00032 0.00032
10.00000 0.00032 0.00032
