-10.00000 0.00032 0.00032 0.00032 0.00032
-9.98000 0.00032 0.00032 0.00032 0.00032
-9.96000 0.00033 0.00033 0.00033 0.00033
-9.94000 0.00033 0.00033 0.00033 0.00033
-9.92000 0.00033 0.00033 0.00033 0.00033
-9.90000 0.00033 0.00033 0.00033 0.00033
-9.88000 0.00033 0.00033 0.00033 0.00033
-9.86000 0.00033 0.00033 0.00033 0.00033
-9.84000 0.00033 0.00033 0.00033 0.00033
-9.82000 0.00034 0.00034 0.00034 0.00034
-9.80000 0.00034 0.00034 0.00034 0.00034
-9.78000 0.00034 0.00034 0.00034 0.00034
-9.76000 0.00034 0.00034 0.00034 0.00034
-9.74000 0.00034 0.00034 0.00034 0.00034
-9.72000 0.00034 0.00034 0.00034 0.00034
-9.70000 0.00034 0.00034 0.00034 0.00034
-9.68000 0.00035 0.00035 0.00035 0.00035
-9.66000 0.00035 0.00035 0.00035 0.00035
-9.64000 0.00035 0.00035 0.00035 0.00035
-9.62000 0.00035 0.00035 0.00035 0.00035
-9.60000 0.00035 0.00035 0.00035 0.00035
-9.58000 0.00035 0.00035 0.00035 0.00035
-9.56000 0.00035 0.00035 0.00035 0.00035
-9.54000 0.00036 0.00036 0.00036 0.00036
-9.52000 0.00036 0.00036 0.00036 0.00036
-9.50000 0.00036 0.00036 0.00036 0.00036
-9.48000 0.00036 0.00036 0.00036 0.00036
-9.46000 0.00036 0.00036 0.00036 0.00036
-9.44000 0.00036 0.00036 0.00036 0.00036
-9.42000 0.00036 0.00036 0.00036 0.00036
-9.40000 0.00037 0.00037 0.00037 0.00037
-9.38000 0.00037 0.00037 0.00037 0.00037
-9.36000 0.00037 0.00037 0.00037 0.00037
-9.34000 0.00037 0.00037 0.00037 0.00037
-9.32000 0.00037 0.00037 0.00037 0.00037
-9.30000 0.00037 0.00037 0.00037 0.00037
-9.28000 0.00038 0.00038 0.00038 0.00038
-9.26000 0.00038 0.00038 0.00038 0.00038
-9.24000 0.00038 0.00038 0.00038 0.00038
-9.22000 0.00038 0.00038 0.00038 0.00038
-9.20000 0.00038 0.00038 0.00038 0.00038
-9.18000 0.00038 0.00038 0.00038 0.00038
-9.16000 0.00039 0.00039 0.00039 0.00039
-9.14000 0.00039 0.00039 0.00039 0.00039
-9.12000 0.00039 0.00039 0.00039 0.00039
-9.10000 0.00039 0.00039 0.00039 0.00039
-9.08000 0.00039 0.00039 0.00039 0.00039
-9.06000 0.00039 0.00039 0.00039 0.00039
-9.04000 0.00040 0.00040 0.00040 0.00040
-9.02000 0.00040 0.00040 0.00040 0.00040
-9.00000 0.00040 0.00040 0.00040 0.00040
-8.98000 0.00040 0.00040 0.00040 0.00040
-8.96000 0.00040 0.00040 0.00040 0.00040
-8.94000 0.00041 0.00041 0.00041 0.00041
-8.92000 0.00041 0.00041 0.00041 0.00041
-8.90000 0.00041 0.00041 0.00041 0.00041
-8.88000 0.00041 0.00041 0.00041 0.00041
-8.86000 0.00041 0.00041 0.00041 0.00041
-8.84000 0.00042 0.00042 0.00042 0.00042
-8.82000 0.00042 0.00042 0.00042 0.00042
-8.80000 0.00042 0.00042 0.00042 0.00042
-8.78000 0.00042 0.00042 0.00042 0.00042
-8.76000 0.00042 0.00042 0.00042 0.00042
-8.74000 0.00042 0.00042 0.00042 0.00042
-8.72000 0.00043 0.00043 0.00043 0.00043
-8.70000 0.00043 0.00043 0.00043 0.00043
-8.68000 0.00043 0.00043 0.00043 0.00043
-8.66000 0.00043 0.00043 0.00043 0.00043
-8.64000 0.00043 0.00043 0.00043 0.00043
-8.62000 0.00044 0.00044 0.00044 0.00044
-8.60000 0.00044 0.00044 0.00044 0.00044
-8.58000 0.00044 0.00044 0.00044 0.00044
-8.56000 0.00044 0.00044 0.00044 0.00044
-8.54000 0.00045 0.00045 0.00045 0.00045
-8.52000 0.00045 0.00045 0.00045 0.00045
-8.50000 0.00045 0.00045 0.00045 0.00045
-8.48000 0.00045 0.00045 0.00045 0.00045
-8.46000 0.00045 0.00045 0.00045 0.00045
-8.44000 0.00046 0.00046 0.00046 0.00046
-8.42000 0.00046 0.00046 0.00046 0.00046
-8.40000 0.00046 0.00046 0.00046 0.00046
-8.38000 0.00046 0.00046 0.00046 0.00046
-8.36000 0.00047 0.00047 0.00047 0.00047
-8.34000 0.00047 0.00047 0.00047 0.00047
-8.32000 0.00047 0.00047 0.00047 0.00047
-8.30000 0.00047 0.00047 0.00047 0.00047
-8.28000 0.00047 0.00047 0.00047 0.00047
-8.26000 0.00048 0.00048 0.00048 0.00048
-8.24000 0.00048 0.00048 0.00048 0.00048
-8.22000 0.00048 0.00048 0.00048 0.00048
-8.20000 0.00048 0.00048 0.00048 0.00048
-8.18000 0.00049 0.00049 0.00049 0.00049
-8.16000 0.00049 0.00049 0.00049 0.00049
-8.14000 0.00049 0.00049 0.00049 0.00049
-8.12000 0.00049 0.00049 0.00049 0.00049
-8.10000 0.00050 0.00050 0.00050 0.00050
-8.08000 0.00050 0.00050 0.00050 0.00050
-8.06000 0.00050 0.00050 0.00050 0.00050
-8.04000 0.00050 0.00050 0.00050 0.00050
-8.02000 0.00051 0.00051 0.00051 0.00051
-8.00000 0.00051 0.00051 0.00051 0.00051
-7.98000 0.00051 0.00051 0.00051 0.00051
-7.96000 0.00051 0.00051 0.00051 0.00051
-7.94000 0.00052 0.00052 0.00052 0.00052
-7.92000 0.00052 0.00052 0.00052 0.00052
-7.90000 0.00052 0.00052 0.00052 0.00052
-7.88000 0.00053 0.00053 0.00053 0.00053
-7.86000 0.00053 0.00053 0.00053 0.00053
-7.84000 0.00053 0.00053 0.00053 0.00053
-7.82000 0.00053 0.00053 0.00053 0.00053
-7.80000 0.00054 0.00054 0.00054 0.00054
-7.78000 0.00054 0.00054 0.00054 0.00054
-7.76000 0.00054 0.00054 0.00054 0.00054
-7.74000 0.00054 0.00054 0.00054 0.00054
-7.72000 0.00055 0.00055 0.00055 0.00055
-7.70000 0.00055 0.00055 0.00055 0.00055
-7.68000 0.00055 0.00055 0.00055 0.00055
-7.66000 0.00056 0.00056 0.00056 0.00056
-7.64000 0.00056 0.00056 0.00056 0.00056
-7.62000 0.00056 0.00056 0.00056 0.00056
-7.60000 0.00057 0.00057 0.00057 0.00057
-7.58000 0.00057 0.00057 0.00057 0.00057
-7.56000 0.00057 0.00057 0.00057 0.00057
-7.54000 0.00057 0.00057 0.00057 0.00057
-7.52000 0.00058 0.00058 0.00058 0.00058
-7.50000 0.00058 0.00058 0.00058 0.00058
-7.48000 0.00058 0.00058 0.00058 0.00058
-7.46000 0.00059 0.00059 0.00059 0.00059
-7.44000 0.00059 0.00059 0.00059 0.00059
-7.42000 0.00059 0.00059 0.00059 0.00059
-7.40000 0.00060 0.00060 0.00060 0.00060
-7.38000 0.00060 0.00060 0.00060 0.00060
-7.36000 0.00060 0.00060 0.00060 0.00060
-7.34000 0.00061 0.00061 0.00061 0.00061
-7.32000 0.00061 0.00061 0.00061 0.00061
-7.30000 0.00061 0.00061 0.00061 0.00061
-7.28000 0.00062 0.00062 0.00062 0.00062
-7.26000 0.00062 0.00062 0.00062 0.00062
-7.24000 0.00062 0.00062 0.00062 0.00062
-7.22000 0.00063 0.00063 0.00063 0.00063
-7.20000 0.00063 0.00063 0.00063 0.00063
-7.18000 0.00064 0.00064 0.00064 0.00064
-7.16000 0.00064 0.00064 0.00064 0.00064
-7.14000 0.00064 0.00064 0.00064 0.00064
-7.12000 0.00065 0.00065 0.00065 0.00065
-7.10000 0.00065 0.00065 0.00065 0.00065
-7.08000 0.00065 0.00065 0.00065 0.00065
-7.06000 0.00066 0.00066 0.00066 0.00066
-7.04000 0.00066 0.00066 0.00066 0.00066
-7.02000 0.00067 0.00067 0.00067 0.00067
-7.00000 0.00067 0.00067 0.00067 0.00067
-6.98000 0.00067 0.00067 0.00067 0.00067
-6.96000 0.00068 0.00068 0.00068 0.00068
-6.94000 0.00068 0.00068 0.00068 0.00068
-6.92000 0.00069 0.00069 0.00069 0.00069
-6.90000 0.00069 0.00069 0.00069 0.00069
-6.88000 0.00069 0.00069 0.00069 0.00069
-6.86000 0.00070 0.00070 0.00070 0.00070
-6.84000 0.00070 0.00070 0.00070 0.00070
-6.82000 0.00071 0.00071 0.00071 0.00071
-6.80000 0.00071 0.00071 0.00071 0.00071
-6.78000 0.00072 0.00072 0.00072 0.00072
-6.76000 0.00072 0.00072 0.00072 0.00072
-6.74000 0.00072 0.00072 0.00072 0.00072
-6.72000 0.00073 0.00073 0.00073 0.00073
-6.70000 0.00073 0.00073 0.00073 0.00073
-6.68000 0.00074 0.00074 0.00074 0.00074
-6.66000 0.00074 0.00074 0.00074 0.00074
-6.64000 0.00075 0.00075 0.00075 0.00075
-6.62000 0.00075 0.00075 0.00075 0.00075
-6.60000 0.00076 0.00076 0.00076 0.00076
-6.58000 0.00076 0.00076 0.00076 0.00076
-6.56000 0.00077 0.00077 0.00077 0.00077
-6.54000 0.00077 0.00077 0.00077 0.00077
-6.52000 0.00078 0.00078 0.00078 0.00078
-6.50000 0.00078 0.00078 0.00078 0.00078
-6.48000 0.00079 0.00079 0.00079 0.00079
-6.46000 0.00079 0.00079 0.00079 0.00079
-6.44000 0.00080 0.00080 0.00080 0.00080
-6.42000 0.00080 0.00080 0.00080 0.00080
-6.40000 0.00081 0.00081 0.00081 0.00081
-6.38000 0.00081 0.00081 0.00081 0.00081
-6.36000 0.00082 0.00082 0.00082 0.00082
-6.34000 0.00082 0.00082 0.00082 0.00082
-6.32000 0.00083 0.00083 0.00083 0.00083
-6.30000 0.00083 0.00083 0.00083 0.00083
-6.28000 0.00084 0.00084 0.00084 0.00084
-6.26000 0.00084 0.00084 0.00084 0.00084
-6.24000 0.00085 0.00085 0.00085 0.00085
-6.22000 0.00086 0.00086 0.00086 0.00086
-6.20000 0.00086 0.00086 0.00086 0.00086
-6.18000 0.00087 0.00087 0.00087 0.00087
-6.16000 0.00087 0.00087 0.00087 0.00087
-6.14000 0.00088 0.00088 0.00088 0.00088
-6.12000 0.00089 0.00089 0.00089 0.00089
-6.10000 0.00089 0.00089 0.00089 0.00089
-6.08000 0.00090 0.00090 0.00090 0.00090
-6.06000 0.00090 0.00090 0.00090 0.00090
-6.04000 0.00091 0.00091 0.00091 0.00091
-6.02000 0.00092 0.00092 0.00092 0.00092
-6.00000 0.00092 0.00092 0.00092 0.00092
-5.98000 0.00093 0.00093 0.00093 0.00093
-5.96000 0.00094 0.00094 0.00094 0.00094
-5.94000 0.00094 0.00094 0.00094 0.00094
-5.92000 0.00095 0.00095 0.00095 0.00095
-5.90000 0.00096 0.00096 0.00096 0.00096
-5.88000 0.00096 0.00096 0.00096 0.00096
-5.86000 0.00097 0.00097 0.00097 0.00097
-5.84000 0.00098 0.00098 0.00098 0.00098
-5.82000 0.00098 0.00098 0.00098 0.00098
-5.80000 0.00099 0.00099 0.00099 0.00099
-5.78000 0.00100 0.00100 0.00100 0.00100
-5.76000 0.00101 0.00101 0.00101 0.00101
-5.74000 0.00101 0.00101 0.00101 0.00101
-5.72000 0.00102 0.00102 0.00102 0.00102
-5.70000 0.00103 0.00103 0.00103 0.00103
-5.68000 0.00104 0.00104 0.00104 0.00104
-5.66000 0.00104 0.00104 0.00104 0.00104
-5.64000 0.00105 0.00105 0.00105 0.00105
-5.62000 0.00106 0.00106 0.00106 0.00106
-5.60000 0.00107 0.00107 0.00107 0.00107
-5.58000 0.00108 0.00108 0.00108 0.00108
-5.56000 0.00108 0.00108 0.00108 0.00108
-5.54000 0.00109 0.00109 0.00109 0.00109
-5.52000 0.00110 0.00110 0.00110 0.00110
-5.50000 0.00111 0.00111 0.00111 0.00111
-5.48000 0.00112 0.00112 0.00112 0.00112
-5.46000 0.00113 0.00113 0.00113 0.00113
-5.44000 0.00114 0.00114 0.00114 0.00114
-5.42000 0.00114 0.00114 0.00114 0.00114
-5.40000 0.00115 0.00115 0.00115 0.00115
-5.38000 0.00116 0.00116 0.00116 0.00116
-5.36000 0.00117 0.00117 0.00117 0.00117
-5.34000 0.00118 0.00118 0.00118 0.00118
-5.32000 0.00119 0.00119 0.00119 0.00119
-5.30000 0.00120 0.00120 0.00120 0.00120
-5.28000 0.00121 0.00121 0.00121 0.00121
-5.26000 0.00122 0.00122 0.00122 0.00122
-5.24000 0.00123 0.00123 0.00123 0.00123
-5.22000 0.00124 0.00124 0.00124 0.00124
-5.20000 0.00125 0.00125 0.00125 0.00125
-5.18000 0.00126 0.00126 0.00126 0.00126
-5.16000 0.00127 0.00127 0.00127 0.00127
-5.14000 0.00128 0.00128 0.00128 0.00128
-5.12000 0.00129 0.00129 0.00129 0.00129
-5.10000 0.00130 0.00130 0.00130 0.00130
-5.08000 0.00131 0.00131 0.00131 0.00131
-5.06000 0.00133 0.00133 0.00133 0.00133
-5.04000 0.00134 0.00134 0.00134 0.00134
-5.02000 0.00135 0.00135 0.00135 0.00135
-5.00000 0.00136 0.00136 0.00136 0.00136
-4.98000 0.00137 0.00137 0.00137 0.00137
-4.96000 0.00138 0.00138 0.00138 0.00138
-4.94000 0.00140 0.00140 0.00140 0.00140
-4.92000 0.00141 0.00141 0.00141 0.00141
-4.90000 0.00142 0.00142 0.00142 0.00142
-4.88000 0.00143 0.00143 0.00143 0.00143
-4.86000 0.00145 0.00145 0.00145 0.00145
-4.84000 0.00146 0.00146 0.00146 0.00146
-4.82000 0.00147 0.00147 0.00147 0.00147
-4.80000 0.00149 0.00149 0.00149 0.00149
-4.78000 0.00150 0.00150 0.00150 0.00150
-4.76000 0.00151 0.00151 0.00151 0.00151
-4.74000 0.00153 0.00153 0.00153 0.00153
-4.72000 0.00154 0.00154 0.00154 0.00154
-4.70000 0.00156 0.00156 0.00156 0.00156
-4.68000 0.00157 0.00157 0.00157 0.00157
-4.66000 0.00159 0.00159 0.00159 0.00159
-4.64000 0.00160 0.00160 0.00160 0.00160
-4.62000 0.00162 0.00162 0.00162 0.00162
-4.60000 0.00163 0.00163 0.00163 0.00163
-4.58000 0.00165 0.00165 0.00165 0.00165
-4.56000 0.00166 0.00166 0.00166 0.00166
-4.54000 0.00168 0.00168 0.00168 0.00168
-4.52000 0.00170 0.00170 0.00170 0.00170
-4.50000 0.00171 0.00171 0.00171 0.00171
-4.48000 0.00173 0.00173 0.00173 0.00173
-4.46000 0.00175 0.00175 0.00175 0.00175
-4.44000 0.00177 0.00177 0.00177 0.00177
-4.42000 0.00178 0.00178 0.00178 0.00178
-4.40000 0.00180 0.00180 0.00180 0.00180
-4.38000 0.00182 0.00182 0.00182 0.00182
-4.36000 0.00184 0.00184 0.00184 0.00184
-4.34000 0.00186 0.00186 0.00186 0.00186
-4.32000 0.00188 0.00188 0.00188 0.00188
-4.30000 0.00190 0.00190 0.00190 0.00190
-4.28000 0.00192 0.00192 0.00192 0.00192
-4.26000 0.00194 0.00194 0.00194 0.00194
-4.24000 0.00196 0.00196 0.00196 0.00196
-4.22000 0.00198 0.00198 0.00198 0.00198
-4.20000 0.00200 0.00200 0.00200 0.00200
-4.18000 0.00203 0.00203 0.00203 0.00203
-4.16000 0.00205 0.00205 0.00205 0.00205
-4.14000 0.00207 0.00207 0.00207 0.00207
-4.12000 0.00209 0.00209 0.00209 0.00209
-4.10000 0.00212 0.00212 0.00212 0.00212
-4.08000 0.00214 0.00214 0.00214 0.00214
-4.06000 0.00217 0.00217 0.00217 0.00217
-4.04000 0.00219 0.00219 0.00219 0.00219
-4.02000 0.00222 0.00222 0.00222 0.00222
-4.00000 0.00225 0.00225 0.00225 0.00225
-3.98000 0.00228 0.00228 0.00228 0.00228
-3.96000 0.00231 0.00231 0.00231 0.00231
-3.94000 0.00234 0.00234 0.00234 0.00234
-3.92000 0.00237 0.00237 0.00237 0.00237
-3.90000 0.00240 0.00240 0.00240 0.00240
-3.88000 0.00243 0.00243 0.00243 0.00243
-3.86000 0.00246 0.00246 0.00246 0.00246
-3.84000 0.00250 0.00250 0.00250 0.00250
-3.82000 0.00253 0.00253 0.00253 0.00253
-3.80000 0.00256 0.00256 0.00256 0.00256
-3.78000 0.00259 0.00259 0.00259 0.00259
-3.76000 0.00263 0.00263 0.00263 0.00263
-3.74000 0.00266 0.00266 0.00266 0.00266
-3.72000 0.00269 0.00269 0.00269 0.00269
-3.70000 0.00273 0.00273 0.00273 0.00273
-3.68000 0.00277 0.00277 0.00277 0.00277
-3.66000 0.00281 0.00281 0.00281 0.00281
-3.64000 0.00285 0.00285 0.00285 0.00285
-3.62000 0.00289 0.00289 0.00289 0.00289
-3.60000 0.00294 0.00294 0.00294 0.00294
-3.58000 0.00298 0.00298 0.00298 0.00298
-3.56000 0.00303 0.00303 0.00303 0.00303
-3.54000 0.00308 0.00308 0.00308 0.00308
-3.52000 0.00314 0.00314 0.00314 0.00314
-3.50000 0.00319 0.00319 0.00319 0.00319
-3.48000 0.00325 0.00325 0.00325 0.00325
-3.46000 0.00332 0.00332 0.00332 0.00332
-3.44000 0.00338 0.00338 0.00338 0.00338
-3.42000 0.00346 0.00346 0.00346 0.00346
-3.40000 0.00354 0.00354 0.00354 0.00354
-3.38000 0.00363 0.00363 0.00363 0.00363
-3.36000 0.00373 0.00373 0.00373 0.00373
-3.34000 0.00384 0.00384 0.00384 0.00384
-3.32000 0.00397 0.00397 0.00397 0.00397
-3.30000 0.00412 0.00412 0.00412 0.00412
-3.28000 0.00429 0.00429 0.00429 0.00429
-3.26000 0.00449 0.00449 0.00449 0.00449
-3.24000 0.00472 0.00472 0.00472 0.00472
-3.22000 0.00497 0.00497 0.00497 0.00497
-3.20000 0.00521 0.00521 0.00521 0.00521
-3.18000 0.00540 0.00540 0.00540 0.00540
-3.16000 0.00551 0.00551 0.00551 0.00551
-3.14000 0.00554 0.00554 0.00554 0.00554
-3.12000 0.00549 0.00549 0.00549 0.00549
-3.10000 0.00541 0.00541 0.00541 0.00541
-3.08000 0.00533 0.00533 0.00533 0.00533
-3.06000 0.00528 0.00528 0.00528 0.00528
-3.04000 0.00527 0.00527 0.00527 0.00527
-3.02000 0.00529 0.00529 0.00529 0.00529
-3.00000 0.00534 0.00534 0.00534 0.00534
-2.98000 0.00541 0.00541 0.00541 0.00541
-2.96000 0.00551 0.00551 0.00551 0.00551
-2.94000 0.00563 0.00563 0.00563 0.00563
-2.92000 0.00577 0.00577 0.00577 0.00577
-2.90000 0.00593 0.00593 0.00593 0.00593
-2.88000 0.00611 0.00611 0.00611 0.00611
-2.86000 0.00633 0.00633 0.00633 0.00633
-2.84000 0.00657 0.00657 0.00657 0.00657
-2.82000 0.00685 0.00685 0.00685 0.00685
-2.80000 0.00717 0.00717 0.00717 0.00717
-2.78000 0.00755 0.00755 0.00755 0.00755
-2.76000 0.00799 0.00799 0.00799 0.00799
-2.74000 0.00850 0.00850 0.00850 0.00850
-2.72000 0.00912 0.00912 0.00912 0.00912
-2.70000 0.00986 0.00986 0.00986 0.00986
-2.68000 0.01076 0.01076 0.01076 0.01076
-2.66000 0.01187 0.01187 0.01187 0.01187
-2.64000 0.01324 0.01324 0.01324 0.01324
-2.62000 0.01493 0.01493 0.01493 0.01493
-2.60000 0.01701 0.01701 0.01701 0.01701
-2.58000 0.01949 0.01949 0.01949 0.01949
-2.56000 0.02225 0.02225 0.02225 0.02225
-2.54000 0.02494 0.02494 0.02494 0.02494
-2.52000 0.02692 0.02692 0.02692 0.02692
-2.50000 0.02757 0.02757 0.02757 0.02757
-2.48000 0.02671 0.02671 0.02671 0.02671
-2.46000 0.02476 0.02476 0.02476 0.02476
-2.44000 0.02238 0.02238 0.02238 0.02238
-2.42000 0.02006 0.02006 0.02006 0.02006
-2.40000 0.01804 0.01804 0.01804 0.01804
-2.38000 0.01640 0.01640 0.01640 0.01640
-2.36000 0.01512 0.01512 0.01512 0.01512
-2.34000 0.01416 0.01416 0.01416 0.01416
-2.32000 0.01344 0.01344 0.01344 0.01344
-2.30000 0.01293 0.01293 0.01293 0.01293
-2.28000 0.01257 0.01257 0.01257 0.01257
-2.26000 0.01234 0.01234 0.01234 0.01234
-2.24000 0.01222 0.01222 0.01222 0.01222
-2.22000 0.01222 0.01222 0.01222 0.01222
-2.20000 0.01231 0.01231 0.01231 0.01231
-2.18000 0.01249 0.01249 0.01249 0.01249
-2.16000 0.01277 0.01277 0.01277 0.01277
-2.14000 0.01314 0.01314 0.01314 0.01314
-2.12000 0.01358 0.01358 0.01358 0.01358
-2.10000 0.01410 0.01410 0.01410 0.01410
-2.08000 0.01466 0.01466 0.01466 0.01466
-2.06000 0.01526 0.01526 0.01526 0.01526
-2.04000 0.01585 0.01585 0.01585 0.01585
-2.02000 0.01638 0.01638 0.01638 0.01638
-2.00000 0.01681 0.01681 0.01681 0.01681
-1.98000 0.01713 0.01713 0.01713 0.01713
-1.96000 0.01741 0.01741 0.01741 0.01741
-1.94000 0.01773 0.01773 0.01773 0.01773
-1.92000 0.01818 0.01818 0.01818 0.01818
-1.90000 0.01882 0.01882 0.01882 0.01882
-1.88000 0.01968 0.01968 0.01968 0.01968
-1.86000 0.02075 0.02075 0.02075 0.02075
-1.84000 0.02199 0.02199 0.02199 0.02199
-1.82000 0.02327 0.02327 0.02327 0.02327
-1.80000 0.02442 0.02442 0.02442 0.02442
-1.78000 0.02531 0.02531 0.02531 0.02531
-1.76000 0.02590 0.02590 0.02590 0.02590
-1.74000 0.02632 0.02632 0.02632 0.02632
-1.72000 0.02676 0.02676 0.02676 0.02676
-1.70000 0.02737 0.02737 0.02737 0.02737
-1.68000 0.02819 0.02819 0.02819 0.02819
-1.66000 0.02917 0.02917 0.02917 0.02917
-1.64000 0.03025 0.03025 0.03025 0.03025
-1.62000 0.03142 0.03142 0.03142 0.03142
-1.60000 0.03281 0.03281 0.03281 0.03281
-1.58000 0.03456 0.03456 0.03456 0.03456
-1.56000 0.03681 0.03681 0.03681 0.03681
-1.54000 0.03966 0.03966 0.03966 0.03966
-1.52000 0.04314 0.04314 0.04314 0.04314
-1.50000 0.04720 0.04720 0.04720 0.04720
-1.48000 0.05157 0.05157 0.05157 0.05157
-1.46000 0.05586 0.05586 0.05586 0.05586
-1.44000 0.05966 0.05966 0.05966 0.05966
-1.42000 0.06278 0.06278 0.06278 0.06278
-1.40000 0.06536 0.06536 0.06536 0.06536
-1.38000 0.06771 0.06771 0.06771 0.06771
-1.36000 0.07024 0.07024 0.07024 0.07024
-1.34000 0.07324 0.07324 0.07324 0.07324
-1.32000 0.07674 0.07674 0.07674 0.07674
-1.30000 0.08073 0.08073 0.08073 0.08073
-1.28000 0.08541 0.08541 0.08541 0.08541
-1.26000 0.09132 0.09132 0.09132 0.09132
-1.24000 0.09912 0.09912 0.09912 0.09912
-1.22000 0.10953 0.10953 0.10953 0.10953
-1.20000 0.12327 0.12327 0.12327 0.12327
-1.18000 0.14111 0.14111 0.14111 0.14111
-1.16000 0.16380 0.16380 0.16380 0.16380
-1.14000 0.19179 0.19179 0.19179 0.19179
-1.12000 0.22471 0.22471 0.22471 0.22471
-1.10000 0.26060 0.26060 0.26060 0.26060
-1.08000 0.29507 0.29507 0.29507 0.29507
-1.06000 0.32108 0.32108 0.32108 0.32108
-1.04000 0.33095 0.33095 0.33095 0.33095
-1.02000 0.32155 0.32155 0.32155 0.32155
-1.00000 0.29754 0.29754 0.29754 0.29754
-0.98000 0.26792 0.26792 0.26792 0.26792
-0.96000 0.24031 0.24031 0.24031 0.24031
-0.94000 0.21871 0.21871 0.21871 0.21871
-0.92000 0.20440 0.20440 0.20440 0.20440
-0.90000 0.19741 0.19741 0.19741 0.19741
-0.88000 0.19733 0.19733 0.19733 0.19733
-0.86000 0.20363 0.20363 0.20363 0.20363
-0.84000 0.21561 0.21561 0.21561 0.21561
-0.82000 0.23241 0.23241 0.23241 0.23241
-0.80000 0.25332 0.25332 0.25332 0.25332
-0.78000 0.27797 0.27797 0.27797 0.27797
-0.76000 0.30532 0.30532 0.30532 0.30532
-0.74000 0.33171 0.33171 0.33171 0.33171
-0.72000 0.35062 0.35062 0.35062 0.35062
-0.70000 0.35635 0.35635 0.35635 0.35635
-0.68000 0.34841 0.34841 0.34841 0.34841
-0.66000 0.33081 0.33081 0.33081 0.33081
-0.64000 0.30757 0.30757 0.30757 0.30757
-0.62000 0.28098 0.28098 0.28098 0.28098
-0.60000 0.25327 0.25327 0.25327 0.25327
-0.58000 0.22722 0.22722 0.22722 0.22722
-0.56000 0.20502 0.20502 0.20502 0.20502
-0.54000 0.18763 0.18763 0.18763 0.18763
-0.52000 0.17502 0.17502 0.17502 0.17502
-0.50000 0.16672 0.16672 0.16672 0.16672
-0.48000 0.16219 0.16219 0.16219 0.16219
-0.46000 0.16101 0.16101 0.16101 0.16101
-0.44000 0.16290 0.16290 0.16290 0.16290
-0.42000 0.16774 0.16774 0.16774 0.16774
-0.40000 0.17560 0.17560 0.17560 0.17560
-0.38000 0.18671 0.18671 0.18671 0.18671
-0.36000 0.20147 0.20147 0.20147 0.20147
-0.34000 0.22054 0.22054 0.22054 0.22054
-0.32000 0.24482 0.24482 0.24482 0.24482
-0.30000 0.27558 0.27558 0.27558 0.27558
-0.28000 0.31451 0.31451 0.31451 0.31451
-0.26000 0.36382 0.36382 0.36382 0.36382
-0.24000 0.42630 0.42630 0.42630 0.42630
-0.22000 0.50500 0.50500 0.50500 0.50500
-0.20000 0.60247 0.60247 0.60247 0.60247
-0.18000 0.71846 0.71846 0.71846 0.71846
-0.16000 0.84584 0.84584 0.84584 0.84584
-0.14000 0.96580 0.96580 0.96580 0.96580
-0.12000 1.04922 1.04922 1.04922 1.04922
-0.10000 1.07205 1.07205 1.07205 1.07205
-0.08000 1.03547 1.03547 1.03547 1.03547
-0.06000 0.96609 0.96609 0.96609 0.96609
-0.04000 0.89589 0.89589 0.89589 0.89589
-0.02000 0.84691 0.84691 0.84691 0.84691
0.00000 0.82963 0.82963 0.82963 0.82963
0.02000 0.84691 0.84691 0.84691 0.84691
0.04000 0.89589 0.89589 0.89589 0.89589
0.06000 0.96609 0.96609 0.96609 0.96609
0.08000 1.03547 1.03547 1.03547 1.03547
0.10000 1.07205 1.07205 1.07205 1.07205
0.12000 1.04922 1.04922 1.04922 1.04922
0.14000 0.96580 0.96580 0.96580 0.96580
0.16000 0.84584 0.84584 0.84584 0.84584
0.18000 0.71846 0.71846 0.71846 0.71846
0.20000 0.60247 0.60247 0.60247 0.60247
0.22000 0.50500 0.50500 0.50500 0.50500
0.24000 0.42630 0.42630 0.42630 0.42630
0.26000 0.36382 0.36382 0.36382 0.36382
0.28000 0.31451 0.31451 0.31451 0.31451
0.30000 0.27558 0.27558 0.27558 0.27558
0.32000 0.24482 0.24482 0.24482 0.24482
0.34000 0.22054 0.22054 0.22054 0.22054
0.36000 0.20147 0.20147 0.20147 0.20147
0.38000 0.18671 0.18671 0.18671 0.18671
0.40000 0.17560 0.17560 0.17560 0.17560
0.42000 0.16774 0.16774 0.16774 0.16774
0.44000 0.16290 0.16290 0.16290 0.16290
0.46000 0.16101 0.16101 0.16101 0.16101
0.48000 0.16219 0.16219 0.16219 0.16219
0.50000 0.16672 0.16672 0.16672 0.16672
0.52000 0.17502 0.17502 0.17502 0.17502
0.54000 0.18763 0.18763 0.18763 0.18763
0.56000 0.20502 0.20502 0.20502 0.20502
0.58000 0.22722 0.22722 0.22722 0.22722
0.60000 0.25327 0.25327 0.25327 0.25327
0.62000 0.28098 0.28098 0.28098 0.28098
0.64000 0.30757 0.30757 0.30757 0.30757
0.66000 0.33081 0.33081 0.33081 0.33081
0.68000 0.34841 0.34841 0.34841 0.34841
0.70000 0.35635 0.35635 0.35635 0.35635
0.72000 0.35062 0.35062 0.35062 0.35062
0.74000 0.33171 0.33171 0.33171 0.33171
0.76000 0.30532 0.30532 0.30532 0.30532
0.78000 0.27797 0.27797 0.27797 0.27797
0.80000 0.25332 0.25332 0.25332 0.25332
0.82000 0.23241 0.23241 0.23241 0.23241
0.84000 0.21561 0.21561 0.21561 0.21561
0.86000 0.20363 0.20363 0.20363 0.20363
0.88000 0.19733 0.19733 0.19733 0.19733
0.90000 0.19741 0.19741 0.19741 0.19741
0.92000 0.20440 0.20440 0.20440 0.20440
0.94000 0.21871 0.21871 0.21871 0.21871
0.96000 0.24031 0.24031 0.24031 0.24031
0.98000 0.26792 0.26792 0.26792 0.26792
1.00000 0.29754 0.29754 0.29754 0.29754
1.02000 0.32155 0.32155 0.32155 0.32155
1.04000 0.33095 0.33095 0.33095 0.33095
1.06000 0.32108 0.32108 0.32108 0.32108
1.08000 0.29507 0.29507 0.29507 0.29507
1.10000 0.26060 0.26060 0.26060 0.26060
1.12000 0.22471 0.22471 0.22471 0.22471
1.14000 0.19179 0.19179 0.19179 0.19179
1.16000 0.16380 0.16380 0.16380 0.16380
1.18000 0.14111 0.14111 0.14111 0.14111
1.20000 0.12327 0.12327 0.12327 0.12327
1.22000 0.10953 0.10953 0.10953 0.10953
1.24000 0.09912 0.09912 0.09912 0.09912
1.26000 0.09132 0.09132 0.09132 0.09132
1.28000 0.08541 0.08541 0.08541 0.08541
1.30000 0.08073 0.08073 0.08073 0.08073
1.32000 0.07674 0.07674 0.07674 0.07674
1.34000 0.07324 0.07324 0.07324 0.07324
1.36000 0.07024 0.07024 0.07024 0.07024
1.38000 0.06771 0.06771 0.06771 0.06771
1.40000 0.06536 0.06536 0.06536 0.06536
1.42000 0.06278 0.06278 0.06278 0.06278
1.44000 0.05966 0.05966 0.05966 0.05966
1.46000 0.05586 0.05586 0.05586 0.05586
1.48000 0.05157 0.05157 0.05157 0.05157
1.50000 0.04720 0.04720 0.04720 0.04720
1.52000 0.04314 0.04314 0.04314 0.04314
1.54000 0.03966 0.03966 0.03966 0.03966
1.56000 0.03681 0.03681 0.03681 0.03681
1.58000 0.03456 0.03456 0.03456 0.03456
1.60000 0.03281 0.03281 0.03281 0.03281
1.62000 0.03142 0.03142 0.03142 0.03142
1.64000 0.03025 0.03025 0.03025 0.03025
1.66000 0.02917 0.02917 0.02917 0.02917
1.68000 0.02819 0.02819 0.02819 0.02819
1.70000 0.02737 0.02737 0.02737 0.02737
1.72000 0.02676 0.02676 0.02676 0.02676
1.74000 0.02632 0.02632 0.02632 0.02632
1.76000 0.02590 0.02590 0.02590 0.02590
1.78000 0.02531 0.02531 0.02531 0.02531
1.80000 0.02442 0.02442 0.02442 0.02442
1.82000 0.02327 0.02327 0.02327 0.02327
1.84000 0.02199 0.02199 0.02199 0.02199
1.86000 0.02075 0.02075 0.02075 0.02075
1.88000 0.01968 0.01968 0.01968 0.01968
1.90000 0.01882 0.01882 0.01882 0.01882
1.92000 0.01818 0.01818 0.01818 0.01818
1.94000 0.01773 0.01773 0.01773 0.01773
1.96000 0.01741 0.01741 0.01741 0.01741
1.98000 0.01713 0.01713 0.01713 0.01713
2.00000 0.01681 0.01681 0.01681 0.01681
2.02000 0.01638 0.01638 0.01638 0.01638
2.04000 0.01585 0.01585 0.01585 0.01585
2.06000 0.01526 0.01526 0.01526 0.01526
2.08000 0.01466 0.01466 0.01466 0.01466
2.10000 0.01410 0.01410 0.01410 0.01410
2.12000 0.01358 0.01358 0.01358 0.01358
2.14000 0.01314 0.01314 0.01314 0.01314
2.16000 0.01277 0.01277 0.01277 0.01277
2.18000 0.01249 0.01249 0.01249 0.01249
2.20000 0.01231 0.01231 0.01231 0.01231
2.22000 0.01222 0.01222 0.01222 0.01222
2.24000 0.01222 0.01222 0.01222 0.01222
2.26000 0.01234 0.01234 0.01234 0.01234
2.28000 0.01257 0.01257 0.01257 0.01257
2.30000 0.01293 0.01293 0.01293 0.01293
2.32000 0.01344 0.01344 0.01344 0.01344
2.34000 0.01416 0.01416 0.01416 0.01416
2.36000 0.01512 0.01512 0.01512 0.01512
2.38000 0.01640 0.01640 0.01640 0.01640
2.40000 0.01804 0.01804 0.01804 0.01804
2.42000 0.02006 0.02006 0.02006 0.02006
2.44000 0.02238 0.02238 0.02238 0.02238
2.46000 0.02476 0.02476 0.02476 0.02476
2.48000 0.02671 0.02671 0.02671 0.02671
2.50000 0.02757 0.02757 0.02757 0.02757
2.52000 0.02692 0.02692 0.02692 0.02692
2.54000 0.02494 0.02494 0.02494 0.02494
2.56000 0.02225 0.02225 0.02225 0.02225
2.58000 0.01949 0.01949 0.01949 0.01949
2.60000 0.01701 0.01701 0.01701 0.01701
2.62000 0.01493 0.01493 0.01493 0.01493
2.64000 0.01324 0.01324 0.01324 0.01324
2.66000 0.01187 0.01187 0.01187 0.01187
2.68000 0.01076 0.01076 0.01076 0.01076
2.70000 0.00986 0.00986 0.00986 0.00986
2.72000 0.00912 0.00912 0.00912 0.00912
2.74000 0.00850 0.00850 0.00850 0.00850
2.76000 0.00799 0.00799 0.00799 0.00799
2.78000 0.00755 0.00755 0.00755 0.00755
2.80000 0.00717 0.00717 0.00717 0.00717
2.82000 0.00685 0.00685 0.00685 0.00685
2.84000 0.00657 0.00657 0.00657 0.00657
2.86000 0.00633 0.00633 0.00633 0.00633
2.88000 0.00611 0.00611 0.00611 0.00611
2.90000 0.00593 0.00593 0.00593 0.00593
2.92000 0.00577 0.00577 0.00577 0.00577
2.94000 0.00563 0.00563 0.00563 0.00563
2.96000 0.00551 0.00551 0.00551 0.00551
2.98000 0.00541 0.00541 0.00541 0.00541
3.00000 0.00534 0.00534 0.00534 0.00534
3.02000 0.00529 0.00529 0.00529 0.00529
3.04000 0.00527 0.00527 0.00527 0.00527
3.06000 0.00528 0.00528 0.00528 0.00528
3.08000 0.00533 0.00533 0.00533 0.00533
3.10000 0.00541 0.00541 0.00541 0.00541
3.12000 0.00549 0.00549 0.00549 0.00549
3.14000 0.00554 0.00554 0.00554 0.00554
3.16000 0.00551 0.00551 0.00551 0.00551
3.18000 0.00540 0.00540 0.00540 0.00540
3.20000 0.00521 0.00521 0.00521 0.00521
3.22000 0.00497 0.00497 0.00497 0.00497
3.24000 0.00472 0.00472 0.00472 0.00472
3.26000 0.00449 0.00449 0.00449 0.00449
3.28000 0.00429 0.00429 0.00429 0.00429
3.30000 0.00412 0.00412 0.00412 0.00412
3.32000 0.00397 0.00397 0.00397 0.00397
3.34000 0.00384 0.00384 0.00384 0.00384
3.36000 0.00373 0.00373 0.00373 0.00373
3.38000 0.00363 0.00363 0.00363 0.00363
3.40000 0.00354 0.00354 0.00354 0.00354
3.42000 0.00346 0.00346 0.00346 0.00346
3.44000 0.00338 0.00338 0.00338 0.00338
3.46000 0.00332 0.00332 0.00332 0.00332
3.48000 0.00325 0.00325 0.00325 0.00325
3.50000 0.00319 0.00319 0.00319 0.00319
3.52000 0.00314 0.00314 0.00314 0.00314
3.54000 0.00308 0.00308 0.00308 0.00308
3.56000 0.00303 0.00303 0.00303 0.00303
3.58000 0.00298 0.00298 0.00298 0.00298
3.60000 0.00294 0.00294 0.00294 0.00294
3.62000 0.00289 0.00289 0.00289 0.00289
3.64000 0.00285 0.00285 0.00285 0.00285
3.66000 0.00281 0.00281 0.00281 0.00281
3.68000 0.00277 0.00277 0.00277 0.00277
3.70000 0.00273 0.00273 0.00273 0.00273
3.72000 0.00269 0.00269 0.00269 0.00269
3.74000 0.00266 0.00266 0.00266 0.00266
3.76000 0.00263 0.00263 0.00263 0.00263
3.78000 0.00259 0.00259 0.00259 0.00259
3.80000 0.00256 0.00256 0.00256 0.00256
3.82000 0.00253 0.00253 0.00253 0.00253
3.84000 0.00250 0.00250 0.00250 0.00250
3.86000 0.00246 0.00246 0.00246 0.00246
3.88000 0.00243 0.00243 0.00243 0.00243
3.90000 0.00240 0.00240 0.00240 0.00240
3.92000 0.00237 0.00237 0.00237 0.00237
3.94000 0.00234 0.00234 0.00234 0.00234
3.96000 0.00231 0.00231 0.00231 0.00231
3.98000 0.00228 0.00228 0.00228 0.00228
4.00000 0.00225 0.00225 0.00225 0.00225
4.02000 0.00222 0.00222 0.00222 0.00222
4.04000 0.00219 0.00219 0.00219 0.00219
4.06000 0.00217 0.00217 0.00217 0.00217
4.08000 0.00214 0.00214 0.00214 0.00214
4.10000 0.00212 0.00212 0.00212 0.00212
4.12000 0.00209 0.00209 0.00209 0.00209
4.14000 0.00207 0.00207 0.00207 0.00207
4.16000 0.00205 0.00205 0.00205 0.00205
4.18000 0.00203 0.00203 0.00203 0.00203
4.20000 0.00200 0.00200 0.00200 0.00200
4.22000 0.00198 0.00198 0.00198 0.00198
4.24000 0.00196 0.00196 0.00196 0.00196
4.26000 0.00194 0.00194 0.00194 0.00194
4.28000 0.00192 0.00192 0.00192 0.00192
4.30000 0.00190 0.00190 0.00190 0.00190
4.32000 0.00188 0.00188 0.00188 0.00188
4.34000 0.00186 0.00186 0.00186 0.00186
4.36000 0.00184 0.00184 0.00184 0.00184
4.38000 0.00182 0.00182 0.00182 0.00182
4.40000 0.00180 0.00180 0.00180 0.00180
4.42000 0.00178 0.00178 0.00178 0.00178
4.44000 0.00177 0.00177 0.00177 0.00177
4.46000 0.00175 0.00175 0.00175 0.00175
4.48000 0.00173 0.00173 0.00173 0.00173
4.50000 0.00171 0.00171 0.00171 0.00171
4.52000 0.00170 0.00170 0.00170 0.00170
4.54000 0.00168 0.00168 0.00168 0.00168
4.56000 0.00166 0.00166 0.00166 0.00166
4.58000 0.00165 0.00165 0.00165 0.00165
4.60000 0.00163 0.00163 0.00163 0.00163
4.62000 0.00162 0.00162 0.00162 0.00162
4.64000 0.00160 0.00160 0.00160 0.00160
4.66000 0.00159 0.00159 0.00159 0.00159
4.68000 0.00157 0.00157 0.00157 0.00157
4.70000 0.00156 0.00156 0.00156 0.00156
4.72000 0.00154 0.00154 0.00154 0.00154
4.74000 0.00153 0.00153 0.00153 0.00153
4.76000 0.00151 0.00151 0.00151 0.00151
4.78000 0.00150 0.00150 0.00150 0.00150
4.80000 0.00149 0.00149 0.00149 0.00149
4.82000 0.00147 0.00147 0.00147 0.00147
4.84000 0.00146 0.00146 0.00146 0.00146
4.86000 0.00145 0.00145 0.00145 0.00145
4.88000 0.00143 0.00143 0.00143 0.00143
4.90000 0.00142 0.00142 0.00142 0.00142
4.92000 0.00141 0.00141 0.00141 0.00141
4.94000 0.00140 0.00140 0.00140 0.00140
4.96000 0.00138 0.00138 0.00138 0.00138
4.98000 0.00137 0.00137 0.00137 0.00137
5.00000 0.00136 0.00136 0.00136 0.00136
5.02000 0.00135 0.00135 0.00135 0.00135
5.04000 0.00134 0.00134 0.00134 0.00134
5.06000 0.00133 0.00133 0.00133 0.00133
5.08000 0.00131 0.00131 0.00131 0.00131
5.10000 0.00130 0.00130 0.00130 0.00130
5.12000 0.00129 0.00129 0.00129 0.00129
5.14000 0.00128 0.00128 0.00128 0.00128
5.16000 0.00127 0.00127 0.00127 0.00127
5.18000 0.00126 0.00126 0.00126 0.00126
5.20000 0.00125 0.00125 0.00125 0.00125
5.22000 0.00124 0.00124 0.00124 0.00124
5.24000 0.00123 0.00123 0.00123 0.00123
5.26000 0.00122 0.00122 0.00122 0.00122
5.28000 0.00121 0.00121 0.00121 0.00121
5.30000 0.00120 0.00120 0.00120 0.00120
5.32000 0.00119 0.00119 0.00119 0.00119
5.34000 0.00118 0.00118 0.00118 0.00118
5.36000 0.00117 0.00117 0.00117 0.00117
5.38000 0.00116 0.00116 0.00116 0.00116
5.40000 0.00115 0.00115 0.00115 0.00115
5.42000 0.00114 0.00114 0.00114 0.00114
5.44000 0.00114 0.00114 0.00114 0.00114
5.46000 0.00113 0.00113 0.00113 0.00113
5.48000 0.00112 0.00112 0.00112 0.00112
5.50000 0.00111 0.00111 0.00111 0.00111
5.52000 0.00110 0.00110 0.00110 0.00110
5.54000 0.00109 0.00109 0.00109 0.00109
5.56000 0.00108 0.00108 0.00108 0.00108
5.58000 0.00108 0.00108 0.00108 0.00108
5.60000 0.00107 0.00107 0.00107 0.00107
5.62000 0.00106 0.00106 0.00106 0.00106
5.64000 0.00105 0.00105 0.00105 0.00105
5.66000 0.00104 0.00104 0.00104 0.00104
5.68000 0.00104 0.00104 0.00104 0.00104
5.70000 0.00103 0.00103 0.00103 0.00103
5.72000 0.00102 0.00102 0.00102 0.00102
5.74000 0.00101 0.00101 0.00101 0.00101
5.76000 0.00101 0.00101 0.00101 0.00101
5.78000 0.00100 0.00100 0.00100 0.00100
5.80000 0.00099 0.00099 0.00099 0.00099
5.82000 0.00098 0.00098 0.00098 0.00098
5.84000 0.00098 0.00098 0.00098 0.00098
5.86000 0.00097 0.00097 0.00097 0.00097
5.88000 0.00096 0.00096 0.00096 0.00096
5.90000 0.00096 0.00096 0.00096 0.00096
5.92000 0.00095 0.00095 0.00095 0.00095
5.94000 0.00094 0.00094 0.00094 0.00094
5.96000 0.00094 0.00094 0.00094 0.00094
5.98000 0.00093 0.00093 0.00093 0.00093
6.00000 0.00092 0.00092 0.00092 0.00092
6.02000 0.00092 0.00092 0.00092 0.00092
6.04000 0.00091 0.00091 0.00091 0.00091
6.06000 0.00090 0.00090 0.00090 0.00090
6.08000 0.00090 0.00090 0.00090 0.00090
6.10000 0.00089 0.00089 0.00089 0.00089
6.12000 0.00089 0.00089 0.00089 0.00089
6.14000 0.00088 0.00088 0.00088 0.00088
6.16000 0.00087 0.00087 0.00087 0.00087
6.18000 0.00087 0.00087 0.00087 0.00087
6.20000 0.00086 0.00086 0.00086 0.00086
6.22000 0.00086 0.00086 0.00086 0.00086
6.24000 0.00085 0.00085 0.00085 0.00085
6.26000 0.00084 0.00084 0.00084 0.00084
6.28000 0.00084 0.00084 0.00084 0.00084
6.30000 0.00083 0.00083 0.00083 0.00083
6.32000 0.00083 0.00083 0.00083 0.00083
6.34000 0.00082 0.00082 0.00082 0.00082
6.36000 0.00082 0.00082 0.00082 0.00082
6.38000 0.00081 0.00081 0.00081 0.00081
6.40000 0.00081 0.00081 0.00081 0.00081
6.42000 0.00080 0.00080 0.00080 0.00080
6.44000 0.00080 0.00080 0.00080 0.00080
6.46000 0.00079 0.00079 0.00079 0.00079
6.48000 0.00079 0.00079 0.00079 0.00079
6.50000 0.00078 0.00078 0.00078 0.00078
6.52000 0.00078 0.00078 0.00078 0.00078
6.54000 0.00077 0.00077 0.00077 0.00077
6.56000 0.00077 0.00077 0.00077 0.00077
6.58000 0.00076 0.00076 0.00076 0.00076
6.60000 0.00076 0.00076 0.00076 0.00076
6.62000 0.00075 0.00075 0.00075 0.00075
6.64000 0.00075 0.00075 0.00075 0.00075
6.66000 0.00074 0.00074 0.00074 0.00074
6.68000 0.00074 0.00074 0.00074 0.00074
6.70000 0.00073 0.00073 0.00073 0.00073
6.72000 0.00073 0.00073 0.00073 0.00073
6.74000 0.00072 0.00072 0.00072 0.00072
6.76000 0.00072 0.00072 0.00072 0.00072
6.78000 0.00072 0.00072 0.00072 0.00072
6.80000 0.00071 0.00071 0.00071 0.00071
6.82000 0.00071 0.00071 0.00071 0.00071
6.84000 0.00070 0.00070 0.00070 0.00070
6.86000 0.00070 0.00070 0.00070 0.00070
6.88000 0.00069 0.00069 0.00069 0.00069
6.90000 0.00069 0.00069 0.00069 0.00069
6.92000 0.00069 0.00069 0.00069 0.00069
6.94000 0.00068 0.00068 0.00068 0.00068
6.96000 0.00068 0.00068 0.00068 0.00068
6.98000 0.00067 0.00067 0.00067 0.00067
7.00000 0.00067 0.00067 0.00067 0.00067
7.02000 0.00067 0.00067 0.00067 0.00067
7.04000 0.00066 0.00066 0.00066 0.00066
7.06000 0.00066 0.00066 0.00066 0.00066
7.08000 0.00065 0.00065 0.00065 0.00065
7.10000 0.00065 0.00065 0.00065 0.00065
7.12000 0.00065 0.00065 0.00065 0.00065
7.14000 0.00064 0.00064 0.00064 0.00064
7.16000 0.00064 0.00064 0.00064 0.00064
7.18000 0.00064 0.00064 0.00064 0.00064
7.20000 0.00063 0.00063 0.00063 0.00063
7.22000 0.00063 0.00063 0.00063 0.00063
7.24000 0.00062 0.00062 0.00062 0.00062
7.26000 0.00062 0.00062 0.00062 0.00062
7.28000 0.00062 0.00062 0.00062 0.00062
7.30000 0.00061 0.00061 0.00061 0.00061
7.32000 0.00061 0.00061 0.00061 0.00061
7.34000 0.00061 0.00061 0.00061 0.00061
7.36000 0.00060 0.00060 0.00060 0.00060
7.38000 0.00060 0.00060 0.00060 0.00060
7.40000 0.00060 0.00060 0.00060 0.00060
7.42000 0.00059 0.00059 0.00059 0.00059
7.44000 0.00059 0.00059 0.00059 0.00059
7.46000 0.00059 0.00059 0.00059 0.00059
7.48000 0.00058 0.00058 0.00058 0.00058
7.50000 0.00058 0.00058 0.00058 0.00058
7.52000 0.00058 0.00058 0.00058 0.00058
7.54000 0.00057 0.00057 0.00057 0.00057
7.56000 0.00057 0.00057 0.00057 0.00057
7.58000 0.00057 0.00057 0.00057 0.00057
7.60000 0.00057 0.00057 0.00057 0.00057
7.62000 0.00056 0.00056 0.00056 0.00056
7.64000 0.00056 0.00056 0.00056 0.00056
7.66000 0.00056 0.00056 0.00056 0.00056
7.68000 0.00055 0.00055 0.00055 0.00055
7.70000 0.00055 0.00055 0.00055 0.00055
7.72000 0.00055 0.00055 0.00055 0.00055
7.74000 0.00054 0.00054 0.00054 0.00054
7.76000 0.00054 0.00054 0.00054 0.00054
7.78000 0.00054 0.00054 0.00054 0.00054
7.80000 0.00054 0.00054 0.00054 0.00054
7.82000 0.00053 0.00053 0.00053 0.00053
7.84000 0.00053 0.00053 0.00053 0.00053
7.86000 0.00053 0.00053 0.00053 0.00053
7.88000 0.00053 0.00053 0.00053 0.00053
7.90000 0.00052 0.00052 0.00052 0.00052
7.92000 0.00052 0.00052 0.00052 0.00052
7.94000 0.00052 0.00052 0.00052 0.00052
7.96000 0.00051 0.00051 0.00051 0.00051
7.98000 0.00051 0.00051 0.00051 0.00051
8.00000 0.00051 0.00051 0.00051 0.00051
8.02000 0.00051 0.00051 0.00051 0.00051
8.04000 0.00050 0.00050 0.00050 0.00050
8.06000 0.00050 0.00050 0.00050 0.00050
8.08000 0.00050 0.00050 0.00050 0.00050
8.10000 0.00050 0.00050 0.00050 0.00050
8.12000 0.00049 0.00049 0.00049 0.00049
8.14000 0.00049 0.00049 0.00049 0.00049
8.16000 0.00049 0.00049 0.00049 0.00049
8.18000 0.00049 0.00049 0.00049 0.00049
8.20000 0.00048 0.00048 0.00048 0.00048
8.22000 0.00048 0.00048 0.00048 0.00048
8.24000 0.00048 0.00048 0.00048 0.00048
8.26000 0.00048 0.00048 0.00048 0.00048
8.28000 0.00047 0.00047 0.00047 0.00047
8.30000 0.00047 0.00047 0.00047 0.00047
8.32000 0.00047 0.00047 0.00047 0.00047
8.34000 0.00047 0.00047 0.00047 0.00047
8.36000 0.00047 0.00047 0.00047 0.00047
8.38000 0.00046 0.00046 0.00046 0.00046
8.40000 0.00046 0.00046 0.00046 0.00046
8.42000 0.00046 0.00046 0.00046 0.00046
8.44000 0.00046 0.00046 0.00046 0.00046
8.46000 0.00045 0.00045 0.00045 0.00045
8.48000 0.00045 0.00045 0.00045 0.00045
8.50000 0.00045 0.00045 0.00045 0.00045
8.52000 0.00045 0.00045 0.00045 0.00045
8.54000 0.00045 0.00045 0.00045 0.00045
8.56000 0.00044 0.00044 0.00044 0.00044
8.58000 0.00044 0.00044 0.00044 0.00044
8.60000 0.00044 0.00044 0.00044 0.00044
8.62000 0.00044 0.00044 0.00044 0.00044
8.64000 0.00043 0.00043 0.00043 0.00043
8.66000 0.00043 0.00043 0.00043 0.00043
8.68000 0.00043 0.00043 0.00043 0.00043
8.70000 0.00043 0.00043 0.00043 0.00043
8.72000 0.00043 0.00043 0.00043 0.00043
8.74000 0.00042 0.00042 0.00042 0.00042
8.76000 0.00042 0.00042 0.00042 0.00042
8.78000 0.00042 0.00042 0.00042 0.00042
8.80000 0.00042 0.00042 0.00042 0.00042
8.82000 0.00042 0.00042 0.00042 0.00042
8.84000 0.00042 0.00042 0.00042 0.00042
8.86000 0.00041 0.00041 0.00041 0.00041
8.88000 0.00041 0.00041 0.00041 0.00041
8.90000 0.00041 0.00041 0.00041 0.00041
8.92000 0.00041 0.00041 0.00041 0.00041
8.94000 0.00041 0.00041 0.00041 0.00041
8.96000 0.00040 0.00040 0.00040 0.00040
8.98000 0.00040 0.00040 0.00040 0.00040
9.00000 0.00040 0.00040 0.00040 0.00040
9.02000 0.00040 0.00040 0.00040 0.00040
9.04000 0.00040 0.00040 0.00040 0.00040
9.06000 0.00039 0.00039 0.00039 0.00039
9.08000 0.00039 0.00039 0.00039 0.00039
9.10000 0.00039 0.00039 0.00039 0.00039
9.12000 0.00039 0.00039 0.00039 0.00039
9.14000 0.00039 0.00039 0.00039 0.00039
9.16000 0.00039 0.00039 0.00039 0.00039
9.18000 0.00038 0.00038 0.00038 0.00038
9.20000 0.00038 0.00038 0.00038 0.00038
9.22000 0.00038 0.00038 0.00038 0.00038
9.24000 0.00038 0.00038 0.00038 0.00038
9.26000 0.00038 0.00038 0.00038 0.00038
9.28000 0.00038 0.00038 0.00038 0.00038
9.30000 0.00037 0.00037 0.00037 0.00037
9.32000 0.00037 0.00037 0.00037 0.00037
9.34000 0.00037 0.00037 0.00037 0.00037
9.36000 0.00037 0.00037 0.00037 0.00037
9.38000 0.00037 0.00037 0.00037 0.00037
9.40000 0.00037 0.00037 0.00037 0.00037
9.42000 0.00036 0.00036 0.00036 0.00036
9.44000 0.00036 0.00036 0.00036 0.00036
9.46000 0.00036 0.00036 0.00036 0.00036
9.48000 0.00036 0.00036 0.00036 0.00036
9.50000 0.00036 0.00036 0.00036 0.00036
9.52000 0.00036 0.00036 0.00036 0.00036
9.54000 0.00036 0.00036 0.00036 0.00036
9.56000 0.00035 0.00035 0.00035 0.00035
9.58000 0.00035 0.00035 0.00035 0.00035
9.60000 0.00035 0.00035 0.00035 0.00035
9.62000 0.00035 0.00035 0.00035 0.00035
9.64000 0.00035 0.00035 0.00035 0.00035
9.66000 0.00035 0.00035 0.00035 0.00035
9.68000 0.00035 0.00035 0.00035 0.00035
9.70000 0.00034 0.00034 0.00034 0.00034
9.72000 0.00034 0.00034 0.00034 0.00034
9.74000 0.00034 0.00034 0.00034 0.00034
9.76000 0.00034 0.00034 0.00034 0.00034
9.78000 0.00034 0.00034 0.00034 0.00034
9.80000 0.00034 0.00034 0.00034 0.00034
9.82000 0.00034 0.00034 0.00034 0.00034
9.84000 0.00033 0.00033 0.00033 0.00033
9.86000 0.00033 0.00033 0.00033 0.00033
9.88000 0.00033 0.00033 0.00033 0.00033
9.90000 0.00033 0.00033 0.00033 0.00033
9.92000 0.00033 0.00033 0.00033 0.00033
9.94000 0.00033 0.00033 0.00033 0.00033
9.96000 0.00033 0.00033 0.00033 0.00033
9.98000 0.00032 0.00032 0.00032 0.00032
10.00000 0.00032 0.00032 0.00032 0.00032
