******************************************
******************************************
NF = 58, M = 29, Nimp = 1
******************************************
[[-0.25   0.     0.041 ...  0.     0.041  0.   ]
 [ 0.    -0.25   0.    ...  0.053  0.     0.041]
 [ 0.041  0.    -2.179 ...  0.     0.     0.   ]
 ...
 [ 0.     0.053  0.    ...  2.036  0.     0.   ]
 [ 0.041  0.     0.    ...  0.     2.179  0.   ]
 [ 0.     0.041  0.    ...  0.     0.     2.179]]
************
[[-0.25   0.041  0.053  0.059  0.063  0.065  0.067  0.067  0.067  0.067  0.065  0.063  0.059  0.053  0.041  0.041  0.053  0.059  0.063  0.065  0.067  0.067  0.067  0.067  0.065  0.063  0.059  0.053  0.041]
 [ 0.041 -2.179  0.     0.     0.     0.     0.     0.     0.     0.     0.     0.     0.     0.     0.     0.     0.     0.     0.     0.     0.     0.     0.     0.     0.     0.     0.     0.     0.   ]
 [ 0.053  0.    -2.036  0.     0.     0.     0.     0.     0.     0.     0.     0.     0.     0.     0.     0.     0.     0.     0.     0.     0.     0.     0.     0.     0.     0.     0.     0.     0.   ]
 [ 0.059  0.     0.    -1.893  0.     0.     0.     0.     0.     0.     0.     0.     0.     0.     0.     0.     0.     0.     0.     0.     0.     0.     0.     0.     0.     0.     0.     0.     0.   ]
 [ 0.063  0.     0.     0.    -1.75   0.     0.     0.     0.     0.     0.     0.     0.     0.     0.     0.     0.     0.     0.     0.     0.     0.     0.     0.     0.     0.     0.     0.     0.   ]
 [ 0.065  0.     0.     0.     0.    -1.607  0.     0.     0.     0.     0.     0.     0.     0.     0.     0.     0.     0.     0.     0.     0.     0.     0.     0.     0.     0.     0.     0.     0.   ]
 [ 0.067  0.     0.     0.     0.     0.    -1.464  0.     0.     0.     0.     0.     0.     0.     0.     0.     0.     0.     0.     0.     0.     0.     0.     0.     0.     0.     0.     0.     0.   ]
 [ 0.067  0.     0.     0.     0.     0.     0.    -1.321  0.     0.     0.     0.     0.     0.     0.     0.     0.     0.     0.     0.     0.     0.     0.     0.     0.     0.     0.     0.     0.   ]
 [ 0.067  0.     0.     0.     0.     0.     0.     0.    -1.179  0.     0.     0.     0.     0.     0.     0.     0.     0.     0.     0.     0.     0.     0.     0.     0.     0.     0.     0.     0.   ]
 [ 0.067  0.     0.     0.     0.     0.     0.     0.     0.    -1.036  0.     0.     0.     0.     0.     0.     0.     0.     0.     0.     0.     0.     0.     0.     0.     0.     0.     0.     0.   ]
 [ 0.065  0.     0.     0.     0.     0.     0.     0.     0.     0.    -0.893  0.     0.     0.     0.     0.     0.     0.     0.     0.     0.     0.     0.     0.     0.     0.     0.     0.     0.   ]
 [ 0.063  0.     0.     0.     0.     0.     0.     0.     0.     0.     0.    -0.75   0.     0.     0.     0.     0.     0.     0.     0.     0.     0.     0.     0.     0.     0.     0.     0.     0.   ]
 [ 0.059  0.     0.     0.     0.     0.     0.     0.     0.     0.     0.     0.    -0.607  0.     0.     0.     0.     0.     0.     0.     0.     0.     0.     0.     0.     0.     0.     0.     0.   ]
 [ 0.053  0.     0.     0.     0.     0.     0.     0.     0.     0.     0.     0.     0.    -0.464  0.     0.     0.     0.     0.     0.     0.     0.     0.     0.     0.     0.     0.     0.     0.   ]
 [ 0.041  0.     0.     0.     0.     0.     0.     0.     0.     0.     0.     0.     0.     0.    -0.321  0.     0.     0.     0.     0.     0.     0.     0.     0.     0.     0.     0.     0.     0.   ]
 [ 0.041  0.     0.     0.     0.     0.     0.     0.     0.     0.     0.     0.     0.     0.     0.     0.321  0.     0.     0.     0.     0.     0.     0.     0.     0.     0.     0.     0.     0.   ]
 [ 0.053  0.     0.     0.     0.     0.     0.     0.     0.     0.     0.     0.     0.     0.     0.     0.     0.464  0.     0.     0.     0.     0.     0.     0.     0.     0.     0.     0.     0.   ]
 [ 0.059  0.     0.     0.     0.     0.     0.     0.     0.     0.     0.     0.     0.     0.     0.     0.     0.     0.607  0.     0.     0.     0.     0.     0.     0.     0.     0.     0.     0.   ]
 [ 0.063  0.     0.     0.     0.     0.     0.     0.     0.     0.     0.     0.     0.     0.     0.     0.     0.     0.     0.75   0.     0.     0.     0.     0.     0.     0.     0.     0.     0.   ]
 [ 0.065  0.     0.     0.     0.     0.     0.     0.     0.     0.     0.     0.     0.     0.     0.     0.     0.     0.     0.     0.893  0.     0.     0.     0.     0.     0.     0.     0.     0.   ]
 [ 0.067  0.     0.     0.     0.     0.     0.     0.     0.     0.     0.     0.     0.     0.     0.     0.     0.     0.     0.     0.     1.036  0.     0.     0.     0.     0.     0.     0.     0.   ]
 [ 0.067  0.     0.     0.     0.     0.     0.     0.     0.     0.     0.     0.     0.     0.     0.     0.     0.     0.     0.     0.     0.     1.179  0.     0.     0.     0.     0.     0.     0.   ]
 [ 0.067  0.     0.     0.     0.     0.     0.     0.     0.     0.     0.     0.     0.     0.     0.     0.     0.     0.     0.     0.     0.     0.     1.321  0.     0.     0.     0.     0.     0.   ]
 [ 0.067  0.     0.     0.     0.     0.     0.     0.     0.     0.     0.     0.     0.     0.     0.     0.     0.     0.     0.     0.     0.     0.     0.     1.464  0.     0.     0.     0.     0.   ]
 [ 0.065  0.     0.     0.     0.     0.     0.     0.     0.     0.     0.     0.     0.     0.     0.     0.     0.     0.     0.     0.     0.     0.     0.     0.     1.607  0.     0.     0.     0.   ]
 [ 0.063  0.     0.     0.     0.     0.     0.     0.     0.     0.     0.     0.     0.     0.     0.     0.     0.     0.     0.     0.     0.     0.     0.     0.     0.     1.75   0.     0.     0.   ]
 [ 0.059  0.     0.     0.     0.     0.     0.     0.     0.     0.     0.     0.     0.     0.     0.     0.     0.     0.     0.     0.     0.     0.     0.     0.     0.     0.     1.893  0.     0.   ]
 [ 0.053  0.     0.     0.     0.     0.     0.     0.     0.     0.     0.     0.     0.     0.     0.     0.     0.     0.     0.     0.     0.     0.     0.     0.     0.     0.     0.     2.036  0.   ]
 [ 0.041  0.     0.     0.     0.     0.     0.     0.     0.     0.     0.     0.     0.     0.     0.     0.     0.     0.     0.     0.     0.     0.     0.     0.     0.     0.     0.     0.     2.179]]
U((0, 0, 0, 0)) = (0.5+0j)
setting to 0
U((0, 29, 0, 29)) = (0.5+0j)
U((29, 0, 29, 0)) = (0.5+0j)
U((29, 29, 29, 29)) = (0.5+0j)
setting to 0
h0_0 size:  (58, 58)
U_0 size:  (58, 58, 58, 58)
Going with Nelec_imp = 1, nbath = 28, Nelec = 29
imp_indices_full = [0, 29]
h0_0 = 
[[-0.25   0.041  0.053 ...  0.     0.     0.   ]
 [ 0.041 -2.179  0.    ...  0.     0.     0.   ]
 [ 0.053  0.    -2.036 ...  0.     0.     0.   ]
 ...
 [ 0.     0.     0.    ...  1.893  0.     0.   ]
 [ 0.     0.     0.    ...  0.     2.036  0.   ]
 [ 0.     0.     0.    ...  0.     0.     2.179]]


--------------------------------------------------------------
Mean-Field Self-Consistent Procedure with block handling
--------------------------------------------------------------
[V1] mfscf proc with Ne=29, maxiter=100, alpha=0.2, threshold=1e-07, spinsym_only = False
[V1] Symmetry analysis found 2 blocks.
[V1] Found 1 unique groups of blocks.
[V1] Blocks: [[0, 1, 2, 3, 4, 5, 6, 7, 8, 9, 10, 11, 12, 13, 14, 15, 16, 17, 18, 19, 20, 21, 22, 23, 24, 25, 26, 27, 28], [29, 30, 31, 32, 33, 34, 35, 36, 37, 38, 39, 40, 41, 42, 43, 44, 45, 46, 47, 48, 49, 50, 51, 52, 53, 54, 55, 56, 57]]
[V1] Identical Groups (by block index): [[0, 1]]
[V1] iter 0, Tr(rho*h0) = -35.36335397
[V1] Ne = 29, initial tr(rho) = 29.00000000+0.00000000j
[V1] mixing parameter: α = 0.2
[V2] Number of non-zero U elements: 2
[V1] Iter         E_total          E_corr        ΔE_total
[V2] U is sparse, using nzU
[V1]    1    -35.19456072     -0.16879324      1.0352e+03
[V1]   10    -35.21979906     -0.12945469      8.8708e-04
[V1]   20    -35.22292132     -0.12537682      9.3006e-05
[V1]   30    -35.22325307     -0.12503211      9.9701e-06
[V1]   40    -35.22328867     -0.12500274      1.0704e-06
[V1]   50    -35.22329249     -0.12500023      1.1493e-07
[V1] Converged in 51 iterations.
[V1] Final tr(rho) = 29.00000000+0.00000000j
[V2] Reordering final eigenvectors to spin-blocked convention...
hmf = 
[[ 0.     0.041  0.053 ...  0.     0.     0.   ]
 [ 0.041 -2.179  0.    ...  0.     0.     0.   ]
 [ 0.053  0.    -2.036 ...  0.     0.     0.   ]
 ...
 [ 0.     0.     0.    ...  1.893  0.     0.   ]
 [ 0.     0.     0.    ...  0.     2.036  0.   ]
 [ 0.     0.     0.    ...  0.     0.     2.179]]
DEBUG, Nimp_sf = 2
hmf_ab = 
[[ 0.   +0.j  0.   +0.j  0.041+0.j ...  0.   +0.j  0.041+0.j  0.   +0.j]
 [ 0.   +0.j  0.   +0.j  0.   +0.j ...  0.053+0.j  0.   +0.j  0.041+0.j]
 [ 0.041+0.j  0.   +0.j -2.179+0.j ...  0.   +0.j  0.   +0.j  0.   +0.j]
 ...
 [ 0.   +0.j  0.053+0.j  0.   +0.j ...  2.036+0.j  0.   +0.j  0.   +0.j]
 [ 0.041+0.j  0.   +0.j  0.   +0.j ...  0.   +0.j  2.179+0.j  0.   +0.j]
 [ 0.   +0.j  0.041+0.j  0.   +0.j ...  0.   +0.j  0.   +0.j  2.179+0.j]]

--- Analyzed Structure ---
Found 2 blocks
Blocks: [[0, 2, 4, 6, 8, 10, 12, 14, 16, 18, 20, 22, 24, 26, 28, 30, 32, 34, 36, 38, 40, 42, 44, 46, 48, 50, 52, 54, 56], [1, 3, 5, 7, 9, 11, 13, 15, 17, 19, 21, 23, 25, 27, 29, 31, 33, 35, 37, 39, 41, 43, 45, 47, 49, 51, 53, 55, 57]]
Identical Groups (by block index): [[0, 1]]
[blocks] 2 blocks; identical groups: [[0, 1]]
[check] Tr rho = 29.000000000016, sum blocks = 30.000000000000, Nelec = 29
[leader block 0] size=29 Nimp_b=1 Nelec_b=15
DEBUG: C1 = 
[[ 1.     0.     0.     0.     0.     0.     0.     0.     0.     0.     0.     0.     0.     0.     0.     0.     0.     0.     0.     0.     0.     0.     0.     0.     0.     0.     0.     0.     0.   ]
 [ 0.     0.004  0.055 -0.136  0.231  0.     0.116  0.     0.     0.    -0.069  0.434 -0.542  0.    -0.651  0.    -0.     0.     0.    -0.     0.     0.    -0.     0.     0.     0.     0.     0.    -0.   ]
 [ 0.     0.005 -0.065 -0.278  0.463  0.469  0.114 -0.092  0.429  0.355 -0.111 -0.056  0.043  0.278  0.175  0.164 -0.    -0.    -0.    -0.001 -0.     0.    -0.    -0.     0.    -0.    -0.    -0.    -0.   ]
 [ 0.     0.006  0.108 -0.369  0.225 -0.424 -0.2   -0.164 -0.121  0.36  -0.271  0.092 -0.11  -0.456  0.312 -0.108 -0.    -0.    -0.    -0.001 -0.     0.    -0.    -0.    -0.    -0.    -0.    -0.    -0.   ]
 [ 0.     0.006 -0.118 -0.438 -0.133  0.009 -0.256 -0.29  -0.001  0.114  0.25  -0.374  0.306 -0.13  -0.542  0.087 -0.    -0.    -0.    -0.001 -0.     0.    -0.    -0.    -0.    -0.    -0.    -0.    -0.   ]
 [ 0.     0.007  0.039 -0.265 -0.329 -0.03  -0.27  -0.407 -0.169 -0.177 -0.121  0.247 -0.173  0.481  0.215  0.372 -0.    -0.    -0.    -0.001 -0.     0.    -0.    -0.    -0.    -0.    -0.    -0.    -0.   ]
 [ 0.     0.008 -0.173 -0.448  0.204  0.191 -0.362  0.543 -0.114 -0.478  0.029  0.009 -0.036 -0.048  0.119 -0.073 -0.    -0.    -0.    -0.001 -0.     0.    -0.    -0.    -0.    -0.    -0.    -0.    -0.   ]
 [ 0.     0.008  0.201 -0.049 -0.089 -0.145 -0.147 -0.047  0.351 -0.186 -0.547 -0.122  0.146  0.294 -0.175 -0.542 -0.    -0.    -0.    -0.001 -0.     0.    -0.    -0.    -0.    -0.    -0.    -0.    -0.   ]
 [ 0.     0.009  0.054 -0.014  0.174  0.065 -0.099 -0.002 -0.505  0.329  0.296  0.194  0.18   0.425 -0.001 -0.501 -0.    -0.    -0.    -0.002 -0.     0.    -0.    -0.    -0.    -0.    -0.    -0.    -0.   ]
 [ 0.     0.01  -0.062  0.031  0.12   0.158  0.059 -0.376 -0.129 -0.205  0.132 -0.533 -0.575 -0.018  0.151 -0.31  -0.    -0.    -0.    -0.002 -0.     0.    -0.    -0.    -0.    -0.    -0.    -0.    -0.   ]
 [ 0.     0.01  -0.437 -0.144 -0.46  -0.072 -0.043  0.111  0.432  0.247  0.295  0.202 -0.255  0.007  0.138 -0.311 -0.    -0.    -0.    -0.002 -0.     0.    -0.    -0.    -0.    -0.    -0.    -0.    -0.   ]
 [ 0.     0.011  0.639 -0.139 -0.091 -0.229 -0.041  0.378  0.146  0.186  0.296 -0.298 -0.248  0.224  0.02   0.151 -0.    -0.    -0.    -0.003 -0.     0.001 -0.    -0.    -0.    -0.    -0.    -0.    -0.   ]
 [ 0.     0.012 -0.3   -0.014 -0.261  0.087  0.081  0.346 -0.367  0.381 -0.493 -0.327 -0.18   0.13  -0.116  0.12  -0.    -0.    -0.    -0.003 -0.     0.001 -0.    -0.    -0.    -0.    -0.    -0.    -0.   ]
 [ 0.     0.012 -0.328  0.428  0.365 -0.362 -0.549  0.027  0.144  0.08   0.052 -0.119 -0.103  0.219 -0.084  0.181 -0.    -0.    -0.    -0.003 -0.     0.001 -0.    -0.    -0.    -0.    -0.    -0.    -0.   ]
 [ 0.     0.011  0.302  0.281 -0.198  0.563 -0.563 -0.022  0.031  0.197 -0.076  0.108 -0.115 -0.287 -0.029 -0.049 -0.    -0.    -0.    -0.003 -0.     0.001 -0.    -0.    -0.    -0.    -0.    -0.    -0.   ]
 [ 0.     0.484  0.001  0.004  0.001 -0.001  0.013 -0.002 -0.    -0.007  0.001  0.005  0.009 -0.006  0.001  0.005 -0.148 -0.062 -0.052 -0.733 -0.045 -0.318  0.284 -0.035 -0.014 -0.032  0.017 -0.038  0.108]
 [ 0.     0.435  0.001  0.003  0.001 -0.001  0.01  -0.002 -0.    -0.006  0.001  0.004  0.007 -0.005  0.001  0.004  0.056  0.164 -0.095 -0.087 -0.219  0.697 -0.298 -0.095  0.057 -0.137 -0.152  0.031  0.294]
 [ 0.     0.372  0.001  0.003  0.001 -0.001  0.008 -0.001 -0.    -0.004  0.001  0.003  0.006 -0.004  0.001  0.003 -0.023 -0.165 -0.037  0.051  0.159  0.08  -0.233 -0.206 -0.301  0.083 -0.053 -0.271 -0.726]
 [ 0.     0.321  0.     0.002  0.001 -0.     0.006 -0.001 -0.    -0.003  0.     0.003  0.004 -0.003  0.001  0.002 -0.129  0.19   0.463  0.097 -0.074 -0.023 -0.119  0.275  0.334  0.019  0.502  0.32  -0.242]
 [ 0.     0.281  0.     0.002  0.    -0.     0.005 -0.001 -0.    -0.003  0.     0.002  0.003 -0.003  0.     0.002  0.373 -0.232 -0.236  0.121  0.298 -0.016  0.058  0.221 -0.223  0.339 -0.05   0.582  0.106]
 [ 0.     0.248  0.     0.002  0.    -0.     0.004 -0.001 -0.    -0.002  0.     0.002  0.003 -0.002  0.     0.002 -0.034  0.045  0.004  0.194  0.22  -0.443 -0.535  0.33  -0.068 -0.216 -0.128 -0.287  0.328]
 [ 0.     0.221  0.     0.002  0.    -0.     0.003 -0.    -0.    -0.002  0.     0.001  0.002 -0.002  0.     0.001  0.22  -0.077  0.238  0.189  0.355  0.064  0.412  0.005  0.495 -0.231 -0.426 -0.142 -0.071]
 [ 0.     0.197  0.     0.001  0.    -0.     0.003 -0.    -0.    -0.001  0.     0.001  0.002 -0.002  0.     0.001  0.355 -0.011 -0.431  0.226 -0.303 -0.088  0.158  0.053  0.285  0.239  0.377 -0.435  0.032]
 [ 0.     0.176  0.     0.001  0.    -0.     0.002 -0.    -0.    -0.001  0.     0.001  0.002 -0.001  0.     0.001  0.002  0.266  0.234  0.223  0.068 -0.253 -0.038 -0.732 -0.003  0.342 -0.006  0.06   0.259]
 [ 0.     0.157  0.     0.001  0.    -0.     0.002 -0.    -0.    -0.001  0.     0.001  0.001 -0.001  0.     0.001 -0.029 -0.174  0.456  0.236 -0.155  0.162  0.386  0.175 -0.551  0.015  0.126 -0.266  0.244]
 [ 0.     0.139  0.     0.001  0.    -0.     0.002 -0.    -0.    -0.001  0.     0.001  0.001 -0.001  0.     0.001 -0.391  0.623 -0.296  0.237 -0.071 -0.044  0.303  0.242 -0.136  0.118 -0.289  0.057 -0.142]
 [ 0.     0.121  0.     0.001  0.    -0.     0.001 -0.    -0.    -0.001  0.     0.001  0.001 -0.001  0.     0.001 -0.485 -0.58  -0.07   0.269 -0.407 -0.105 -0.044 -0.043  0.226  0.112 -0.257  0.155  0.037]
 [ 0.     0.101  0.     0.001  0.    -0.     0.001 -0.    -0.    -0.001  0.     0.     0.001 -0.001  0.     0.     0.3    0.055 -0.09   0.187 -0.379 -0.268  0.084 -0.208 -0.2   -0.663  0.005  0.298 -0.138]
 [ 0.     0.073  0.     0.     0.    -0.     0.001 -0.    -0.    -0.     0.     0.     0.001 -0.     0.     0.    -0.405 -0.127 -0.334  0.189  0.47   0.152  0.162 -0.203 -0.005 -0.342  0.463  0.032  0.152]]
DEBUG: C2 = 
[[ 1.  0.  0.  0.  0.  0.  0.  0.  0.  0.  0.  0.  0.  0.  0.  0.  0.  0.  0.  0.  0.  0.  0.  0.  0.  0.  0.  0.  0.]
 [ 0. -1.  0.  0.  0.  0.  0.  0.  0.  0.  0.  0.  0.  0.  0.  0.  0.  0.  0.  0.  0.  0.  0.  0.  0.  0.  0.  0.  0.]
 [ 0.  0.  1.  0.  0.  0.  0.  0.  0.  0.  0.  0.  0.  0.  0.  0.  0.  0.  0.  0.  0.  0.  0.  0.  0.  0.  0.  0.  0.]
 [ 0.  0.  0.  1.  0.  0.  0.  0.  0.  0.  0.  0.  0.  0.  0.  0.  0.  0.  0.  0.  0.  0.  0.  0.  0.  0.  0.  0.  0.]
 [ 0.  0.  0.  0.  1.  0.  0.  0.  0.  0.  0.  0.  0.  0.  0.  0.  0.  0.  0.  0.  0.  0.  0.  0.  0.  0.  0.  0.  0.]
 [ 0.  0.  0.  0.  0.  1.  0.  0.  0.  0.  0.  0.  0.  0.  0.  0.  0.  0.  0.  0.  0.  0.  0.  0.  0.  0.  0.  0.  0.]
 [ 0.  0.  0.  0.  0.  0.  1.  0.  0.  0.  0.  0.  0.  0.  0.  0.  0.  0.  0.  0.  0.  0.  0.  0.  0.  0.  0.  0.  0.]
 [ 0.  0.  0.  0.  0.  0.  0.  1.  0.  0.  0.  0.  0.  0.  0.  0.  0.  0.  0.  0.  0.  0.  0.  0.  0.  0.  0.  0.  0.]
 [ 0.  0.  0.  0.  0.  0.  0.  0.  1.  0.  0.  0.  0.  0.  0.  0.  0.  0.  0.  0.  0.  0.  0.  0.  0.  0.  0.  0.  0.]
 [ 0.  0.  0.  0.  0.  0.  0.  0.  0.  1.  0.  0.  0.  0.  0.  0.  0.  0.  0.  0.  0.  0.  0.  0.  0.  0.  0.  0.  0.]
 [ 0.  0.  0.  0.  0.  0.  0.  0.  0.  0.  1.  0.  0.  0.  0.  0.  0.  0.  0.  0.  0.  0.  0.  0.  0.  0.  0.  0.  0.]
 [ 0.  0.  0.  0.  0.  0.  0.  0.  0.  0.  0.  1.  0.  0.  0.  0.  0.  0.  0.  0.  0.  0.  0.  0.  0.  0.  0.  0.  0.]
 [ 0.  0.  0.  0.  0.  0.  0.  0.  0.  0.  0.  0.  1.  0.  0.  0.  0.  0.  0.  0.  0.  0.  0.  0.  0.  0.  0.  0.  0.]
 [ 0.  0.  0.  0.  0.  0.  0.  0.  0.  0.  0.  0.  0.  1.  0.  0.  0.  0.  0.  0.  0.  0.  0.  0.  0.  0.  0.  0.  0.]
 [ 0.  0.  0.  0.  0.  0.  0.  0.  0.  0.  0.  0.  0.  0.  1.  0.  0.  0.  0.  0.  0.  0.  0.  0.  0.  0.  0.  0.  0.]
 [ 0.  0.  0.  0.  0.  0.  0.  0.  0.  0.  0.  0.  0.  0.  0.  1.  0.  0.  0.  0.  0.  0.  0.  0.  0.  0.  0.  0.  0.]
 [ 0.  0.  0.  0.  0.  0.  0.  0.  0.  0.  0.  0.  0.  0.  0.  0.  1.  0.  0.  0.  0.  0.  0.  0.  0.  0.  0.  0.  0.]
 [ 0.  0.  0.  0.  0.  0.  0.  0.  0.  0.  0.  0.  0.  0.  0.  0.  0.  1.  0.  0.  0.  0.  0.  0.  0.  0.  0.  0.  0.]
 [ 0.  0.  0.  0.  0.  0.  0.  0.  0.  0.  0.  0.  0.  0.  0.  0.  0.  0.  1.  0.  0.  0.  0.  0.  0.  0.  0.  0.  0.]
 [ 0.  0.  0.  0.  0.  0.  0.  0.  0.  0.  0.  0.  0.  0.  0.  0.  0.  0.  0.  1.  0.  0.  0.  0.  0.  0.  0.  0.  0.]
 [ 0.  0.  0.  0.  0.  0.  0.  0.  0.  0.  0.  0.  0.  0.  0.  0.  0.  0.  0.  0.  1.  0.  0.  0.  0.  0.  0.  0.  0.]
 [ 0.  0.  0.  0.  0.  0.  0.  0.  0.  0.  0.  0.  0.  0.  0.  0.  0.  0.  0.  0.  0.  1.  0.  0.  0.  0.  0.  0.  0.]
 [ 0.  0.  0.  0.  0.  0.  0.  0.  0.  0.  0.  0.  0.  0.  0.  0.  0.  0.  0.  0.  0.  0.  1.  0.  0.  0.  0.  0.  0.]
 [ 0.  0.  0.  0.  0.  0.  0.  0.  0.  0.  0.  0.  0.  0.  0.  0.  0.  0.  0.  0.  0.  0.  0.  1.  0.  0.  0.  0.  0.]
 [ 0.  0.  0.  0.  0.  0.  0.  0.  0.  0.  0.  0.  0.  0.  0.  0.  0.  0.  0.  0.  0.  0.  0.  0.  1.  0.  0.  0.  0.]
 [ 0.  0.  0.  0.  0.  0.  0.  0.  0.  0.  0.  0.  0.  0.  0.  0.  0.  0.  0.  0.  0.  0.  0.  0.  0.  1.  0.  0.  0.]
 [ 0.  0.  0.  0.  0.  0.  0.  0.  0.  0.  0.  0.  0.  0.  0.  0.  0.  0.  0.  0.  0.  0.  0.  0.  0.  0.  1.  0.  0.]
 [ 0.  0.  0.  0.  0.  0.  0.  0.  0.  0.  0.  0.  0.  0.  0.  0.  0.  0.  0.  0.  0.  0.  0.  0.  0.  0.  0.  1.  0.]
 [ 0.  0.  0.  0.  0.  0.  0.  0.  0.  0.  0.  0.  0.  0.  0.  0.  0.  0.  0.  0.  0.  0.  0.  0.  0.  0.  0.  0.  1.]]
DEBUG: C3 = 
[[-0.97   0.245  0.     0.     0.     0.     0.     0.     0.     0.     0.     0.     0.     0.     0.     0.     0.     0.     0.     0.     0.     0.     0.     0.     0.     0.     0.     0.     0.   ]
 [-0.245 -0.97   0.     0.     0.     0.     0.     0.     0.     0.     0.     0.     0.     0.     0.     0.     0.     0.     0.     0.     0.     0.     0.     0.     0.     0.     0.     0.     0.   ]
 [ 0.     0.     1.     0.     0.     0.     0.     0.     0.     0.     0.     0.     0.     0.     0.     0.     0.     0.     0.     0.     0.     0.     0.     0.     0.     0.     0.     0.     0.   ]
 [ 0.     0.     0.     1.     0.     0.     0.     0.     0.     0.     0.     0.     0.     0.     0.     0.     0.     0.     0.     0.     0.     0.     0.     0.     0.     0.     0.     0.     0.   ]
 [ 0.     0.     0.     0.     1.     0.     0.     0.     0.     0.     0.     0.     0.     0.     0.     0.     0.     0.     0.     0.     0.     0.     0.     0.     0.     0.     0.     0.     0.   ]
 [ 0.     0.     0.     0.     0.     1.     0.     0.     0.     0.     0.     0.     0.     0.     0.     0.     0.     0.     0.     0.     0.     0.     0.     0.     0.     0.     0.     0.     0.   ]
 [ 0.     0.     0.     0.     0.     0.     1.     0.     0.     0.     0.     0.     0.     0.     0.     0.     0.     0.     0.     0.     0.     0.     0.     0.     0.     0.     0.     0.     0.   ]
 [ 0.     0.     0.     0.     0.     0.     0.     1.     0.     0.     0.     0.     0.     0.     0.     0.     0.     0.     0.     0.     0.     0.     0.     0.     0.     0.     0.     0.     0.   ]
 [ 0.     0.     0.     0.     0.     0.     0.     0.     1.     0.     0.     0.     0.     0.     0.     0.     0.     0.     0.     0.     0.     0.     0.     0.     0.     0.     0.     0.     0.   ]
 [ 0.     0.     0.     0.     0.     0.     0.     0.     0.     1.     0.     0.     0.     0.     0.     0.     0.     0.     0.     0.     0.     0.     0.     0.     0.     0.     0.     0.     0.   ]
 [ 0.     0.     0.     0.     0.     0.     0.     0.     0.     0.     1.     0.     0.     0.     0.     0.     0.     0.     0.     0.     0.     0.     0.     0.     0.     0.     0.     0.     0.   ]
 [ 0.     0.     0.     0.     0.     0.     0.     0.     0.     0.     0.     1.     0.     0.     0.     0.     0.     0.     0.     0.     0.     0.     0.     0.     0.     0.     0.     0.     0.   ]
 [ 0.     0.     0.     0.     0.     0.     0.     0.     0.     0.     0.     0.     1.     0.     0.     0.     0.     0.     0.     0.     0.     0.     0.     0.     0.     0.     0.     0.     0.   ]
 [ 0.     0.     0.     0.     0.     0.     0.     0.     0.     0.     0.     0.     0.     1.     0.     0.     0.     0.     0.     0.     0.     0.     0.     0.     0.     0.     0.     0.     0.   ]
 [ 0.     0.     0.     0.     0.     0.     0.     0.     0.     0.     0.     0.     0.     0.     1.     0.     0.     0.     0.     0.     0.     0.     0.     0.     0.     0.     0.     0.     0.   ]
 [ 0.     0.     0.     0.     0.     0.     0.     0.     0.     0.     0.     0.     0.     0.     0.     1.     0.     0.     0.     0.     0.     0.     0.     0.     0.     0.     0.     0.     0.   ]
 [ 0.     0.     0.     0.     0.     0.     0.     0.     0.     0.     0.     0.     0.     0.     0.     0.     1.     0.     0.     0.     0.     0.     0.     0.     0.     0.     0.     0.     0.   ]
 [ 0.     0.     0.     0.     0.     0.     0.     0.     0.     0.     0.     0.     0.     0.     0.     0.     0.     1.     0.     0.     0.     0.     0.     0.     0.     0.     0.     0.     0.   ]
 [ 0.     0.     0.     0.     0.     0.     0.     0.     0.     0.     0.     0.     0.     0.     0.     0.     0.     0.     1.     0.     0.     0.     0.     0.     0.     0.     0.     0.     0.   ]
 [ 0.     0.     0.     0.     0.     0.     0.     0.     0.     0.     0.     0.     0.     0.     0.     0.     0.     0.     0.     1.     0.     0.     0.     0.     0.     0.     0.     0.     0.   ]
 [ 0.     0.     0.     0.     0.     0.     0.     0.     0.     0.     0.     0.     0.     0.     0.     0.     0.     0.     0.     0.     1.     0.     0.     0.     0.     0.     0.     0.     0.   ]
 [ 0.     0.     0.     0.     0.     0.     0.     0.     0.     0.     0.     0.     0.     0.     0.     0.     0.     0.     0.     0.     0.     1.     0.     0.     0.     0.     0.     0.     0.   ]
 [ 0.     0.     0.     0.     0.     0.     0.     0.     0.     0.     0.     0.     0.     0.     0.     0.     0.     0.     0.     0.     0.     0.     1.     0.     0.     0.     0.     0.     0.   ]
 [ 0.     0.     0.     0.     0.     0.     0.     0.     0.     0.     0.     0.     0.     0.     0.     0.     0.     0.     0.     0.     0.     0.     0.     1.     0.     0.     0.     0.     0.   ]
 [ 0.     0.     0.     0.     0.     0.     0.     0.     0.     0.     0.     0.     0.     0.     0.     0.     0.     0.     0.     0.     0.     0.     0.     0.     1.     0.     0.     0.     0.   ]
 [ 0.     0.     0.     0.     0.     0.     0.     0.     0.     0.     0.     0.     0.     0.     0.     0.     0.     0.     0.     0.     0.     0.     0.     0.     0.     1.     0.     0.     0.   ]
 [ 0.     0.     0.     0.     0.     0.     0.     0.     0.     0.     0.     0.     0.     0.     0.     0.     0.     0.     0.     0.     0.     0.     0.     0.     0.     0.     1.     0.     0.   ]
 [ 0.     0.     0.     0.     0.     0.     0.     0.     0.     0.     0.     0.     0.     0.     0.     0.     0.     0.     0.     0.     0.     0.     0.     0.     0.     0.     0.     1.     0.   ]
 [ 0.     0.     0.     0.     0.     0.     0.     0.     0.     0.     0.     0.     0.     0.     0.     0.     0.     0.     0.     0.     0.     0.     0.     0.     0.     0.     0.     0.     1.   ]]
DEBUG: C4 = 
[[ 1.     0.     0.     0.     0.     0.     0.     0.     0.     0.     0.     0.     0.     0.     0.     0.     0.     0.     0.     0.     0.     0.     0.     0.     0.     0.     0.     0.     0.   ]
 [ 0.     1.     0.     0.     0.     0.     0.     0.     0.     0.     0.     0.     0.     0.     0.     0.     0.     0.     0.     0.     0.     0.     0.     0.     0.     0.     0.     0.     0.   ]
 [ 0.     0.     0.042  0.032 -0.028 -0.045 -0.177 -0.187 -0.252 -0.335 -0.377  0.174  0.414  0.537  0.153  0.312  0.     0.     0.     0.     0.     0.     0.     0.     0.     0.     0.     0.     0.   ]
 [ 0.     0.     0.467 -0.685 -0.235 -0.029 -0.294 -0.005  0.249  0.229  0.054 -0.041  0.063  0.086 -0.106  0.168  0.     0.     0.     0.     0.     0.     0.     0.     0.     0.     0.     0.     0.   ]
 [ 0.     0.    -0.024  0.361 -0.298  0.13  -0.147 -0.006  0.656  0.134  0.077  0.147  0.03   0.248  0.434 -0.124  0.     0.     0.     0.     0.     0.     0.     0.     0.     0.     0.     0.     0.   ]
 [ 0.     0.    -0.028  0.017 -0.18  -0.137 -0.446 -0.312 -0.057 -0.456  0.171 -0.556 -0.1   -0.175  0.195 -0.155  0.     0.     0.     0.     0.     0.     0.     0.     0.     0.     0.     0.     0.   ]
 [ 0.     0.     0.552  0.219  0.168  0.695  0.13  -0.062  0.025 -0.138 -0.121 -0.254 -0.061 -0.05  -0.025  0.101  0.     0.     0.     0.     0.     0.     0.     0.     0.     0.     0.     0.     0.   ]
 [ 0.     0.     0.    -0.386 -0.019  0.195  0.055  0.342  0.044 -0.527 -0.166  0.335 -0.062 -0.105  0.217 -0.459  0.     0.     0.     0.     0.     0.     0.     0.     0.     0.     0.     0.     0.   ]
 [ 0.     0.    -0.012  0.052 -0.193  0.151  0.02  -0.217  0.034 -0.258  0.468  0.439  0.319 -0.436 -0.1    0.328  0.     0.     0.     0.     0.     0.     0.     0.     0.     0.     0.     0.     0.   ]
 [ 0.     0.    -0.277 -0.135 -0.472  0.206  0.351 -0.407  0.12   0.023 -0.303 -0.156  0.172  0.02  -0.353 -0.255  0.     0.     0.     0.     0.     0.     0.     0.     0.     0.     0.     0.     0.   ]
 [ 0.     0.     0.066 -0.131  0.201  0.188  0.025 -0.262 -0.331  0.301  0.404  0.023  0.364  0.184  0.257 -0.487  0.     0.     0.     0.     0.     0.     0.     0.     0.     0.     0.     0.     0.   ]
 [ 0.     0.     0.194  0.32  -0.181  0.022 -0.431  0.101 -0.156 -0.032  0.085  0.26  -0.112  0.196 -0.594 -0.356  0.     0.     0.     0.     0.     0.     0.     0.     0.     0.     0.     0.     0.   ]
 [ 0.     0.     0.401  0.173  0.247 -0.49   0.164 -0.045  0.309 -0.11  -0.165 -0.053  0.457 -0.218 -0.116 -0.267  0.     0.     0.     0.     0.     0.     0.     0.     0.     0.     0.     0.     0.   ]
 [ 0.     0.    -0.344 -0.093  0.275  0.192 -0.069  0.365  0.298 -0.199  0.29  -0.326  0.358  0.266 -0.316  0.067  0.     0.     0.     0.     0.     0.     0.     0.     0.     0.     0.     0.     0.   ]
 [ 0.     0.     0.068 -0.124  0.297 -0.148  0.265 -0.45   0.244 -0.279  0.267  0.167 -0.438  0.387 -0.137  0.001  0.     0.     0.     0.     0.     0.     0.     0.     0.     0.     0.     0.     0.   ]
 [ 0.     0.     0.267  0.09  -0.486 -0.202  0.479  0.342 -0.214 -0.156  0.337 -0.196  0.01   0.26   0.075  0.039  0.     0.     0.     0.     0.     0.     0.     0.     0.     0.     0.     0.     0.   ]
 [ 0.     0.     0.     0.     0.     0.     0.     0.     0.     0.     0.     0.     0.     0.     0.     0.    -0.07  -0.494 -0.133  0.185  0.13  -0.363 -0.364 -0.447 -0.174 -0.053 -0.31   0.296  0.029]
 [ 0.     0.     0.     0.     0.     0.     0.     0.     0.     0.     0.     0.     0.     0.     0.     0.    -0.007 -0.067 -0.161 -0.196  0.163  0.117  0.108 -0.211 -0.129 -0.552 -0.284 -0.633 -0.181]
 [ 0.     0.     0.     0.     0.     0.     0.     0.     0.     0.     0.     0.     0.     0.     0.     0.    -0.04  -0.287 -0.165 -0.205 -0.119  0.232 -0.147 -0.232 -0.116 -0.178  0.772  0.099 -0.23 ]
 [ 0.     0.     0.     0.     0.     0.     0.     0.     0.     0.     0.     0.     0.     0.     0.     0.     0.909 -0.265  0.233 -0.169  0.111 -0.058  0.044  0.025  0.022  0.02   0.02  -0.01   0.024]
 [ 0.     0.     0.     0.     0.     0.     0.     0.     0.     0.     0.     0.     0.     0.     0.     0.    -0.054 -0.352  0.178  0.556  0.212  0.32   0.291  0.236 -0.268  0.087 -0.028  0.013 -0.405]
 [ 0.     0.     0.     0.     0.     0.     0.     0.     0.     0.     0.     0.     0.     0.     0.     0.    -0.253 -0.038  0.324 -0.436  0.537 -0.059  0.339 -0.029  0.152 -0.192 -0.009  0.411 -0.057]
 [ 0.     0.     0.     0.     0.     0.     0.     0.     0.     0.     0.     0.     0.     0.     0.     0.     0.282  0.377 -0.405  0.138  0.003  0.269 -0.052  0.047  0.023 -0.392 -0.191  0.529 -0.218]
 [ 0.     0.     0.     0.     0.     0.     0.     0.     0.     0.     0.     0.     0.     0.     0.     0.    -0.047 -0.321  0.001  0.074 -0.484 -0.019  0.463  0.12  -0.05  -0.41  -0.028  0.167  0.476]
 [ 0.     0.     0.     0.     0.     0.     0.     0.     0.     0.     0.     0.     0.     0.     0.     0.    -0.027 -0.188 -0.075  0.272  0.076 -0.327 -0.137  0.304  0.709 -0.294  0.161 -0.118 -0.179]
 [ 0.     0.     0.     0.     0.     0.     0.     0.     0.     0.     0.     0.     0.     0.     0.     0.    -0.052 -0.403 -0.414 -0.319 -0.074  0.402  0.089  0.05   0.381  0.387 -0.295  0.03  -0.04 ]
 [ 0.     0.     0.     0.     0.     0.     0.     0.     0.     0.     0.     0.     0.     0.     0.     0.    -0.003  0.016  0.27   0.283  0.226  0.559 -0.24  -0.302  0.297 -0.117  0.035 -0.049  0.479]
 [ 0.     0.     0.     0.     0.     0.     0.     0.     0.     0.     0.     0.     0.     0.     0.     0.     0.005  0.092  0.41   0.042 -0.492  0.018  0.152 -0.492  0.297  0.025 -0.155  0.054 -0.444]
 [ 0.     0.     0.     0.     0.     0.     0.     0.     0.     0.     0.     0.     0.     0.     0.     0.     0.122  0.145 -0.395  0.273  0.242 -0.194  0.555 -0.447  0.131  0.209  0.226 -0.073  0.112]]
DEBUG: C_total = 
[[-0.97   0.245  0.     0.     0.     0.     0.     0.     0.     0.     0.     0.     0.     0.     0.     0.     0.     0.     0.     0.     0.     0.     0.     0.     0.     0.     0.     0.     0.   ]
 [ 0.001  0.003 -0.185  0.339 -0.439  0.471 -0.439  0.361 -0.264  0.172 -0.1    0.051 -0.022  0.008 -0.002  0.001 -0.     0.    -0.     0.    -0.     0.    -0.     0.    -0.     0.    -0.     0.    -0.   ]
 [ 0.001  0.005 -0.238  0.369 -0.337  0.157  0.093 -0.312  0.429 -0.429  0.346 -0.232  0.129 -0.059  0.021 -0.005 -0.001  0.    -0.     0.    -0.     0.    -0.     0.    -0.     0.    -0.     0.    -0.   ]
 [ 0.001  0.006 -0.265  0.335 -0.163 -0.129  0.332 -0.31   0.084  0.204 -0.399  0.435 -0.344  0.207 -0.093  0.027 -0.001  0.    -0.     0.    -0.     0.    -0.     0.    -0.     0.    -0.     0.    -0.   ]
 [ 0.002  0.006 -0.281  0.276  0.007 -0.285  0.28   0.001 -0.292  0.326 -0.078 -0.251  0.435 -0.406  0.249 -0.094 -0.001  0.    -0.     0.    -0.     0.    -0.     0.    -0.     0.    -0.     0.    -0.   ]
 [ 0.002  0.007 -0.292  0.204  0.147 -0.309  0.074  0.262 -0.277 -0.052  0.338 -0.252 -0.119  0.42  -0.428  0.226 -0.001  0.    -0.     0.    -0.     0.    -0.     0.    -0.     0.    -0.     0.    -0.   ]
 [ 0.002  0.007 -0.298  0.123  0.245 -0.229 -0.15   0.301  0.017 -0.322  0.147  0.266 -0.32  -0.083  0.453 -0.399 -0.001  0.    -0.     0.    -0.     0.    -0.     0.    -0.     0.    -0.     0.    -0.   ]
 [ 0.002  0.008 -0.301  0.039  0.295 -0.081 -0.287  0.126  0.278 -0.176 -0.264  0.238  0.241 -0.324 -0.201  0.527 -0.001  0.    -0.     0.    -0.     0.    -0.     0.    -0.     0.    -0.     0.    -0.   ]
 [ 0.002  0.009 -0.3   -0.047  0.293  0.088 -0.284 -0.132  0.274  0.182 -0.26  -0.242  0.237  0.327 -0.197 -0.528 -0.002  0.    -0.     0.    -0.     0.    -0.     0.    -0.     0.    -0.     0.    -0.   ]
 [ 0.002  0.009 -0.297 -0.13   0.24   0.234 -0.143 -0.302  0.009  0.321  0.153 -0.262 -0.323  0.078  0.452  0.401 -0.002  0.    -0.     0.    -0.     0.    -0.     0.    -0.     0.    -0.     0.    -0.   ]
 [ 0.003  0.01  -0.289 -0.209  0.14   0.31   0.081 -0.258 -0.281  0.045  0.336  0.256 -0.113 -0.418 -0.43  -0.228 -0.002  0.001 -0.     0.    -0.     0.    -0.     0.    -0.     0.    -0.     0.    -0.   ]
 [ 0.003  0.011 -0.278 -0.28  -0.001  0.281  0.284  0.006 -0.288 -0.328 -0.084  0.246  0.434  0.407  0.251  0.095 -0.003  0.001 -0.     0.    -0.     0.    -0.     0.    -0.     0.    -0.     0.    -0.   ]
 [ 0.003  0.011 -0.261 -0.337 -0.169  0.121  0.329  0.313  0.09  -0.198 -0.397 -0.436 -0.346 -0.209 -0.094 -0.028 -0.003  0.001 -0.     0.    -0.     0.    -0.     0.    -0.     0.    -0.     0.    -0.   ]
 [ 0.003  0.011 -0.233 -0.368 -0.34  -0.163  0.086  0.307  0.428  0.43   0.349  0.234  0.131  0.06   0.021  0.005 -0.003  0.001 -0.     0.    -0.     0.    -0.     0.    -0.     0.    -0.     0.    -0.   ]
 [ 0.003  0.01  -0.18  -0.334 -0.437 -0.471 -0.441 -0.364 -0.267 -0.175 -0.101 -0.052 -0.023 -0.009 -0.003 -0.001 -0.003  0.001 -0.     0.    -0.     0.    -0.     0.    -0.     0.    -0.     0.    -0.   ]
 [ 0.119  0.47   0.019  0.007  0.003  0.001  0.     0.     0.     0.     0.     0.     0.     0.     0.     0.    -0.474  0.461 -0.398  0.309 -0.217  0.138 -0.079  0.041 -0.019  0.008 -0.003  0.001 -0.   ]
 [ 0.107  0.422  0.015  0.005  0.002  0.001  0.     0.     0.     0.     0.     0.     0.     0.     0.     0.    -0.283  0.067  0.177 -0.363  0.444 -0.423  0.336 -0.227  0.132 -0.065  0.027 -0.009  0.002]
 [ 0.091  0.36   0.012  0.004  0.001  0.     0.     0.     0.     0.     0.     0.     0.     0.     0.     0.    -0.12  -0.169  0.345 -0.3    0.072  0.203 -0.394  0.441 -0.368  0.242 -0.126  0.05  -0.013]
 [ 0.079  0.311  0.009  0.003  0.001  0.     0.     0.     0.     0.     0.     0.     0.     0.     0.     0.     0.002 -0.282  0.29  -0.025 -0.27   0.343 -0.143 -0.175  0.402 -0.438  0.324 -0.169  0.056]
 [ 0.069  0.272  0.008  0.002  0.     0.     0.     0.     0.     0.     0.     0.     0.     0.     0.     0.     0.093 -0.313  0.139  0.209 -0.315  0.055  0.28  -0.33   0.046  0.308 -0.459  0.36  -0.161]
 [ 0.061  0.241  0.006  0.001  0.     0.     0.     0.     0.     0.     0.     0.     0.     0.     0.     0.     0.164 -0.288 -0.033  0.309 -0.126 -0.251  0.279  0.091 -0.362  0.172  0.263 -0.479  0.329]
 [ 0.054  0.214  0.005  0.001  0.     0.     0.     0.     0.     0.     0.     0.     0.     0.     0.     0.     0.218 -0.226 -0.182  0.265  0.129 -0.305 -0.056  0.339 -0.044 -0.357  0.19   0.337 -0.493]
 [ 0.048  0.191  0.004  0.001  0.     0.     0.     0.     0.     0.     0.     0.     0.     0.     0.     0.     0.259 -0.137 -0.278  0.112  0.295 -0.094 -0.315  0.079  0.344 -0.064 -0.394  0.048  0.552]
 [ 0.043  0.171  0.004  0.001  0.     0.     0.     0.     0.     0.     0.     0.     0.     0.     0.     0.     0.29  -0.032 -0.306 -0.087  0.28   0.199 -0.215 -0.299  0.1    0.375  0.085 -0.397 -0.463]
 [ 0.039  0.153  0.003  0.001  0.     0.     0.     0.     0.     0.     0.     0.     0.     0.     0.     0.     0.31   0.081 -0.257 -0.259  0.085  0.328  0.148 -0.235 -0.349 -0.049  0.347  0.47   0.288]
 [ 0.034  0.135  0.003  0.     0.     0.     0.     0.     0.     0.     0.     0.     0.     0.     0.     0.     0.32   0.195 -0.131 -0.327 -0.189  0.148  0.353  0.233 -0.104 -0.39  -0.449 -0.313 -0.13 ]
 [ 0.03   0.118  0.002  0.     0.     0.     0.     0.     0.     0.     0.     0.     0.     0.     0.     0.     0.318  0.3    0.061 -0.228 -0.357 -0.236  0.049  0.321  0.445  0.403  0.267  0.129  0.041]
 [ 0.025  0.098  0.002  0.     0.     0.     0.     0.     0.     0.     0.     0.     0.     0.     0.     0.     0.299  0.379  0.289  0.068 -0.189 -0.379 -0.448 -0.403 -0.294 -0.176 -0.085 -0.032 -0.008]
 [ 0.018  0.071  0.001  0.     0.     0.     0.     0.     0.     0.     0.     0.     0.     0.     0.     0.     0.241  0.381  0.461  0.47   0.418  0.327  0.226  0.138  0.074  0.034  0.013  0.004  0.001]]
DEBUG: C_total_restored = 
[[ 1.    -0.     0.     0.     0.     0.     0.     0.     0.     0.     0.     0.     0.     0.     0.     0.     0.     0.     0.     0.     0.     0.     0.     0.     0.     0.     0.     0.     0.   ]
 [ 0.    -0.004 -0.185  0.339 -0.439  0.471 -0.439  0.361 -0.264  0.172 -0.1    0.051 -0.022  0.008 -0.002  0.001 -0.     0.    -0.     0.    -0.     0.    -0.     0.    -0.     0.    -0.     0.    -0.   ]
 [ 0.    -0.005 -0.238  0.369 -0.337  0.157  0.093 -0.312  0.429 -0.429  0.346 -0.232  0.129 -0.059  0.021 -0.005 -0.001  0.    -0.     0.    -0.     0.    -0.     0.    -0.     0.    -0.     0.    -0.   ]
 [ 0.    -0.006 -0.265  0.335 -0.163 -0.129  0.332 -0.31   0.084  0.204 -0.399  0.435 -0.344  0.207 -0.093  0.027 -0.001  0.    -0.     0.    -0.     0.    -0.     0.    -0.     0.    -0.     0.    -0.   ]
 [ 0.    -0.006 -0.281  0.276  0.007 -0.285  0.28   0.001 -0.292  0.326 -0.078 -0.251  0.435 -0.406  0.249 -0.094 -0.001  0.    -0.     0.    -0.     0.    -0.     0.    -0.     0.    -0.     0.    -0.   ]
 [-0.    -0.007 -0.292  0.204  0.147 -0.309  0.074  0.262 -0.277 -0.052  0.338 -0.252 -0.119  0.42  -0.428  0.226 -0.001  0.    -0.     0.    -0.     0.    -0.     0.    -0.     0.    -0.     0.    -0.   ]
 [ 0.    -0.008 -0.298  0.123  0.245 -0.229 -0.15   0.301  0.017 -0.322  0.147  0.266 -0.32  -0.083  0.453 -0.399 -0.001  0.    -0.     0.    -0.     0.    -0.     0.    -0.     0.    -0.     0.    -0.   ]
 [ 0.    -0.008 -0.301  0.039  0.295 -0.081 -0.287  0.126  0.278 -0.176 -0.264  0.238  0.241 -0.324 -0.201  0.527 -0.001  0.    -0.     0.    -0.     0.    -0.     0.    -0.     0.    -0.     0.    -0.   ]
 [ 0.    -0.009 -0.3   -0.047  0.293  0.088 -0.284 -0.132  0.274  0.182 -0.26  -0.242  0.237  0.327 -0.197 -0.528 -0.002  0.    -0.     0.    -0.     0.    -0.     0.    -0.     0.    -0.     0.    -0.   ]
 [-0.    -0.01  -0.297 -0.13   0.24   0.234 -0.143 -0.302  0.009  0.321  0.153 -0.262 -0.323  0.078  0.452  0.401 -0.002  0.    -0.     0.    -0.     0.    -0.     0.    -0.     0.    -0.     0.    -0.   ]
 [-0.    -0.01  -0.289 -0.209  0.14   0.31   0.081 -0.258 -0.281  0.045  0.336  0.256 -0.113 -0.418 -0.43  -0.228 -0.002  0.001 -0.     0.    -0.     0.    -0.     0.    -0.     0.    -0.     0.    -0.   ]
 [-0.    -0.011 -0.278 -0.28  -0.001  0.281  0.284  0.006 -0.288 -0.328 -0.084  0.246  0.434  0.407  0.251  0.095 -0.003  0.001 -0.     0.    -0.     0.    -0.     0.    -0.     0.    -0.     0.    -0.   ]
 [ 0.    -0.012 -0.261 -0.337 -0.169  0.121  0.329  0.313  0.09  -0.198 -0.397 -0.436 -0.346 -0.209 -0.094 -0.028 -0.003  0.001 -0.     0.    -0.     0.    -0.     0.    -0.     0.    -0.     0.    -0.   ]
 [-0.    -0.012 -0.233 -0.368 -0.34  -0.163  0.086  0.307  0.428  0.43   0.349  0.234  0.131  0.06   0.021  0.005 -0.003  0.001 -0.     0.    -0.     0.    -0.     0.    -0.     0.    -0.     0.    -0.   ]
 [ 0.    -0.011 -0.18  -0.334 -0.437 -0.471 -0.441 -0.364 -0.267 -0.175 -0.101 -0.052 -0.023 -0.009 -0.003 -0.001 -0.003  0.001 -0.     0.    -0.     0.    -0.     0.    -0.     0.    -0.     0.    -0.   ]
 [ 0.    -0.484  0.019  0.007  0.003  0.001  0.     0.     0.     0.     0.     0.     0.     0.     0.     0.    -0.474  0.461 -0.398  0.309 -0.217  0.138 -0.079  0.041 -0.019  0.008 -0.003  0.001 -0.   ]
 [-0.    -0.435  0.015  0.005  0.002  0.001  0.     0.     0.     0.     0.     0.     0.     0.     0.     0.    -0.283  0.067  0.177 -0.363  0.444 -0.423  0.336 -0.227  0.132 -0.065  0.027 -0.009  0.002]
 [ 0.    -0.372  0.012  0.004  0.001  0.     0.     0.     0.     0.     0.     0.     0.     0.     0.     0.    -0.12  -0.169  0.345 -0.3    0.072  0.203 -0.394  0.441 -0.368  0.242 -0.126  0.05  -0.013]
 [ 0.    -0.321  0.009  0.003  0.001  0.     0.     0.     0.     0.     0.     0.     0.     0.     0.     0.     0.002 -0.282  0.29  -0.025 -0.27   0.343 -0.143 -0.175  0.402 -0.438  0.324 -0.169  0.056]
 [ 0.    -0.281  0.008  0.002  0.     0.     0.     0.     0.     0.     0.     0.     0.     0.     0.     0.     0.093 -0.313  0.139  0.209 -0.315  0.055  0.28  -0.33   0.046  0.308 -0.459  0.36  -0.161]
 [-0.    -0.248  0.006  0.001  0.     0.     0.     0.     0.     0.     0.     0.     0.     0.     0.     0.     0.164 -0.288 -0.033  0.309 -0.126 -0.251  0.279  0.091 -0.362  0.172  0.263 -0.479  0.329]
 [ 0.    -0.221  0.005  0.001  0.     0.     0.     0.     0.     0.     0.     0.     0.     0.     0.     0.     0.218 -0.226 -0.182  0.265  0.129 -0.305 -0.056  0.339 -0.044 -0.357  0.19   0.337 -0.493]
 [-0.    -0.197  0.004  0.001  0.     0.     0.     0.     0.     0.     0.     0.     0.     0.     0.     0.     0.259 -0.137 -0.278  0.112  0.295 -0.094 -0.315  0.079  0.344 -0.064 -0.394  0.048  0.552]
 [ 0.    -0.176  0.004  0.001  0.     0.     0.     0.     0.     0.     0.     0.     0.     0.     0.     0.     0.29  -0.032 -0.306 -0.087  0.28   0.199 -0.215 -0.299  0.1    0.375  0.085 -0.397 -0.463]
 [ 0.    -0.157  0.003  0.001  0.     0.     0.     0.     0.     0.     0.     0.     0.     0.     0.     0.     0.31   0.081 -0.257 -0.259  0.085  0.328  0.148 -0.235 -0.349 -0.049  0.347  0.47   0.288]
 [ 0.    -0.139  0.003  0.     0.     0.     0.     0.     0.     0.     0.     0.     0.     0.     0.     0.     0.32   0.195 -0.131 -0.327 -0.189  0.148  0.353  0.233 -0.104 -0.39  -0.449 -0.313 -0.13 ]
 [ 0.    -0.121  0.002  0.     0.     0.     0.     0.     0.     0.     0.     0.     0.     0.     0.     0.     0.318  0.3    0.061 -0.228 -0.357 -0.236  0.049  0.321  0.445  0.403  0.267  0.129  0.041]
 [-0.    -0.101  0.002  0.     0.     0.     0.     0.     0.     0.     0.     0.     0.     0.     0.     0.     0.299  0.379  0.289  0.068 -0.189 -0.379 -0.448 -0.403 -0.294 -0.176 -0.085 -0.032 -0.008]
 [ 0.    -0.073  0.001  0.     0.     0.     0.     0.     0.     0.     0.     0.     0.     0.     0.     0.     0.241  0.381  0.461  0.47   0.418  0.327  0.226  0.138  0.074  0.034  0.013  0.004  0.001]]
h_block_final:
[[ 0.    -0.201 -0.219 -0.     0.     0.     0.    -0.    -0.     0.    -0.     0.    -0.    -0.     0.    -0.     0.11  -0.    -0.    -0.    -0.    -0.     0.     0.     0.    -0.     0.     0.     0.   ]
 [-0.201  0.746 -0.055  0.    -0.     0.    -0.     0.     0.    -0.     0.    -0.     0.     0.    -0.    -0.    -0.437  0.     0.     0.    -0.    -0.    -0.     0.    -0.     0.    -0.    -0.    -0.   ]
 [-0.219 -0.055 -1.255  0.503 -0.    -0.     0.     0.    -0.    -0.     0.    -0.     0.     0.    -0.    -0.     0.     0.    -0.     0.     0.    -0.     0.     0.     0.    -0.     0.     0.     0.   ]
 [-0.     0.     0.503 -1.25   0.505 -0.     0.     0.     0.    -0.    -0.     0.    -0.     0.    -0.    -0.     0.     0.    -0.    -0.    -0.     0.    -0.     0.     0.     0.     0.    -0.    -0.   ]
 [ 0.    -0.    -0.     0.505 -1.25   0.502 -0.    -0.    -0.    -0.     0.    -0.     0.    -0.    -0.    -0.    -0.    -0.     0.    -0.    -0.    -0.     0.     0.     0.     0.    -0.    -0.     0.   ]
 [ 0.     0.    -0.    -0.     0.502 -1.25   0.495 -0.    -0.     0.     0.     0.    -0.    -0.     0.     0.     0.     0.    -0.     0.     0.    -0.     0.    -0.    -0.    -0.    -0.     0.     0.   ]
 [ 0.    -0.    -0.     0.    -0.     0.495 -1.25   0.483 -0.    -0.     0.     0.    -0.    -0.     0.    -0.     0.    -0.    -0.     0.     0.     0.    -0.    -0.     0.     0.     0.     0.    -0.   ]
 [-0.     0.     0.     0.    -0.     0.     0.483 -1.249  0.467 -0.    -0.    -0.    -0.     0.    -0.     0.    -0.     0.     0.    -0.    -0.    -0.     0.    -0.     0.    -0.    -0.     0.     0.   ]
 [-0.     0.    -0.     0.    -0.    -0.    -0.     0.467 -1.249  0.446  0.     0.    -0.     0.    -0.     0.     0.     0.     0.    -0.    -0.     0.    -0.    -0.    -0.     0.     0.     0.     0.   ]
 [ 0.    -0.    -0.    -0.    -0.     0.    -0.    -0.     0.446 -1.249  0.422 -0.    -0.    -0.     0.    -0.    -0.    -0.    -0.    -0.     0.    -0.    -0.     0.     0.    -0.     0.    -0.     0.   ]
 [-0.     0.     0.    -0.    -0.     0.     0.    -0.    -0.     0.422 -1.249  0.393  0.     0.     0.    -0.    -0.     0.    -0.    -0.     0.    -0.     0.     0.     0.    -0.    -0.     0.     0.   ]
 [ 0.    -0.    -0.     0.    -0.     0.     0.    -0.     0.    -0.     0.393 -1.249  0.358 -0.    -0.     0.     0.     0.     0.     0.    -0.    -0.    -0.    -0.    -0.    -0.    -0.     0.    -0.   ]
 [-0.     0.     0.    -0.     0.    -0.     0.    -0.    -0.    -0.     0.     0.358 -1.249  0.316  0.    -0.    -0.    -0.    -0.    -0.    -0.    -0.    -0.    -0.     0.     0.    -0.     0.     0.   ]
 [-0.     0.     0.     0.    -0.     0.    -0.     0.     0.    -0.     0.    -0.     0.316 -1.249  0.263 -0.     0.     0.     0.    -0.    -0.    -0.    -0.     0.     0.     0.     0.     0.     0.   ]
 [ 0.    -0.    -0.    -0.    -0.     0.     0.    -0.    -0.     0.     0.    -0.     0.     0.263 -1.249  0.189 -0.    -0.     0.     0.    -0.    -0.    -0.     0.    -0.     0.     0.    -0.    -0.   ]
 [-0.    -0.    -0.    -0.    -0.     0.    -0.    -0.     0.     0.    -0.    -0.    -0.    -0.     0.189 -1.249  0.    -0.     0.     0.     0.     0.     0.     0.    -0.     0.    -0.    -0.    -0.   ]
 [ 0.11  -0.437  0.     0.    -0.     0.     0.    -0.     0.    -0.    -0.     0.    -0.     0.    -0.     0.     1.254  0.5   -0.    -0.     0.     0.    -0.    -0.     0.    -0.     0.    -0.     0.   ]
 [-0.     0.     0.     0.    -0.     0.    -0.     0.     0.    -0.     0.     0.    -0.     0.    -0.    -0.     0.5    1.263  0.495 -0.     0.     0.    -0.     0.     0.    -0.     0.     0.    -0.   ]
 [-0.    -0.    -0.    -0.     0.    -0.    -0.     0.     0.    -0.    -0.     0.    -0.     0.     0.     0.    -0.     0.495  1.273  0.487  0.     0.     0.    -0.    -0.     0.    -0.    -0.     0.   ]
 [-0.     0.     0.    -0.    -0.     0.     0.    -0.    -0.    -0.    -0.     0.    -0.    -0.     0.     0.    -0.    -0.     0.487  1.281  0.474  0.     0.    -0.    -0.     0.     0.    -0.     0.   ]
 [-0.    -0.     0.    -0.    -0.     0.     0.    -0.    -0.     0.     0.    -0.    -0.    -0.    -0.     0.     0.    -0.     0.     0.474  1.287  0.457  0.    -0.     0.     0.    -0.     0.    -0.   ]
 [-0.    -0.    -0.     0.    -0.    -0.     0.    -0.     0.    -0.    -0.    -0.    -0.    -0.    -0.     0.     0.     0.     0.     0.     0.457  1.292  0.437  0.    -0.    -0.     0.     0.    -0.   ]
 [ 0.    -0.     0.    -0.     0.     0.    -0.     0.    -0.    -0.     0.    -0.    -0.    -0.    -0.     0.    -0.    -0.     0.     0.     0.     0.437  1.294  0.413  0.    -0.     0.     0.     0.   ]
 [ 0.     0.     0.     0.     0.    -0.    -0.    -0.    -0.     0.     0.    -0.    -0.     0.     0.     0.    -0.     0.    -0.    -0.    -0.     0.     0.413  1.297  0.384 -0.     0.     0.     0.   ]
 [ 0.    -0.     0.     0.     0.    -0.     0.     0.    -0.     0.     0.    -0.     0.     0.    -0.    -0.     0.     0.    -0.    -0.     0.    -0.     0.     0.384  1.299  0.35   0.    -0.    -0.   ]
 [-0.     0.    -0.     0.     0.    -0.     0.    -0.     0.    -0.    -0.    -0.     0.     0.     0.     0.    -0.    -0.     0.     0.     0.    -0.    -0.     0.     0.35   1.301  0.309 -0.    -0.   ]
 [ 0.    -0.     0.     0.    -0.    -0.     0.    -0.     0.     0.    -0.    -0.    -0.     0.     0.    -0.     0.     0.     0.     0.    -0.     0.     0.     0.     0.     0.309  1.302  0.257 -0.   ]
 [ 0.    -0.     0.    -0.    -0.     0.     0.     0.     0.    -0.     0.     0.     0.     0.    -0.    -0.     0.     0.    -0.    -0.     0.     0.     0.     0.    -0.    -0.     0.257  1.304  0.185]
 [ 0.     0.     0.    -0.     0.     0.    -0.     0.     0.     0.     0.    -0.     0.     0.    -0.    -0.     0.    -0.     0.     0.    -0.    -0.     0.     0.    -0.    -0.    -0.     0.185  1.305]]
C_block:
[[ 1.    -0.     0.     0.     0.     0.     0.     0.     0.     0.     0.     0.     0.     0.     0.     0.     0.     0.     0.     0.     0.     0.     0.     0.     0.     0.     0.     0.     0.   ]
 [ 0.    -0.004 -0.185  0.339 -0.439  0.471 -0.439  0.361 -0.264  0.172 -0.1    0.051 -0.022  0.008 -0.002  0.001 -0.     0.    -0.     0.    -0.     0.    -0.     0.    -0.     0.    -0.     0.    -0.   ]
 [ 0.    -0.005 -0.238  0.369 -0.337  0.157  0.093 -0.312  0.429 -0.429  0.346 -0.232  0.129 -0.059  0.021 -0.005 -0.001  0.    -0.     0.    -0.     0.    -0.     0.    -0.     0.    -0.     0.    -0.   ]
 [ 0.    -0.006 -0.265  0.335 -0.163 -0.129  0.332 -0.31   0.084  0.204 -0.399  0.435 -0.344  0.207 -0.093  0.027 -0.001  0.    -0.     0.    -0.     0.    -0.     0.    -0.     0.    -0.     0.    -0.   ]
 [ 0.    -0.006 -0.281  0.276  0.007 -0.285  0.28   0.001 -0.292  0.326 -0.078 -0.251  0.435 -0.406  0.249 -0.094 -0.001  0.    -0.     0.    -0.     0.    -0.     0.    -0.     0.    -0.     0.    -0.   ]
 [-0.    -0.007 -0.292  0.204  0.147 -0.309  0.074  0.262 -0.277 -0.052  0.338 -0.252 -0.119  0.42  -0.428  0.226 -0.001  0.    -0.     0.    -0.     0.    -0.     0.    -0.     0.    -0.     0.    -0.   ]
 [ 0.    -0.008 -0.298  0.123  0.245 -0.229 -0.15   0.301  0.017 -0.322  0.147  0.266 -0.32  -0.083  0.453 -0.399 -0.001  0.    -0.     0.    -0.     0.    -0.     0.    -0.     0.    -0.     0.    -0.   ]
 [ 0.    -0.008 -0.301  0.039  0.295 -0.081 -0.287  0.126  0.278 -0.176 -0.264  0.238  0.241 -0.324 -0.201  0.527 -0.001  0.    -0.     0.    -0.     0.    -0.     0.    -0.     0.    -0.     0.    -0.   ]
 [ 0.    -0.009 -0.3   -0.047  0.293  0.088 -0.284 -0.132  0.274  0.182 -0.26  -0.242  0.237  0.327 -0.197 -0.528 -0.002  0.    -0.     0.    -0.     0.    -0.     0.    -0.     0.    -0.     0.    -0.   ]
 [-0.    -0.01  -0.297 -0.13   0.24   0.234 -0.143 -0.302  0.009  0.321  0.153 -0.262 -0.323  0.078  0.452  0.401 -0.002  0.    -0.     0.    -0.     0.    -0.     0.    -0.     0.    -0.     0.    -0.   ]
 [-0.    -0.01  -0.289 -0.209  0.14   0.31   0.081 -0.258 -0.281  0.045  0.336  0.256 -0.113 -0.418 -0.43  -0.228 -0.002  0.001 -0.     0.    -0.     0.    -0.     0.    -0.     0.    -0.     0.    -0.   ]
 [-0.    -0.011 -0.278 -0.28  -0.001  0.281  0.284  0.006 -0.288 -0.328 -0.084  0.246  0.434  0.407  0.251  0.095 -0.003  0.001 -0.     0.    -0.     0.    -0.     0.    -0.     0.    -0.     0.    -0.   ]
 [ 0.    -0.012 -0.261 -0.337 -0.169  0.121  0.329  0.313  0.09  -0.198 -0.397 -0.436 -0.346 -0.209 -0.094 -0.028 -0.003  0.001 -0.     0.    -0.     0.    -0.     0.    -0.     0.    -0.     0.    -0.   ]
 [-0.    -0.012 -0.233 -0.368 -0.34  -0.163  0.086  0.307  0.428  0.43   0.349  0.234  0.131  0.06   0.021  0.005 -0.003  0.001 -0.     0.    -0.     0.    -0.     0.    -0.     0.    -0.     0.    -0.   ]
 [ 0.    -0.011 -0.18  -0.334 -0.437 -0.471 -0.441 -0.364 -0.267 -0.175 -0.101 -0.052 -0.023 -0.009 -0.003 -0.001 -0.003  0.001 -0.     0.    -0.     0.    -0.     0.    -0.     0.    -0.     0.    -0.   ]
 [ 0.    -0.484  0.019  0.007  0.003  0.001  0.     0.     0.     0.     0.     0.     0.     0.     0.     0.    -0.474  0.461 -0.398  0.309 -0.217  0.138 -0.079  0.041 -0.019  0.008 -0.003  0.001 -0.   ]
 [-0.    -0.435  0.015  0.005  0.002  0.001  0.     0.     0.     0.     0.     0.     0.     0.     0.     0.    -0.283  0.067  0.177 -0.363  0.444 -0.423  0.336 -0.227  0.132 -0.065  0.027 -0.009  0.002]
 [ 0.    -0.372  0.012  0.004  0.001  0.     0.     0.     0.     0.     0.     0.     0.     0.     0.     0.    -0.12  -0.169  0.345 -0.3    0.072  0.203 -0.394  0.441 -0.368  0.242 -0.126  0.05  -0.013]
 [ 0.    -0.321  0.009  0.003  0.001  0.     0.     0.     0.     0.     0.     0.     0.     0.     0.     0.     0.002 -0.282  0.29  -0.025 -0.27   0.343 -0.143 -0.175  0.402 -0.438  0.324 -0.169  0.056]
 [ 0.    -0.281  0.008  0.002  0.     0.     0.     0.     0.     0.     0.     0.     0.     0.     0.     0.     0.093 -0.313  0.139  0.209 -0.315  0.055  0.28  -0.33   0.046  0.308 -0.459  0.36  -0.161]
 [-0.    -0.248  0.006  0.001  0.     0.     0.     0.     0.     0.     0.     0.     0.     0.     0.     0.     0.164 -0.288 -0.033  0.309 -0.126 -0.251  0.279  0.091 -0.362  0.172  0.263 -0.479  0.329]
 [ 0.    -0.221  0.005  0.001  0.     0.     0.     0.     0.     0.     0.     0.     0.     0.     0.     0.     0.218 -0.226 -0.182  0.265  0.129 -0.305 -0.056  0.339 -0.044 -0.357  0.19   0.337 -0.493]
 [-0.    -0.197  0.004  0.001  0.     0.     0.     0.     0.     0.     0.     0.     0.     0.     0.     0.     0.259 -0.137 -0.278  0.112  0.295 -0.094 -0.315  0.079  0.344 -0.064 -0.394  0.048  0.552]
 [ 0.    -0.176  0.004  0.001  0.     0.     0.     0.     0.     0.     0.     0.     0.     0.     0.     0.     0.29  -0.032 -0.306 -0.087  0.28   0.199 -0.215 -0.299  0.1    0.375  0.085 -0.397 -0.463]
 [ 0.    -0.157  0.003  0.001  0.     0.     0.     0.     0.     0.     0.     0.     0.     0.     0.     0.     0.31   0.081 -0.257 -0.259  0.085  0.328  0.148 -0.235 -0.349 -0.049  0.347  0.47   0.288]
 [ 0.    -0.139  0.003  0.     0.     0.     0.     0.     0.     0.     0.     0.     0.     0.     0.     0.     0.32   0.195 -0.131 -0.327 -0.189  0.148  0.353  0.233 -0.104 -0.39  -0.449 -0.313 -0.13 ]
 [ 0.    -0.121  0.002  0.     0.     0.     0.     0.     0.     0.     0.     0.     0.     0.     0.     0.     0.318  0.3    0.061 -0.228 -0.357 -0.236  0.049  0.321  0.445  0.403  0.267  0.129  0.041]
 [-0.    -0.101  0.002  0.     0.     0.     0.     0.     0.     0.     0.     0.     0.     0.     0.     0.     0.299  0.379  0.289  0.068 -0.189 -0.379 -0.448 -0.403 -0.294 -0.176 -0.085 -0.032 -0.008]
 [ 0.    -0.073  0.001  0.     0.     0.     0.     0.     0.     0.     0.     0.     0.     0.     0.     0.     0.241  0.381  0.461  0.47   0.418  0.327  0.226  0.138  0.074  0.034  0.013  0.004  0.001]]
[sanity] ||h_final - C^† h C|| / ||h|| = 0.000e+00
hdc_ab = 
[[ 0.     0.    -0.201 ...  0.     0.     0.   ]
 [ 0.     0.     0.    ...  0.     0.     0.   ]
 [-0.201  0.     0.746 ...  0.    -0.     0.   ]
 ...
 [ 0.     0.     0.    ...  1.304  0.     0.185]
 [ 0.     0.     0.    ...  0.     1.305  0.   ]
 [ 0.     0.     0.    ...  0.185  0.     1.305]]
C_ab = 
[[ 1.     0.    -0.    ...  0.     0.     0.   ]
 [ 0.     1.     0.    ...  0.     0.     0.   ]
 [ 0.     0.    -0.004 ...  0.    -0.     0.   ]
 ...
 [ 0.    -0.     0.    ... -0.032  0.    -0.008]
 [ 0.     0.    -0.073 ...  0.     0.001  0.   ]
 [ 0.     0.     0.    ...  0.004  0.     0.001]]
C = 
[[ 1.    -0.     0.    ...  0.     0.     0.   ]
 [ 0.    -0.004 -0.185 ...  0.     0.     0.   ]
 [ 0.    -0.005 -0.238 ...  0.     0.     0.   ]
 ...
 [ 0.     0.     0.    ...  0.267  0.129  0.041]
 [ 0.     0.     0.    ... -0.085 -0.032 -0.008]
 [ 0.     0.     0.    ...  0.013  0.004  0.001]]
******************************************
h0_0 = 
[[-0.25  -0.201 -0.219 ...  0.     0.     0.   ]
 [-0.201  0.746 -0.055 ...  0.     0.     0.   ]
 [-0.219 -0.055 -1.255 ...  0.     0.     0.   ]
 ...
 [ 0.     0.     0.    ...  1.302  0.257 -0.   ]
 [ 0.     0.     0.    ...  0.257  1.304  0.185]
 [ 0.     0.     0.    ... -0.     0.185  1.305]]
h0_legacy = 
[[-0.25   0.041  0.053 ...  0.     0.     0.   ]
 [ 0.041 -2.179  0.    ...  0.     0.     0.   ]
 [ 0.053  0.    -2.036 ...  0.     0.     0.   ]
 ...
 [ 0.     0.     0.    ...  1.893  0.     0.   ]
 [ 0.     0.     0.    ...  0.     2.036  0.   ]
 [ 0.     0.     0.    ...  0.     0.     2.179]]
Partitioning system: 1 impurity orbitals, 28 bath orbitals.
Generating basis for 1 electrons on impurity and 28 on bath.
Found 2 impurity configurations and 1 bath configurations.
Generated a total of 2 unique starting determinants.
sb = [<SlaterDeterminant α=[2, 3, 4, 5, 6, 7, 8, 9, 10, 11, 12, 13, 14, 15] β=[0, 2, 3, 4, 5, 6, 7, 8, 9, 10, 11, 12, 13, 14, 15]>, <SlaterDeterminant α=[0, 2, 3, 4, 5, 6, 7, 8, 9, 10, 11, 12, 13, 14, 15] β=[2, 3, 4, 5, 6, 7, 8, 9, 10, 11, 12, 13, 14, 15]>]
DEBUG: build ham time = 0.10650420188903809
[init] dim=2  E0=-35.246533231601
blocks = [-0.5, 0.5], time block = 2.574920654296875e-05
apply_ham time = 5.507469177246094e-05
gen basis time = 9.179115295410156e-05
sel basis time = 7.82012939453125e-05
Found 2 S_z blocks: [-0.5, 0.5]
  Processing Sz=-0.5 block of size 6x6
DEBUG: build ham time = 0.10727906227111816
  Processing Sz=0.5 block of size 6x6
DEBUG: build ham time = 0.10788297653198242
DEBUG: finished rearranging vectors
DEBUG: for basis size 12, ham diag time = 0.21561479568481445
[iter 0] dim=    12  Es=[-35.318897223036 -35.318897223036]  |dE0|=7.236e-02
blocks = [-0.5, 0.5], time block = 2.09808349609375e-05
apply_ham time = 0.0001399517059326172
gen basis time = 0.00019788742065429688
sel basis time = 0.000141143798828125
Found 2 S_z blocks: [-0.5, 0.5]
  Processing Sz=-0.5 block of size 19x19
DEBUG: build ham time = 0.10727810859680176
  Processing Sz=0.5 block of size 19x19
DEBUG: build ham time = 0.10679006576538086
DEBUG: finished rearranging vectors
DEBUG: for basis size 38, ham diag time = 0.2145538330078125
[iter 1] dim=    38  Es=[-35.325604548378 -35.325604548378]  |dE0|=6.707e-03
blocks = [-0.5, 0.5], time block = 4.7206878662109375e-05
apply_ham time = 0.0003838539123535156
gen basis time = 0.0005171298980712891
sel basis time = 0.0002658367156982422
Found 2 S_z blocks: [-0.5, 0.5]
  Processing Sz=-0.5 block of size 47x47
DEBUG: build ham time = 0.10900688171386719
  Processing Sz=0.5 block of size 47x47
DEBUG: build ham time = 0.11038899421691895
DEBUG: finished rearranging vectors
DEBUG: for basis size 94, ham diag time = 0.22067809104919434
[iter 2] dim=    94  Es=[-35.326734329448 -35.326734329448]  |dE0|=1.130e-03
blocks = [-0.5, 0.5], time block = 0.00010013580322265625
apply_ham time = 0.0009479522705078125
gen basis time = 0.0012242794036865234
sel basis time = 0.0005087852478027344
Found 2 S_z blocks: [-0.5, 0.5]
  Processing Sz=-0.5 block of size 104x104
DEBUG: build ham time = 0.10941386222839355
  Processing Sz=0.5 block of size 104x104
DEBUG: build ham time = 0.10647892951965332
DEBUG: finished rearranging vectors
DEBUG: for basis size 208, ham diag time = 0.2924318313598633
[iter 3] dim=   208  Es=[-35.326931702441 -35.326931702441]  |dE0|=1.974e-04
blocks = [-0.5, 0.5], time block = 0.0002319812774658203
apply_ham time = 0.002233743667602539
gen basis time = 0.002838134765625
sel basis time = 0.000993967056274414
Found 2 S_z blocks: [-0.5, 0.5]
  Processing Sz=-0.5 block of size 202x202
DEBUG: build ham time = 0.10747385025024414
  Processing Sz=0.5 block of size 202x202
DEBUG: build ham time = 0.10780501365661621
DEBUG: finished rearranging vectors
DEBUG: for basis size 404, ham diag time = 0.36404895782470703
[iter 4] dim=   404  Es=[-35.326965503410 -35.326965503410]  |dE0|=3.380e-05
blocks = [-0.5, 0.5], time block = 0.0004317760467529297
apply_ham time = 0.004435300827026367
gen basis time = 0.005575895309448242
sel basis time = 0.0018780231475830078
Found 2 S_z blocks: [-0.5, 0.5]
  Processing Sz=-0.5 block of size 348x348
DEBUG: build ham time = 0.10889291763305664
  Processing Sz=0.5 block of size 348x348
DEBUG: build ham time = 0.1088571548461914
DEBUG: finished rearranging vectors
DEBUG: for basis size 696, ham diag time = 0.3965718746185303
[iter 5] dim=   696  Es=[-35.326971042583 -35.326971042583]  |dE0|=5.539e-06
[conv] reached |dE| < 1e-05
Found 2 S_z blocks: [-0.5, 0.5]
  Processing Sz=-0.5 block of size 348x348
DEBUG: build ham time = 0.1078939437866211
  Processing Sz=0.5 block of size 348x348
DEBUG: build ham time = 0.10931801795959473
DEBUG: finished rearranging vectors
sci total time : 3.8523857593536377
energies = [-35.327 -35.327], e0 = -35.32697104258268
len basis = 696
len(basis(psis0)) = 696
target_indices = [0, 29]
 Founds blocks : [[0], [1]]
  Symmetry: is_diagonal=True. Found 1 unique group(s) of blocks.
  Computing representative g_(0,0) via Scalar CF...
DEBUG: build ham time = 0.11200475692749023
DEBUG: build ham time = 0.10703301429748535
target_indices = [0, 29]
 Founds blocks : [[0], [1]]
  Symmetry: is_diagonal=True. Found 1 unique group(s) of blocks.
  Computing representative g_(0,0) via Scalar CF...
DEBUG: build ham time = 0.11012983322143555
DEBUG: build ham time = 0.10811018943786621
rdm : 
[[0.5+0.j 0. +0.j]
 [0. +0.j 0.5+0.j]]
impurity occupation: (0.9999931432846083+0j)
total occupation : (0.9999931432846083+0j)

Thermally-averaged calculation finished.
Data saved to 'dump/A_28'
