-2.00000 0.00168 0.00168
-1.99600 0.00168 0.00168
-1.99200 0.00169 0.00169
-1.98800 0.00170 0.00170
-1.98400 0.00170 0.00170
-1.98000 0.00171 0.00171
-1.97600 0.00172 0.00172
-1.97200 0.00173 0.00173
-1.96800 0.00173 0.00173
-1.96400 0.00174 0.00174
-1.96000 0.00175 0.00175
-1.95600 0.00176 0.00176
-1.95200 0.00176 0.00176
-1.94800 0.00177 0.00177
-1.94400 0.00178 0.00178
-1.94000 0.00179 0.00179
-1.93600 0.00180 0.00180
-1.93200 0.00180 0.00180
-1.92800 0.00181 0.00181
-1.92400 0.00182 0.00182
-1.92000 0.00183 0.00183
-1.91600 0.00183 0.00183
-1.91200 0.00184 0.00184
-1.90800 0.00185 0.00185
-1.90400 0.00186 0.00186
-1.90000 0.00187 0.00187
-1.89600 0.00188 0.00188
-1.89200 0.00188 0.00188
-1.88800 0.00189 0.00189
-1.88400 0.00190 0.00190
-1.88000 0.00191 0.00191
-1.87600 0.00192 0.00192
-1.87200 0.00193 0.00193
-1.86800 0.00194 0.00194
-1.86400 0.00195 0.00195
-1.86000 0.00195 0.00195
-1.85600 0.00196 0.00196
-1.85200 0.00197 0.00197
-1.84800 0.00198 0.00198
-1.84400 0.00199 0.00199
-1.84000 0.00200 0.00200
-1.83600 0.00201 0.00201
-1.83200 0.00202 0.00202
-1.82800 0.00203 0.00203
-1.82400 0.00204 0.00204
-1.82000 0.00205 0.00205
-1.81600 0.00206 0.00206
-1.81200 0.00207 0.00207
-1.80800 0.00208 0.00208
-1.80400 0.00209 0.00209
-1.80000 0.00210 0.00210
-1.79600 0.00211 0.00211
-1.79200 0.00212 0.00212
-1.78800 0.00213 0.00213
-1.78400 0.00214 0.00214
-1.78000 0.00215 0.00215
-1.77600 0.00216 0.00216
-1.77200 0.00217 0.00217
-1.76800 0.00218 0.00218
-1.76400 0.00219 0.00219
-1.76000 0.00220 0.00220
-1.75600 0.00221 0.00221
-1.75200 0.00222 0.00222
-1.74800 0.00223 0.00223
-1.74400 0.00224 0.00224
-1.74000 0.00225 0.00225
-1.73600 0.00226 0.00226
-1.73200 0.00227 0.00227
-1.72800 0.00229 0.00229
-1.72400 0.00230 0.00230
-1.72000 0.00231 0.00231
-1.71600 0.00232 0.00232
-1.71200 0.00233 0.00233
-1.70800 0.00234 0.00234
-1.70400 0.00236 0.00236
-1.70000 0.00237 0.00237
-1.69600 0.00238 0.00238
-1.69200 0.00239 0.00239
-1.68800 0.00240 0.00240
-1.68400 0.00242 0.00242
-1.68000 0.00243 0.00243
-1.67600 0.00244 0.00244
-1.67200 0.00245 0.00245
-1.66800 0.00247 0.00247
-1.66400 0.00248 0.00248
-1.66000 0.00249 0.00249
-1.65600 0.00251 0.00251
-1.65200 0.00252 0.00252
-1.64800 0.00253 0.00253
-1.64400 0.00255 0.00255
-1.64000 0.00256 0.00256
-1.63600 0.00257 0.00257
-1.63200 0.00259 0.00259
-1.62800 0.00260 0.00260
-1.62400 0.00261 0.00261
-1.62000 0.00263 0.00263
-1.61600 0.00264 0.00264
-1.61200 0.00266 0.00266
-1.60800 0.00267 0.00267
-1.60400 0.00268 0.00268
-1.60000 0.00270 0.00270
-1.59600 0.00271 0.00271
-1.59200 0.00273 0.00273
-1.58800 0.00274 0.00274
-1.58400 0.00276 0.00276
-1.58000 0.00277 0.00277
-1.57600 0.00279 0.00279
-1.57200 0.00281 0.00281
-1.56800 0.00282 0.00282
-1.56400 0.00284 0.00284
-1.56000 0.00285 0.00285
-1.55600 0.00287 0.00287
-1.55200 0.00288 0.00288
-1.54800 0.00290 0.00290
-1.54400 0.00292 0.00292
-1.54000 0.00293 0.00293
-1.53600 0.00295 0.00295
-1.53200 0.00297 0.00297
-1.52800 0.00299 0.00299
-1.52400 0.00300 0.00300
-1.52000 0.00302 0.00302
-1.51600 0.00304 0.00304
-1.51200 0.00306 0.00306
-1.50800 0.00307 0.00307
-1.50400 0.00309 0.00309
-1.50000 0.00311 0.00311
-1.49600 0.00313 0.00313
-1.49200 0.00315 0.00315
-1.48800 0.00316 0.00316
-1.48400 0.00318 0.00318
-1.48000 0.00320 0.00320
-1.47600 0.00322 0.00322
-1.47200 0.00324 0.00324
-1.46800 0.00326 0.00326
-1.46400 0.00328 0.00328
-1.46000 0.00330 0.00330
-1.45600 0.00332 0.00332
-1.45200 0.00334 0.00334
-1.44800 0.00336 0.00336
-1.44400 0.00338 0.00338
-1.44000 0.00340 0.00340
-1.43600 0.00342 0.00342
-1.43200 0.00345 0.00345
-1.42800 0.00347 0.00347
-1.42400 0.00349 0.00349
-1.42000 0.00351 0.00351
-1.41600 0.00353 0.00353
-1.41200 0.00355 0.00355
-1.40800 0.00358 0.00358
-1.40400 0.00360 0.00360
-1.40000 0.00362 0.00362
-1.39600 0.00365 0.00365
-1.39200 0.00367 0.00367
-1.38800 0.00369 0.00369
-1.38400 0.00372 0.00372
-1.38000 0.00374 0.00374
-1.37600 0.00377 0.00377
-1.37200 0.00379 0.00379
-1.36800 0.00382 0.00382
-1.36400 0.00384 0.00384
-1.36000 0.00387 0.00387
-1.35600 0.00389 0.00389
-1.35200 0.00392 0.00392
-1.34800 0.00395 0.00395
-1.34400 0.00397 0.00397
-1.34000 0.00400 0.00400
-1.33600 0.00403 0.00403
-1.33200 0.00406 0.00406
-1.32800 0.00409 0.00409
-1.32400 0.00412 0.00412
-1.32000 0.00414 0.00414
-1.31600 0.00417 0.00417
-1.31200 0.00420 0.00420
-1.30800 0.00423 0.00423
-1.30400 0.00426 0.00426
-1.30000 0.00430 0.00430
-1.29600 0.00433 0.00433
-1.29200 0.00436 0.00436
-1.28800 0.00439 0.00439
-1.28400 0.00442 0.00442
-1.28000 0.00445 0.00445
-1.27600 0.00448 0.00448
-1.27200 0.00451 0.00451
-1.26800 0.00454 0.00454
-1.26400 0.00457 0.00457
-1.26000 0.00461 0.00461
-1.25600 0.00464 0.00464
-1.25200 0.00467 0.00467
-1.24800 0.00471 0.00471
-1.24400 0.00474 0.00474
-1.24000 0.00478 0.00478
-1.23600 0.00481 0.00481
-1.23200 0.00485 0.00485
-1.22800 0.00489 0.00489
-1.22400 0.00492 0.00492
-1.22000 0.00496 0.00496
-1.21600 0.00500 0.00500
-1.21200 0.00504 0.00504
-1.20800 0.00508 0.00508
-1.20400 0.00512 0.00512
-1.20000 0.00516 0.00516
-1.19600 0.00520 0.00520
-1.19200 0.00524 0.00524
-1.18800 0.00528 0.00528
-1.18400 0.00532 0.00532
-1.18000 0.00537 0.00537
-1.17600 0.00541 0.00541
-1.17200 0.00545 0.00545
-1.16800 0.00550 0.00550
-1.16400 0.00554 0.00554
-1.16000 0.00559 0.00559
-1.15600 0.00564 0.00564
-1.15200 0.00569 0.00569
-1.14800 0.00573 0.00573
-1.14400 0.00579 0.00579
-1.14000 0.00584 0.00584
-1.13600 0.00589 0.00589
-1.13200 0.00594 0.00594
-1.12800 0.00599 0.00599
-1.12400 0.00605 0.00605
-1.12000 0.00610 0.00610
-1.11600 0.00616 0.00616
-1.11200 0.00622 0.00622
-1.10800 0.00628 0.00628
-1.10400 0.00634 0.00634
-1.10000 0.00639 0.00639
-1.09600 0.00645 0.00645
-1.09200 0.00651 0.00651
-1.08800 0.00657 0.00657
-1.08400 0.00663 0.00663
-1.08000 0.00669 0.00669
-1.07600 0.00675 0.00675
-1.07200 0.00681 0.00681
-1.06800 0.00688 0.00688
-1.06400 0.00695 0.00695
-1.06000 0.00703 0.00703
-1.05600 0.00710 0.00710
-1.05200 0.00718 0.00718
-1.04800 0.00725 0.00725
-1.04400 0.00733 0.00733
-1.04000 0.00740 0.00740
-1.03600 0.00748 0.00748
-1.03200 0.00757 0.00757
-1.02800 0.00765 0.00765
-1.02400 0.00775 0.00775
-1.02000 0.00784 0.00784
-1.01600 0.00795 0.00795
-1.01200 0.00805 0.00805
-1.00800 0.00817 0.00817
-1.00400 0.00829 0.00829
-1.00000 0.00841 0.00841
-0.99600 0.00855 0.00855
-0.99200 0.00870 0.00870
-0.98800 0.00887 0.00887
-0.98400 0.00906 0.00906
-0.98000 0.00929 0.00929
-0.97600 0.00955 0.00955
-0.97200 0.00985 0.00985
-0.96800 0.01021 0.01021
-0.96400 0.01061 0.01061
-0.96000 0.01104 0.01104
-0.95600 0.01145 0.01145
-0.95200 0.01176 0.01176
-0.94800 0.01194 0.01194
-0.94400 0.01195 0.01195
-0.94000 0.01185 0.01185
-0.93600 0.01167 0.01167
-0.93200 0.01149 0.01149
-0.92800 0.01133 0.01133
-0.92400 0.01122 0.01122
-0.92000 0.01117 0.01117
-0.91600 0.01116 0.01116
-0.91200 0.01120 0.01120
-0.90800 0.01127 0.01127
-0.90400 0.01137 0.01137
-0.90000 0.01151 0.01151
-0.89600 0.01168 0.01168
-0.89200 0.01188 0.01188
-0.88800 0.01211 0.01211
-0.88400 0.01238 0.01238
-0.88000 0.01269 0.01269
-0.87600 0.01305 0.01305
-0.87200 0.01346 0.01346
-0.86800 0.01394 0.01394
-0.86400 0.01451 0.01451
-0.86000 0.01518 0.01518
-0.85600 0.01599 0.01599
-0.85200 0.01693 0.01693
-0.84800 0.01795 0.01795
-0.84400 0.01891 0.01891
-0.84000 0.01962 0.01962
-0.83600 0.01995 0.01995
-0.83200 0.01990 0.01990
-0.82800 0.01956 0.01956
-0.82400 0.01905 0.01905
-0.82000 0.01846 0.01846
-0.81600 0.01790 0.01790
-0.81200 0.01744 0.01744
-0.80800 0.01710 0.01710
-0.80400 0.01689 0.01689
-0.80000 0.01678 0.01678
-0.79600 0.01677 0.01677
-0.79200 0.01684 0.01684
-0.78800 0.01697 0.01697
-0.78400 0.01716 0.01716
-0.78000 0.01742 0.01742
-0.77600 0.01773 0.01773
-0.77200 0.01809 0.01809
-0.76800 0.01851 0.01851
-0.76400 0.01899 0.01899
-0.76000 0.01954 0.01954
-0.75600 0.02018 0.02018
-0.75200 0.02094 0.02094
-0.74800 0.02183 0.02183
-0.74400 0.02286 0.02286
-0.74000 0.02396 0.02396
-0.73600 0.02505 0.02505
-0.73200 0.02598 0.02598
-0.72800 0.02674 0.02674
-0.72400 0.02740 0.02740
-0.72000 0.02816 0.02816
-0.71600 0.02917 0.02917
-0.71200 0.03053 0.03053
-0.70800 0.03221 0.03221
-0.70400 0.03408 0.03408
-0.70000 0.03585 0.03585
-0.69600 0.03720 0.03720
-0.69200 0.03786 0.03786
-0.68800 0.03766 0.03766
-0.68400 0.03670 0.03670
-0.68000 0.03532 0.03532
-0.67600 0.03389 0.03389
-0.67200 0.03267 0.03267
-0.66800 0.03177 0.03177
-0.66400 0.03118 0.03118
-0.66000 0.03089 0.03089
-0.65600 0.03083 0.03083
-0.65200 0.03100 0.03100
-0.64800 0.03135 0.03135
-0.64400 0.03189 0.03189
-0.64000 0.03260 0.03260
-0.63600 0.03352 0.03352
-0.63200 0.03464 0.03464
-0.62800 0.03602 0.03602
-0.62400 0.03766 0.03766
-0.62000 0.03958 0.03958
-0.61600 0.04171 0.04171
-0.61200 0.04388 0.04388
-0.60800 0.04582 0.04582
-0.60400 0.04729 0.04729
-0.60000 0.04820 0.04820
-0.59600 0.04862 0.04862
-0.59200 0.04872 0.04872
-0.58800 0.04874 0.04874
-0.58400 0.04893 0.04893
-0.58000 0.04947 0.04947
-0.57600 0.05044 0.05044
-0.57200 0.05190 0.05190
-0.56800 0.05388 0.05388
-0.56400 0.05642 0.05642
-0.56000 0.05957 0.05957
-0.55600 0.06343 0.06343
-0.55200 0.06812 0.06812
-0.54800 0.07376 0.07376
-0.54400 0.08031 0.08031
-0.54000 0.08729 0.08729
-0.53600 0.09365 0.09365
-0.53200 0.09790 0.09790
-0.52800 0.09907 0.09907
-0.52400 0.09752 0.09752
-0.52000 0.09465 0.09465
-0.51600 0.09189 0.09189
-0.51200 0.09004 0.09004
-0.50800 0.08938 0.08938
-0.50400 0.08984 0.08984
-0.50000 0.09127 0.09127
-0.49600 0.09363 0.09363
-0.49200 0.09701 0.09701
-0.48800 0.10154 0.10154
-0.48400 0.10726 0.10726
-0.48000 0.11389 0.11389
-0.47600 0.12067 0.12067
-0.47200 0.12641 0.12641
-0.46800 0.13004 0.13004
-0.46400 0.13132 0.13132
-0.46000 0.13094 0.13094
-0.45600 0.13007 0.13007
-0.45200 0.12968 0.12968
-0.44800 0.13038 0.13038
-0.44400 0.13239 0.13239
-0.44000 0.13572 0.13572
-0.43600 0.14031 0.14031
-0.43200 0.14616 0.14616
-0.42800 0.15331 0.15331
-0.42400 0.16192 0.16192
-0.42000 0.17220 0.17220
-0.41600 0.18443 0.18443
-0.41200 0.19898 0.19898
-0.40800 0.21630 0.21630
-0.40400 0.23693 0.23693
-0.40000 0.26153 0.26153
-0.39600 0.29085 0.29085
-0.39200 0.32584 0.32584
-0.38800 0.36754 0.36754
-0.38400 0.41644 0.41644
-0.38000 0.47105 0.47105
-0.37600 0.52617 0.52617
-0.37200 0.57291 0.57291
-0.36800 0.60321 0.60321
-0.36400 0.61683 0.61683
-0.36000 0.62229 0.62229
-0.35600 0.63020 0.63020
-0.35200 0.64686 0.64686
-0.34800 0.67202 0.67202
-0.34400 0.69995 0.69995
-0.34000 0.72328 0.72328
-0.33600 0.73889 0.73889
-0.33200 0.75080 0.75080
-0.32800 0.76707 0.76707
-0.32400 0.79534 0.79534
-0.32000 0.84110 0.84110
-0.31600 0.90837 0.90837
-0.31200 1.00104 1.00104
-0.30800 1.12402 1.12402
-0.30400 1.28408 1.28408
-0.30000 1.49046 1.49046
-0.29600 1.75530 1.75530
-0.29200 2.09326 2.09326
-0.28800 2.51922 2.51922
-0.28400 3.04107 3.04107
-0.28000 3.64371 3.64371
-0.27600 4.26328 4.26328
-0.27200 4.76938 4.76938
-0.26800 5.00097 5.00097
-0.26400 4.87271 4.87271
-0.26000 4.45025 4.45025
-0.25600 3.89280 3.89280
-0.25200 3.34198 3.34198
-0.24800 2.87337 2.87337
-0.24400 2.50928 2.50928
-0.24000 2.24560 2.24560
-0.23600 2.07062 2.07062
-0.23200 1.97361 1.97361
-0.22800 1.94560 1.94560
-0.22400 1.97678 1.97678
-0.22000 2.05222 2.05222
-0.21600 2.14516 2.14516
-0.21200 2.21152 2.21152
-0.20800 2.19930 2.19930
-0.20400 2.07996 2.07996
-0.20000 1.87255 1.87255
-0.19600 1.62679 1.62679
-0.19200 1.38744 1.38744
-0.18800 1.17809 1.17809
-0.18400 1.00489 1.00489
-0.18000 0.86526 0.86526
-0.17600 0.75377 0.75377
-0.17200 0.66489 0.66489
-0.16800 0.59394 0.59394
-0.16400 0.53726 0.53726
-0.16000 0.49210 0.49210
-0.15600 0.45649 0.45649
-0.15200 0.42903 0.42903
-0.14800 0.40885 0.40885
-0.14400 0.39549 0.39549
-0.14000 0.38889 0.38889
-0.13600 0.38936 0.38936
-0.13200 0.39749 0.39749
-0.12800 0.41400 0.41400
-0.12400 0.43914 0.43914
-0.12000 0.47167 0.47167
-0.11600 0.50714 0.50714
-0.11200 0.53691 0.53691
-0.10800 0.55024 0.55024
-0.10400 0.54017 0.54017
-0.10000 0.50821 0.50821
-0.09600 0.46318 0.46318
-0.09200 0.41537 0.41537
-0.08800 0.37182 0.37182
-0.08400 0.33553 0.33553
-0.08000 0.30688 0.30688
-0.07600 0.28509 0.28509
-0.07200 0.26916 0.26916
-0.06800 0.25820 0.25820
-0.06400 0.25152 0.25152
-0.06000 0.24873 0.24873
-0.05600 0.24963 0.24963
-0.05200 0.25428 0.25428
-0.04800 0.26296 0.26296
-0.04400 0.27620 0.27620
-0.04000 0.29484 0.29484
-0.03600 0.32009 0.32009
-0.03200 0.35354 0.35354
-0.02800 0.39723 0.39723
-0.02400 0.45337 0.45337
-0.02000 0.52372 0.52372
-0.01600 0.60788 0.60788
-0.01200 0.70049 0.70049
-0.00800 0.78861 0.78861
-0.00400 0.85321 0.85321
0.00000 0.87703 0.87703
0.00400 0.85321 0.85321
0.00800 0.78861 0.78861
0.01200 0.70049 0.70049
0.01600 0.60788 0.60788
0.02000 0.52372 0.52372
0.02400 0.45337 0.45337
0.02800 0.39723 0.39723
0.03200 0.35354 0.35354
0.03600 0.32009 0.32009
0.04000 0.29484 0.29484
0.04400 0.27620 0.27620
0.04800 0.26295 0.26295
0.05200 0.25428 0.25428
0.05600 0.24963 0.24963
0.06000 0.24872 0.24872
0.06400 0.25152 0.25152
0.06800 0.25819 0.25819
0.07200 0.26916 0.26916
0.07600 0.28508 0.28508
0.08000 0.30686 0.30686
0.08400 0.33552 0.33552
0.08800 0.37180 0.37180
0.09200 0.41535 0.41535
0.09600 0.46317 0.46317
0.10000 0.50821 0.50821
0.10400 0.54018 0.54018
0.10800 0.55027 0.55027
0.11200 0.53695 0.53695
0.11600 0.50719 0.50719
0.12000 0.47171 0.47171
0.12400 0.43917 0.43917
0.12800 0.41402 0.41402
0.13200 0.39751 0.39751
0.13600 0.38936 0.38936
0.14000 0.38889 0.38889
0.14400 0.39548 0.39548
0.14800 0.40884 0.40884
0.15200 0.42902 0.42902
0.15600 0.45647 0.45647
0.16000 0.49208 0.49208
0.16400 0.53722 0.53722
0.16800 0.59389 0.59389
0.17200 0.66483 0.66483
0.17600 0.75370 0.75370
0.18000 0.86516 0.86516
0.18400 1.00477 1.00477
0.18800 1.17794 1.17794
0.19200 1.38726 1.38726
0.19600 1.62658 1.62658
0.20000 1.87236 1.87236
0.20400 2.07982 2.07982
0.20800 2.19925 2.19925
0.21200 2.21158 2.21158
0.21600 2.14530 2.14530
0.22000 2.05240 2.05240
0.22400 1.97699 1.97699
0.22800 1.94582 1.94582
0.23200 1.97381 1.97381
0.23600 2.07079 2.07079
0.24000 2.24572 2.24572
0.24400 2.50936 2.50936
0.24800 2.87339 2.87339
0.25200 3.34193 3.34193
0.25600 3.89269 3.89269
0.26000 4.45008 4.45008
0.26400 4.87251 4.87251
0.26800 5.00078 5.00078
0.27200 4.76922 4.76922
0.27600 4.26316 4.26316
0.28000 3.64362 3.64362
0.28400 3.04100 3.04100
0.28800 2.51916 2.51916
0.29200 2.09322 2.09322
0.29600 1.75526 1.75526
0.30000 1.49043 1.49043
0.30400 1.28405 1.28405
0.30800 1.12399 1.12399
0.31200 1.00101 1.00101
0.31600 0.90834 0.90834
0.32000 0.84107 0.84107
0.32400 0.79531 0.79531
0.32800 0.76704 0.76704
0.33200 0.75077 0.75077
0.33600 0.73885 0.73885
0.34000 0.72323 0.72323
0.34400 0.69989 0.69989
0.34800 0.67195 0.67195
0.35200 0.64679 0.64679
0.35600 0.63013 0.63013
0.36000 0.62222 0.62222
0.36400 0.61679 0.61679
0.36800 0.60321 0.60321
0.37200 0.57295 0.57295
0.37600 0.52624 0.52624
0.38000 0.47112 0.47112
0.38400 0.41651 0.41651
0.38800 0.36761 0.36761
0.39200 0.32590 0.32590
0.39600 0.29089 0.29089
0.40000 0.26156 0.26156
0.40400 0.23696 0.23696
0.40800 0.21632 0.21632
0.41200 0.19899 0.19899
0.41600 0.18444 0.18444
0.42000 0.17220 0.17220
0.42400 0.16192 0.16192
0.42800 0.15331 0.15331
0.43200 0.14616 0.14616
0.43600 0.14032 0.14032
0.44000 0.13572 0.13572
0.44400 0.13239 0.13239
0.44800 0.13038 0.13038
0.45200 0.12967 0.12967
0.45600 0.13006 0.13006
0.46000 0.13096 0.13096
0.46400 0.13134 0.13134
0.46800 0.13004 0.13004
0.47200 0.12639 0.12639
0.47600 0.12067 0.12067
0.48000 0.11392 0.11392
0.48400 0.10729 0.10729
0.48800 0.10155 0.10155
0.49200 0.09700 0.09700
0.49600 0.09361 0.09361
0.50000 0.09125 0.09125
0.50400 0.08982 0.08982
0.50800 0.08936 0.08936
0.51200 0.09002 0.09002
0.51600 0.09185 0.09185
0.52000 0.09460 0.09460
0.52400 0.09746 0.09746
0.52800 0.09902 0.09902
0.53200 0.09788 0.09788
0.53600 0.09365 0.09365
0.54000 0.08731 0.08731
0.54400 0.08033 0.08033
0.54800 0.07378 0.07378
0.55200 0.06813 0.06813
0.55600 0.06343 0.06343
0.56000 0.05958 0.05958
0.56400 0.05643 0.05643
0.56800 0.05389 0.05389
0.57200 0.05191 0.05191
0.57600 0.05044 0.05044
0.58000 0.04947 0.04947
0.58400 0.04893 0.04893
0.58800 0.04874 0.04874
0.59200 0.04872 0.04872
0.59600 0.04862 0.04862
0.60000 0.04820 0.04820
0.60400 0.04729 0.04729
0.60800 0.04582 0.04582
0.61200 0.04388 0.04388
0.61600 0.04171 0.04171
0.62000 0.03958 0.03958
0.62400 0.03766 0.03766
0.62800 0.03602 0.03602
0.63200 0.03464 0.03464
0.63600 0.03352 0.03352
0.64000 0.03260 0.03260
0.64400 0.03189 0.03189
0.64800 0.03135 0.03135
0.65200 0.03100 0.03100
0.65600 0.03083 0.03083
0.66000 0.03089 0.03089
0.66400 0.03118 0.03118
0.66800 0.03177 0.03177
0.67200 0.03267 0.03267
0.67600 0.03389 0.03389
0.68000 0.03532 0.03532
0.68400 0.03671 0.03671
0.68800 0.03766 0.03766
0.69200 0.03785 0.03785
0.69600 0.03719 0.03719
0.70000 0.03584 0.03584
0.70400 0.03408 0.03408
0.70800 0.03222 0.03222
0.71200 0.03054 0.03054
0.71600 0.02917 0.02917
0.72000 0.02815 0.02815
0.72400 0.02739 0.02739
0.72800 0.02673 0.02673
0.73200 0.02598 0.02598
0.73600 0.02505 0.02505
0.74000 0.02397 0.02397
0.74400 0.02286 0.02286
0.74800 0.02184 0.02184
0.75200 0.02094 0.02094
0.75600 0.02018 0.02018
0.76000 0.01953 0.01953
0.76400 0.01899 0.01899
0.76800 0.01851 0.01851
0.77200 0.01809 0.01809
0.77600 0.01773 0.01773
0.78000 0.01742 0.01742
0.78400 0.01717 0.01717
0.78800 0.01697 0.01697
0.79200 0.01684 0.01684
0.79600 0.01677 0.01677
0.80000 0.01678 0.01678
0.80400 0.01689 0.01689
0.80800 0.01710 0.01710
0.81200 0.01744 0.01744
0.81600 0.01790 0.01790
0.82000 0.01846 0.01846
0.82400 0.01905 0.01905
0.82800 0.01957 0.01957
0.83200 0.01990 0.01990
0.83600 0.01995 0.01995
0.84000 0.01961 0.01961
0.84400 0.01891 0.01891
0.84800 0.01795 0.01795
0.85200 0.01694 0.01694
0.85600 0.01600 0.01600
0.86000 0.01518 0.01518
0.86400 0.01450 0.01450
0.86800 0.01394 0.01394
0.87200 0.01346 0.01346
0.87600 0.01305 0.01305
0.88000 0.01269 0.01269
0.88400 0.01238 0.01238
0.88800 0.01211 0.01211
0.89200 0.01188 0.01188
0.89600 0.01168 0.01168
0.90000 0.01151 0.01151
0.90400 0.01137 0.01137
0.90800 0.01127 0.01127
0.91200 0.01120 0.01120
0.91600 0.01116 0.01116
0.92000 0.01116 0.01116
0.92400 0.01122 0.01122
0.92800 0.01133 0.01133
0.93200 0.01149 0.01149
0.93600 0.01168 0.01168
0.94000 0.01185 0.01185
0.94400 0.01196 0.01196
0.94800 0.01193 0.01193
0.95200 0.01176 0.01176
0.95600 0.01145 0.01145
0.96000 0.01104 0.01104
0.96400 0.01061 0.01061
0.96800 0.01021 0.01021
0.97200 0.00985 0.00985
0.97600 0.00955 0.00955
0.98000 0.00929 0.00929
0.98400 0.00906 0.00906
0.98800 0.00887 0.00887
0.99200 0.00870 0.00870
0.99600 0.00855 0.00855
1.00000 0.00841 0.00841
1.00400 0.00829 0.00829
1.00800 0.00817 0.00817
1.01200 0.00806 0.00806
1.01600 0.00795 0.00795
1.02000 0.00784 0.00784
1.02400 0.00775 0.00775
1.02800 0.00765 0.00765
1.03200 0.00757 0.00757
1.03600 0.00748 0.00748
1.04000 0.00740 0.00740
1.04400 0.00733 0.00733
1.04800 0.00725 0.00725
1.05200 0.00718 0.00718
1.05600 0.00710 0.00710
1.06000 0.00703 0.00703
1.06400 0.00695 0.00695
1.06800 0.00688 0.00688
1.07200 0.00681 0.00681
1.07600 0.00675 0.00675
1.08000 0.00669 0.00669
1.08400 0.00663 0.00663
1.08800 0.00657 0.00657
1.09200 0.00651 0.00651
1.09600 0.00645 0.00645
1.10000 0.00639 0.00639
1.10400 0.00634 0.00634
1.10800 0.00628 0.00628
1.11200 0.00622 0.00622
1.11600 0.00616 0.00616
1.12000 0.00610 0.00610
1.12400 0.00605 0.00605
1.12800 0.00599 0.00599
1.13200 0.00594 0.00594
1.13600 0.00589 0.00589
1.14000 0.00584 0.00584
1.14400 0.00579 0.00579
1.14800 0.00573 0.00573
1.15200 0.00569 0.00569
1.15600 0.00564 0.00564
1.16000 0.00559 0.00559
1.16400 0.00554 0.00554
1.16800 0.00550 0.00550
1.17200 0.00545 0.00545
1.17600 0.00541 0.00541
1.18000 0.00537 0.00537
1.18400 0.00532 0.00532
1.18800 0.00528 0.00528
1.19200 0.00524 0.00524
1.19600 0.00520 0.00520
1.20000 0.00516 0.00516
1.20400 0.00512 0.00512
1.20800 0.00508 0.00508
1.21200 0.00504 0.00504
1.21600 0.00500 0.00500
1.22000 0.00496 0.00496
1.22400 0.00492 0.00492
1.22800 0.00489 0.00489
1.23200 0.00485 0.00485
1.23600 0.00481 0.00481
1.24000 0.00478 0.00478
1.24400 0.00474 0.00474
1.24800 0.00471 0.00471
1.25200 0.00467 0.00467
1.25600 0.00464 0.00464
1.26000 0.00461 0.00461
1.26400 0.00457 0.00457
1.26800 0.00454 0.00454
1.27200 0.00451 0.00451
1.27600 0.00448 0.00448
1.28000 0.00445 0.00445
1.28400 0.00442 0.00442
1.28800 0.00439 0.00439
1.29200 0.00436 0.00436
1.29600 0.00433 0.00433
1.30000 0.00430 0.00430
1.30400 0.00426 0.00426
1.30800 0.00423 0.00423
1.31200 0.00420 0.00420
1.31600 0.00417 0.00417
1.32000 0.00414 0.00414
1.32400 0.00411 0.00411
1.32800 0.00409 0.00409
1.33200 0.00406 0.00406
1.33600 0.00403 0.00403
1.34000 0.00400 0.00400
1.34400 0.00397 0.00397
1.34800 0.00395 0.00395
1.35200 0.00392 0.00392
1.35600 0.00389 0.00389
1.36000 0.00387 0.00387
1.36400 0.00384 0.00384
1.36800 0.00382 0.00382
1.37200 0.00379 0.00379
1.37600 0.00377 0.00377
1.38000 0.00374 0.00374
1.38400 0.00372 0.00372
1.38800 0.00369 0.00369
1.39200 0.00367 0.00367
1.39600 0.00365 0.00365
1.40000 0.00362 0.00362
1.40400 0.00360 0.00360
1.40800 0.00358 0.00358
1.41200 0.00355 0.00355
1.41600 0.00353 0.00353
1.42000 0.00351 0.00351
1.42400 0.00349 0.00349
1.42800 0.00347 0.00347
1.43200 0.00345 0.00345
1.43600 0.00342 0.00342
1.44000 0.00340 0.00340
1.44400 0.00338 0.00338
1.44800 0.00336 0.00336
1.45200 0.00334 0.00334
1.45600 0.00332 0.00332
1.46000 0.00330 0.00330
1.46400 0.00328 0.00328
1.46800 0.00326 0.00326
1.47200 0.00324 0.00324
1.47600 0.00322 0.00322
1.48000 0.00320 0.00320
1.48400 0.00318 0.00318
1.48800 0.00316 0.00316
1.49200 0.00315 0.00315
1.49600 0.00313 0.00313
1.50000 0.00311 0.00311
1.50400 0.00309 0.00309
1.50800 0.00307 0.00307
1.51200 0.00306 0.00306
1.51600 0.00304 0.00304
1.52000 0.00302 0.00302
1.52400 0.00300 0.00300
1.52800 0.00299 0.00299
1.53200 0.00297 0.00297
1.53600 0.00295 0.00295
1.54000 0.00293 0.00293
1.54400 0.00292 0.00292
1.54800 0.00290 0.00290
1.55200 0.00288 0.00288
1.55600 0.00287 0.00287
1.56000 0.00285 0.00285
1.56400 0.00284 0.00284
1.56800 0.00282 0.00282
1.57200 0.00281 0.00281
1.57600 0.00279 0.00279
1.58000 0.00277 0.00277
1.58400 0.00276 0.00276
1.58800 0.00274 0.00274
1.59200 0.00273 0.00273
1.59600 0.00271 0.00271
1.60000 0.00270 0.00270
1.60400 0.00268 0.00268
1.60800 0.00267 0.00267
1.61200 0.00266 0.00266
1.61600 0.00264 0.00264
1.62000 0.00263 0.00263
1.62400 0.00261 0.00261
1.62800 0.00260 0.00260
1.63200 0.00259 0.00259
1.63600 0.00257 0.00257
1.64000 0.00256 0.00256
1.64400 0.00255 0.00255
1.64800 0.00253 0.00253
1.65200 0.00252 0.00252
1.65600 0.00251 0.00251
1.66000 0.00249 0.00249
1.66400 0.00248 0.00248
1.66800 0.00247 0.00247
1.67200 0.00245 0.00245
1.67600 0.00244 0.00244
1.68000 0.00243 0.00243
1.68400 0.00242 0.00242
1.68800 0.00240 0.00240
1.69200 0.00239 0.00239
1.69600 0.00238 0.00238
1.70000 0.00237 0.00237
1.70400 0.00236 0.00236
1.70800 0.00234 0.00234
1.71200 0.00233 0.00233
1.71600 0.00232 0.00232
1.72000 0.00231 0.00231
1.72400 0.00230 0.00230
1.72800 0.00229 0.00229
1.73200 0.00227 0.00227
1.73600 0.00226 0.00226
1.74000 0.00225 0.00225
1.74400 0.00224 0.00224
1.74800 0.00223 0.00223
1.75200 0.00222 0.00222
1.75600 0.00221 0.00221
1.76000 0.00220 0.00220
1.76400 0.00219 0.00219
1.76800 0.00218 0.00218
1.77200 0.00217 0.00217
1.77600 0.00216 0.00216
1.78000 0.00215 0.00215
1.78400 0.00214 0.00214
1.78800 0.00213 0.00213
1.79200 0.00212 0.00212
1.79600 0.00211 0.00211
1.80000 0.00210 0.00210
1.80400 0.00209 0.00209
1.80800 0.00208 0.00208
1.81200 0.00207 0.00207
1.81600 0.00206 0.00206
1.82000 0.00205 0.00205
1.82400 0.00204 0.00204
1.82800 0.00203 0.00203
1.83200 0.00202 0.00202
1.83600 0.00201 0.00201
1.84000 0.00200 0.00200
1.84400 0.00199 0.00199
1.84800 0.00198 0.00198
1.85200 0.00197 0.00197
1.85600 0.00196 0.00196
1.86000 0.00195 0.00195
1.86400 0.00195 0.00195
1.86800 0.00194 0.00194
1.87200 0.00193 0.00193
1.87600 0.00192 0.00192
1.88000 0.00191 0.00191
1.88400 0.00190 0.00190
1.88800 0.00189 0.00189
1.89200 0.00188 0.00188
1.89600 0.00188 0.00188
1.90000 0.00187 0.00187
1.90400 0.00186 0.00186
1.90800 0.00185 0.00185
1.91200 0.00184 0.00184
1.91600 0.00183 0.00183
1.92000 0.00183 0.00183
1.92400 0.00182 0.00182
1.92800 0.00181 0.00181
1.93200 0.00180 0.00180
1.93600 0.00180 0.00180
1.94000 0.00179 0.00179
1.94400 0.00178 0.00178
1.94800 0.00177 0.00177
1.95200 0.00176 0.00176
1.95600 0.00176 0.00176
1.96000 0.00175 0.00175
1.96400 0.00174 0.00174
1.96800 0.00173 0.00173
1.97200 0.00173 0.00173
1.97600 0.00172 0.00172
1.98000 0.00171 0.00171
1.98400 0.00170 0.00170
1.98800 0.00170 0.00170
1.99200 0.00169 0.00169
1.99600 0.00168 0.00168
2.00000 0.00168 0.00168
