-2.00000 0.00168 0.00168
-1.99600 0.00168 0.00168
-1.99200 0.00169 0.00169
-1.98800 0.00170 0.00170
-1.98400 0.00170 0.00170
-1.98000 0.00171 0.00171
-1.97600 0.00172 0.00172
-1.97200 0.00173 0.00173
-1.96800 0.00173 0.00173
-1.96400 0.00174 0.00174
-1.96000 0.00175 0.00175
-1.95600 0.00176 0.00176
-1.95200 0.00176 0.00176
-1.94800 0.00177 0.00177
-1.94400 0.00178 0.00178
-1.94000 0.00179 0.00179
-1.93600 0.00180 0.00180
-1.93200 0.00180 0.00180
-1.92800 0.00181 0.00181
-1.92400 0.00182 0.00182
-1.92000 0.00183 0.00183
-1.91600 0.00183 0.00183
-1.91200 0.00184 0.00184
-1.90800 0.00185 0.00185
-1.90400 0.00186 0.00186
-1.90000 0.00187 0.00187
-1.89600 0.00188 0.00188
-1.89200 0.00188 0.00188
-1.88800 0.00189 0.00189
-1.88400 0.00190 0.00190
-1.88000 0.00191 0.00191
-1.87600 0.00192 0.00192
-1.87200 0.00193 0.00193
-1.86800 0.00194 0.00194
-1.86400 0.00194 0.00194
-1.86000 0.00195 0.00195
-1.85600 0.00196 0.00196
-1.85200 0.00197 0.00197
-1.84800 0.00198 0.00198
-1.84400 0.00199 0.00199
-1.84000 0.00200 0.00200
-1.83600 0.00201 0.00201
-1.83200 0.00202 0.00202
-1.82800 0.00203 0.00203
-1.82400 0.00204 0.00204
-1.82000 0.00205 0.00205
-1.81600 0.00206 0.00206
-1.81200 0.00207 0.00207
-1.80800 0.00208 0.00208
-1.80400 0.00209 0.00209
-1.80000 0.00210 0.00210
-1.79600 0.00211 0.00211
-1.79200 0.00212 0.00212
-1.78800 0.00213 0.00213
-1.78400 0.00214 0.00214
-1.78000 0.00215 0.00215
-1.77600 0.00216 0.00216
-1.77200 0.00217 0.00217
-1.76800 0.00218 0.00218
-1.76400 0.00219 0.00219
-1.76000 0.00220 0.00220
-1.75600 0.00221 0.00221
-1.75200 0.00222 0.00222
-1.74800 0.00223 0.00223
-1.74400 0.00224 0.00224
-1.74000 0.00225 0.00225
-1.73600 0.00226 0.00226
-1.73200 0.00228 0.00228
-1.72800 0.00229 0.00229
-1.72400 0.00230 0.00230
-1.72000 0.00231 0.00231
-1.71600 0.00232 0.00232
-1.71200 0.00233 0.00233
-1.70800 0.00234 0.00234
-1.70400 0.00236 0.00236
-1.70000 0.00237 0.00237
-1.69600 0.00238 0.00238
-1.69200 0.00239 0.00239
-1.68800 0.00240 0.00240
-1.68400 0.00242 0.00242
-1.68000 0.00243 0.00243
-1.67600 0.00244 0.00244
-1.67200 0.00245 0.00245
-1.66800 0.00247 0.00247
-1.66400 0.00248 0.00248
-1.66000 0.00249 0.00249
-1.65600 0.00251 0.00251
-1.65200 0.00252 0.00252
-1.64800 0.00253 0.00253
-1.64400 0.00255 0.00255
-1.64000 0.00256 0.00256
-1.63600 0.00257 0.00257
-1.63200 0.00259 0.00259
-1.62800 0.00260 0.00260
-1.62400 0.00261 0.00261
-1.62000 0.00263 0.00263
-1.61600 0.00264 0.00264
-1.61200 0.00266 0.00266
-1.60800 0.00267 0.00267
-1.60400 0.00269 0.00269
-1.60000 0.00270 0.00270
-1.59600 0.00271 0.00271
-1.59200 0.00273 0.00273
-1.58800 0.00274 0.00274
-1.58400 0.00276 0.00276
-1.58000 0.00278 0.00278
-1.57600 0.00279 0.00279
-1.57200 0.00281 0.00281
-1.56800 0.00282 0.00282
-1.56400 0.00284 0.00284
-1.56000 0.00285 0.00285
-1.55600 0.00287 0.00287
-1.55200 0.00289 0.00289
-1.54800 0.00290 0.00290
-1.54400 0.00292 0.00292
-1.54000 0.00294 0.00294
-1.53600 0.00295 0.00295
-1.53200 0.00297 0.00297
-1.52800 0.00299 0.00299
-1.52400 0.00300 0.00300
-1.52000 0.00302 0.00302
-1.51600 0.00304 0.00304
-1.51200 0.00306 0.00306
-1.50800 0.00307 0.00307
-1.50400 0.00309 0.00309
-1.50000 0.00311 0.00311
-1.49600 0.00313 0.00313
-1.49200 0.00315 0.00315
-1.48800 0.00316 0.00316
-1.48400 0.00318 0.00318
-1.48000 0.00320 0.00320
-1.47600 0.00322 0.00322
-1.47200 0.00324 0.00324
-1.46800 0.00326 0.00326
-1.46400 0.00328 0.00328
-1.46000 0.00330 0.00330
-1.45600 0.00332 0.00332
-1.45200 0.00334 0.00334
-1.44800 0.00336 0.00336
-1.44400 0.00338 0.00338
-1.44000 0.00340 0.00340
-1.43600 0.00342 0.00342
-1.43200 0.00344 0.00344
-1.42800 0.00347 0.00347
-1.42400 0.00349 0.00349
-1.42000 0.00351 0.00351
-1.41600 0.00353 0.00353
-1.41200 0.00356 0.00356
-1.40800 0.00358 0.00358
-1.40400 0.00360 0.00360
-1.40000 0.00362 0.00362
-1.39600 0.00365 0.00365
-1.39200 0.00367 0.00367
-1.38800 0.00369 0.00369
-1.38400 0.00372 0.00372
-1.38000 0.00374 0.00374
-1.37600 0.00377 0.00377
-1.37200 0.00379 0.00379
-1.36800 0.00381 0.00381
-1.36400 0.00384 0.00384
-1.36000 0.00387 0.00387
-1.35600 0.00389 0.00389
-1.35200 0.00392 0.00392
-1.34800 0.00394 0.00394
-1.34400 0.00397 0.00397
-1.34000 0.00400 0.00400
-1.33600 0.00402 0.00402
-1.33200 0.00405 0.00405
-1.32800 0.00408 0.00408
-1.32400 0.00411 0.00411
-1.32000 0.00414 0.00414
-1.31600 0.00416 0.00416
-1.31200 0.00419 0.00419
-1.30800 0.00422 0.00422
-1.30400 0.00425 0.00425
-1.30000 0.00428 0.00428
-1.29600 0.00432 0.00432
-1.29200 0.00435 0.00435
-1.28800 0.00438 0.00438
-1.28400 0.00441 0.00441
-1.28000 0.00444 0.00444
-1.27600 0.00447 0.00447
-1.27200 0.00451 0.00451
-1.26800 0.00454 0.00454
-1.26400 0.00457 0.00457
-1.26000 0.00460 0.00460
-1.25600 0.00464 0.00464
-1.25200 0.00467 0.00467
-1.24800 0.00471 0.00471
-1.24400 0.00474 0.00474
-1.24000 0.00478 0.00478
-1.23600 0.00481 0.00481
-1.23200 0.00485 0.00485
-1.22800 0.00489 0.00489
-1.22400 0.00492 0.00492
-1.22000 0.00496 0.00496
-1.21600 0.00500 0.00500
-1.21200 0.00504 0.00504
-1.20800 0.00507 0.00507
-1.20400 0.00511 0.00511
-1.20000 0.00516 0.00516
-1.19600 0.00520 0.00520
-1.19200 0.00524 0.00524
-1.18800 0.00528 0.00528
-1.18400 0.00533 0.00533
-1.18000 0.00537 0.00537
-1.17600 0.00542 0.00542
-1.17200 0.00546 0.00546
-1.16800 0.00550 0.00550
-1.16400 0.00555 0.00555
-1.16000 0.00559 0.00559
-1.15600 0.00564 0.00564
-1.15200 0.00569 0.00569
-1.14800 0.00574 0.00574
-1.14400 0.00578 0.00578
-1.14000 0.00584 0.00584
-1.13600 0.00589 0.00589
-1.13200 0.00594 0.00594
-1.12800 0.00599 0.00599
-1.12400 0.00605 0.00605
-1.12000 0.00610 0.00610
-1.11600 0.00615 0.00615
-1.11200 0.00620 0.00620
-1.10800 0.00626 0.00626
-1.10400 0.00632 0.00632
-1.10000 0.00637 0.00637
-1.09600 0.00643 0.00643
-1.09200 0.00649 0.00649
-1.08800 0.00656 0.00656
-1.08400 0.00662 0.00662
-1.08000 0.00669 0.00669
-1.07600 0.00676 0.00676
-1.07200 0.00682 0.00682
-1.06800 0.00689 0.00689
-1.06400 0.00695 0.00695
-1.06000 0.00702 0.00702
-1.05600 0.00709 0.00709
-1.05200 0.00717 0.00717
-1.04800 0.00724 0.00724
-1.04400 0.00732 0.00732
-1.04000 0.00741 0.00741
-1.03600 0.00750 0.00750
-1.03200 0.00759 0.00759
-1.02800 0.00768 0.00768
-1.02400 0.00778 0.00778
-1.02000 0.00788 0.00788
-1.01600 0.00799 0.00799
-1.01200 0.00809 0.00809
-1.00800 0.00821 0.00821
-1.00400 0.00834 0.00834
-1.00000 0.00848 0.00848
-0.99600 0.00864 0.00864
-0.99200 0.00882 0.00882
-0.98800 0.00903 0.00903
-0.98400 0.00928 0.00928
-0.98000 0.00955 0.00955
-0.97600 0.00984 0.00984
-0.97200 0.01011 0.01011
-0.96800 0.01032 0.01032
-0.96400 0.01043 0.01043
-0.96000 0.01044 0.01044
-0.95600 0.01041 0.01041
-0.95200 0.01037 0.01037
-0.94800 0.01035 0.01035
-0.94400 0.01038 0.01038
-0.94000 0.01045 0.01045
-0.93600 0.01056 0.01056
-0.93200 0.01072 0.01072
-0.92800 0.01092 0.01092
-0.92400 0.01115 0.01115
-0.92000 0.01143 0.01143
-0.91600 0.01175 0.01175
-0.91200 0.01212 0.01212
-0.90800 0.01254 0.01254
-0.90400 0.01302 0.01302
-0.90000 0.01356 0.01356
-0.89600 0.01411 0.01411
-0.89200 0.01455 0.01455
-0.88800 0.01478 0.01478
-0.88400 0.01474 0.01474
-0.88000 0.01452 0.01452
-0.87600 0.01424 0.01424
-0.87200 0.01399 0.01399
-0.86800 0.01381 0.01381
-0.86400 0.01371 0.01371
-0.86000 0.01370 0.01370
-0.85600 0.01376 0.01376
-0.85200 0.01388 0.01388
-0.84800 0.01407 0.01407
-0.84400 0.01433 0.01433
-0.84000 0.01465 0.01465
-0.83600 0.01505 0.01505
-0.83200 0.01553 0.01553
-0.82800 0.01608 0.01608
-0.82400 0.01668 0.01668
-0.82000 0.01730 0.01730
-0.81600 0.01792 0.01792
-0.81200 0.01854 0.01854
-0.80800 0.01924 0.01924
-0.80400 0.02006 0.02006
-0.80000 0.02100 0.02100
-0.79600 0.02197 0.02197
-0.79200 0.02273 0.02273
-0.78800 0.02308 0.02308
-0.78400 0.02292 0.02292
-0.78000 0.02241 0.02241
-0.77600 0.02179 0.02179
-0.77200 0.02124 0.02124
-0.76800 0.02083 0.02083
-0.76400 0.02055 0.02055
-0.76000 0.02039 0.02039
-0.75600 0.02031 0.02031
-0.75200 0.02033 0.02033
-0.74800 0.02044 0.02044
-0.74400 0.02065 0.02065
-0.74000 0.02097 0.02097
-0.73600 0.02140 0.02140
-0.73200 0.02196 0.02196
-0.72800 0.02265 0.02265
-0.72400 0.02348 0.02348
-0.72000 0.02447 0.02447
-0.71600 0.02558 0.02558
-0.71200 0.02673 0.02673
-0.70800 0.02776 0.02776
-0.70400 0.02852 0.02852
-0.70000 0.02901 0.02901
-0.69600 0.02937 0.02937
-0.69200 0.02980 0.02980
-0.68800 0.03047 0.03047
-0.68400 0.03149 0.03149
-0.68000 0.03291 0.03291
-0.67600 0.03473 0.03473
-0.67200 0.03685 0.03685
-0.66800 0.03899 0.03899
-0.66400 0.04068 0.04068
-0.66000 0.04149 0.04149
-0.65600 0.04131 0.04131
-0.65200 0.04049 0.04049
-0.64800 0.03950 0.03950
-0.64400 0.03867 0.03867
-0.64000 0.03810 0.03810
-0.63600 0.03776 0.03776
-0.63200 0.03757 0.03757
-0.62800 0.03753 0.03753
-0.62400 0.03770 0.03770
-0.62000 0.03812 0.03812
-0.61600 0.03884 0.03884
-0.61200 0.03989 0.03989
-0.60800 0.04130 0.04130
-0.60400 0.04308 0.04308
-0.60000 0.04523 0.04523
-0.59600 0.04766 0.04766
-0.59200 0.05011 0.05011
-0.58800 0.05218 0.05218
-0.58400 0.05349 0.05349
-0.58000 0.05400 0.05400
-0.57600 0.05403 0.05403
-0.57200 0.05406 0.05406
-0.56800 0.05442 0.05442
-0.56400 0.05530 0.05530
-0.56000 0.05674 0.05674
-0.55600 0.05874 0.05874
-0.55200 0.06126 0.06126
-0.54800 0.06424 0.06424
-0.54400 0.06766 0.06766
-0.54000 0.07163 0.07163
-0.53600 0.07638 0.07638
-0.53200 0.08205 0.08205
-0.52800 0.08852 0.08852
-0.52400 0.09510 0.09510
-0.52000 0.10054 0.10054
-0.51600 0.10346 0.10346
-0.51200 0.10344 0.10344
-0.50800 0.10138 0.10138
-0.50400 0.09874 0.09874
-0.50000 0.09671 0.09671
-0.49600 0.09585 0.09585
-0.49200 0.09636 0.09636
-0.48800 0.09825 0.09825
-0.48400 0.10146 0.10146
-0.48000 0.10590 0.10590
-0.47600 0.11148 0.11148
-0.47200 0.11807 0.11807
-0.46800 0.12532 0.12532
-0.46400 0.13240 0.13240
-0.46000 0.13806 0.13806
-0.45600 0.14134 0.14134
-0.45200 0.14243 0.14243
-0.44800 0.14257 0.14257
-0.44400 0.14308 0.14308
-0.44000 0.14484 0.14484
-0.43600 0.14824 0.14824
-0.43200 0.15342 0.15342
-0.42800 0.16044 0.16044
-0.42400 0.16937 0.16937
-0.42000 0.18027 0.18027
-0.41600 0.19328 0.19328
-0.41200 0.20871 0.20871
-0.40800 0.22716 0.22716
-0.40400 0.24950 0.24950
-0.40000 0.27661 0.27661
-0.39600 0.30904 0.30904
-0.39200 0.34626 0.34626
-0.38800 0.38561 0.38561
-0.38400 0.42170 0.42170
-0.38000 0.44827 0.44827
-0.37600 0.46280 0.46280
-0.37200 0.46927 0.46927
-0.36800 0.47528 0.47528
-0.36400 0.48734 0.48734
-0.36000 0.50888 0.50888
-0.35600 0.54040 0.54040
-0.35200 0.58006 0.58006
-0.34800 0.62391 0.62391
-0.34400 0.66615 0.66615
-0.34000 0.70110 0.70110
-0.33600 0.72751 0.72751
-0.33200 0.75098 0.75098
-0.32800 0.78060 0.78060
-0.32400 0.82448 0.82448
-0.32000 0.88828 0.88828
-0.31600 0.97624 0.97624
-0.31200 1.09258 1.09258
-0.30800 1.24287 1.24287
-0.30400 1.43526 1.43526
-0.30000 1.68094 1.68094
-0.29600 1.99277 1.99277
-0.29200 2.38117 2.38117
-0.28800 2.84516 2.84516
-0.28400 3.35600 3.35600
-0.28000 3.83896 3.83896
-0.27600 4.17710 4.17710
-0.27200 4.26826 4.26826
-0.26800 4.10659 4.10659
-0.26400 3.79208 3.79208
-0.26000 3.45261 3.45261
-0.25600 3.17431 3.17431
-0.25200 2.98776 2.98776
-0.24800 2.88388 2.88388
-0.24400 2.83629 2.83629
-0.24000 2.82436 2.82436
-0.23600 2.84344 2.84344
-0.23200 2.88996 2.88996
-0.22800 2.93627 2.93627
-0.22400 2.92477 2.92477
-0.22000 2.79967 2.79967
-0.21600 2.55456 2.55456
-0.21200 2.23835 2.23835
-0.20800 1.91350 1.91350
-0.20400 1.62109 1.62109
-0.20000 1.37649 1.37649
-0.19600 1.17960 1.17960
-0.19200 1.02421 1.02421
-0.18800 0.90302 0.90302
-0.18400 0.80969 0.80969
-0.18000 0.73931 0.73931
-0.17600 0.68834 0.68834
-0.17200 0.65433 0.65433
-0.16800 0.63554 0.63554
-0.16400 0.63054 0.63054
-0.16000 0.63769 0.63769
-0.15600 0.65419 0.65419
-0.15200 0.67428 0.67428
-0.14800 0.68800 0.68800
-0.14400 0.68353 0.68353
-0.14000 0.65412 0.65412
-0.13600 0.60374 0.60374
-0.13200 0.54385 0.54385
-0.12800 0.48534 0.48534
-0.12400 0.43434 0.43434
-0.12000 0.39273 0.39273
-0.11600 0.36022 0.36022
-0.11200 0.33579 0.33579
-0.10800 0.31844 0.31844
-0.10400 0.30742 0.30742
-0.10000 0.30235 0.30235
-0.09600 0.30316 0.30316
-0.09200 0.30998 0.30998
-0.08800 0.32281 0.32281
-0.08400 0.34089 0.34089
-0.08000 0.36165 0.36165
-0.07600 0.37991 0.37991
-0.07200 0.38896 0.38896
-0.06800 0.38447 0.38447
-0.06400 0.36792 0.36792
-0.06000 0.34530 0.34530
-0.05600 0.32299 0.32299
-0.05200 0.30504 0.30504
-0.04800 0.29320 0.29320
-0.04400 0.28794 0.28794
-0.04000 0.28938 0.28938
-0.03600 0.29776 0.29776
-0.03200 0.31365 0.31365
-0.02800 0.33805 0.33805
-0.02400 0.37225 0.37225
-0.02000 0.41749 0.41749
-0.01600 0.47389 0.47389
-0.01200 0.53847 0.53847
-0.00800 0.60263 0.60263
-0.00400 0.65173 0.65173
0.00000 0.67036 0.67036
0.00400 0.65172 0.65172
0.00800 0.60261 0.60261
0.01200 0.53845 0.53845
0.01600 0.47386 0.47386
0.02000 0.41746 0.41746
0.02400 0.37221 0.37221
0.02800 0.33800 0.33800
0.03200 0.31360 0.31360
0.03600 0.29770 0.29770
0.04000 0.28931 0.28931
0.04400 0.28785 0.28785
0.04800 0.29309 0.29309
0.05200 0.30492 0.30492
0.05600 0.32286 0.32286
0.06000 0.34518 0.34518
0.06400 0.36784 0.36784
0.06800 0.38446 0.38446
0.07200 0.38900 0.38900
0.07600 0.37997 0.37997
0.08000 0.36170 0.36170
0.08400 0.34092 0.34092
0.08800 0.32281 0.32281
0.09200 0.30995 0.30995
0.09600 0.30310 0.30310
0.10000 0.30226 0.30226
0.10400 0.30730 0.30730
0.10800 0.31829 0.31829
0.11200 0.33562 0.33562
0.11600 0.36000 0.36000
0.12000 0.39247 0.39247
0.12400 0.43402 0.43402
0.12800 0.48498 0.48498
0.13200 0.54345 0.54345
0.13600 0.60334 0.60334
0.14000 0.65377 0.65377
0.14400 0.68325 0.68325
0.14800 0.68777 0.68777
0.15200 0.67403 0.67403
0.15600 0.65384 0.65384
0.16000 0.63722 0.63722
0.16400 0.62996 0.62996
0.16800 0.63488 0.63488
0.17200 0.65364 0.65364
0.17600 0.68763 0.68763
0.18000 0.73858 0.73858
0.18400 0.80891 0.80891
0.18800 0.90214 0.90214
0.19200 1.02318 1.02318
0.19600 1.17837 1.17837
0.20000 1.37501 1.37501
0.20400 1.61935 1.61935
0.20800 1.91160 1.91160
0.21200 2.23660 2.23660
0.21600 2.55359 2.55359
0.22000 2.80028 2.80028
0.22400 2.92742 2.92742
0.22800 2.94081 2.94081
0.23200 2.89609 2.89609
0.23600 2.85105 2.85105
0.24000 2.83243 2.83243
0.24400 2.84230 2.84230
0.24800 2.88515 2.88515
0.25200 2.98259 2.98259
0.25600 3.16186 3.16186
0.26000 3.43334 3.43334
0.26400 3.76916 3.76916
0.26800 4.08630 4.08630
0.27200 4.25689 4.25689
0.27600 4.17557 4.17557
0.28000 3.84251 3.84251
0.28400 3.36019 3.36019
0.28800 2.84899 2.84899
0.29200 2.38538 2.38538
0.29600 1.99755 1.99755
0.30000 1.68545 1.68545
0.30400 1.43836 1.43836
0.30800 1.24432 1.24432
0.31200 1.09331 1.09331
0.31600 0.97749 0.97749
0.32000 0.89052 0.89052
0.32400 0.82698 0.82698
0.32800 0.78190 0.78190
0.33200 0.75026 0.75026
0.33600 0.72592 0.72592
0.34000 0.70100 0.70100
0.34400 0.66842 0.66842
0.34800 0.62679 0.62679
0.35200 0.58141 0.58141
0.35600 0.53972 0.53972
0.36000 0.50694 0.50694
0.36400 0.48503 0.48503
0.36800 0.47305 0.47305
0.37200 0.46716 0.46716
0.37600 0.46066 0.46066
0.38000 0.44600 0.44600
0.38400 0.41948 0.41948
0.38800 0.38382 0.38382
0.39200 0.34524 0.34524
0.39600 0.30885 0.30885
0.40000 0.27703 0.27703
0.40400 0.25006 0.25006
0.40800 0.22739 0.22739
0.41200 0.20839 0.20839
0.41600 0.19254 0.19254
0.42000 0.17947 0.17947
0.42400 0.16882 0.16882
0.42800 0.16031 0.16031
0.43200 0.15368 0.15368
0.43600 0.14872 0.14872
0.44000 0.14524 0.14524
0.44400 0.14308 0.14308
0.44800 0.14206 0.14206
0.45200 0.14166 0.14166
0.45600 0.14081 0.14081
0.46000 0.13819 0.13819
0.46400 0.13311 0.13311
0.46800 0.12610 0.12610
0.47200 0.11847 0.11847
0.47600 0.11138 0.11138
0.48000 0.10546 0.10546
0.48400 0.10093 0.10093
0.48800 0.09784 0.09784
0.49200 0.09617 0.09617
0.49600 0.09591 0.09591
0.50000 0.09700 0.09700
0.50400 0.09919 0.09919
0.50800 0.10180 0.10180
0.51200 0.10361 0.10361
0.51600 0.10324 0.10324
0.52000 0.10007 0.10007
0.52400 0.09478 0.09478
0.52800 0.08866 0.08866
0.53200 0.08270 0.08270
0.53600 0.07728 0.07728
0.54000 0.07239 0.07239
0.54400 0.06801 0.06801
0.54800 0.06418 0.06418
0.55200 0.06099 0.06099
0.55600 0.05846 0.05846
0.56000 0.05659 0.05659
0.56400 0.05534 0.05534
0.56800 0.05466 0.05466
0.57200 0.05445 0.05445
0.57600 0.05445 0.05445
0.58000 0.05427 0.05427
0.58400 0.05346 0.05346
0.58800 0.05183 0.05183
0.59200 0.04958 0.04958
0.59600 0.04716 0.04716
0.60000 0.04490 0.04490
0.60400 0.04299 0.04299
0.60800 0.04145 0.04145
0.61200 0.04024 0.04024
0.61600 0.03928 0.03928
0.62000 0.03850 0.03850
0.62400 0.03783 0.03783
0.62800 0.03733 0.03733
0.63200 0.03705 0.03705
0.63600 0.03710 0.03710
0.64000 0.03751 0.03751
0.64400 0.03832 0.03832
0.64800 0.03944 0.03944
0.65200 0.04062 0.04062
0.65600 0.04142 0.04142
0.66000 0.04137 0.04137
0.66400 0.04030 0.04030
0.66800 0.03849 0.03849
0.67200 0.03646 0.03646
0.67600 0.03459 0.03459
0.68000 0.03308 0.03308
0.68400 0.03195 0.03195
0.68800 0.03111 0.03111
0.69200 0.03042 0.03042
0.69600 0.02972 0.02972
0.70000 0.02893 0.02893
0.70400 0.02810 0.02810
0.70800 0.02726 0.02726
0.71200 0.02641 0.02641
0.71600 0.02552 0.02552
0.72000 0.02459 0.02459
0.72400 0.02367 0.02367
0.72800 0.02283 0.02283
0.73200 0.02210 0.02210
0.73600 0.02149 0.02149
0.74000 0.02100 0.02100
0.74400 0.02063 0.02063
0.74800 0.02037 0.02037
0.75200 0.02023 0.02023
0.75600 0.02020 0.02020
0.76000 0.02031 0.02031
0.76400 0.02058 0.02058
0.76800 0.02102 0.02102
0.77200 0.02160 0.02160
0.77600 0.02226 0.02226
0.78000 0.02283 0.02283
0.78400 0.02308 0.02308
0.78800 0.02287 0.02287
0.79200 0.02227 0.02227
0.79600 0.02148 0.02148
0.80000 0.02072 0.02072
0.80400 0.02004 0.02004
0.80800 0.01943 0.01943
0.81200 0.01879 0.01879
0.81600 0.01808 0.01808
0.82000 0.01734 0.01734
0.82400 0.01662 0.01662
0.82800 0.01597 0.01597
0.83200 0.01542 0.01542
0.83600 0.01496 0.01496
0.84000 0.01459 0.01459
0.84400 0.01429 0.01429
0.84800 0.01405 0.01405
0.85200 0.01388 0.01388
0.85600 0.01377 0.01377
0.86000 0.01373 0.01373
0.86400 0.01376 0.01376
0.86800 0.01386 0.01386
0.87200 0.01403 0.01403
0.87600 0.01423 0.01423
0.88000 0.01441 0.01441
0.88400 0.01452 0.01452
0.88800 0.01453 0.01453
0.89200 0.01442 0.01442
0.89600 0.01414 0.01414
0.90000 0.01372 0.01372
0.90400 0.01320 0.01320
0.90800 0.01267 0.01267
0.91200 0.01218 0.01218
0.91600 0.01175 0.01175
0.92000 0.01140 0.01140
0.92400 0.01111 0.01111
0.92800 0.01088 0.01088
0.93200 0.01069 0.01069
0.93600 0.01055 0.01055
0.94000 0.01045 0.01045
0.94400 0.01040 0.01040
0.94800 0.01038 0.01038
0.95200 0.01040 0.01040
0.95600 0.01044 0.01044
0.96000 0.01047 0.01047
0.96400 0.01043 0.01043
0.96800 0.01029 0.01029
0.97200 0.01006 0.01006
0.97600 0.00979 0.00979
0.98000 0.00951 0.00951
0.98400 0.00926 0.00926
0.98800 0.00904 0.00904
0.99200 0.00884 0.00884
0.99600 0.00867 0.00867
1.00000 0.00851 0.00851
1.00400 0.00836 0.00836
1.00800 0.00822 0.00822
1.01200 0.00809 0.00809
1.01600 0.00797 0.00797
1.02000 0.00786 0.00786
1.02400 0.00776 0.00776
1.02800 0.00767 0.00767
1.03200 0.00758 0.00758
1.03600 0.00749 0.00749
1.04000 0.00741 0.00741
1.04400 0.00733 0.00733
1.04800 0.00726 0.00726
1.05200 0.00718 0.00718
1.05600 0.00710 0.00710
1.06000 0.00703 0.00703
1.06400 0.00695 0.00695
1.06800 0.00688 0.00688
1.07200 0.00681 0.00681
1.07600 0.00674 0.00674
1.08000 0.00668 0.00668
1.08400 0.00661 0.00661
1.08800 0.00655 0.00655
1.09200 0.00650 0.00650
1.09600 0.00644 0.00644
1.10000 0.00638 0.00638
1.10400 0.00632 0.00632
1.10800 0.00627 0.00627
1.11200 0.00621 0.00621
1.11600 0.00615 0.00615
1.12000 0.00609 0.00609
1.12400 0.00604 0.00604
1.12800 0.00599 0.00599
1.13200 0.00593 0.00593
1.13600 0.00588 0.00588
1.14000 0.00583 0.00583
1.14400 0.00578 0.00578
1.14800 0.00574 0.00574
1.15200 0.00569 0.00569
1.15600 0.00564 0.00564
1.16000 0.00560 0.00560
1.16400 0.00555 0.00555
1.16800 0.00550 0.00550
1.17200 0.00546 0.00546
1.17600 0.00541 0.00541
1.18000 0.00537 0.00537
1.18400 0.00532 0.00532
1.18800 0.00528 0.00528
1.19200 0.00524 0.00524
1.19600 0.00520 0.00520
1.20000 0.00516 0.00516
1.20400 0.00512 0.00512
1.20800 0.00508 0.00508
1.21200 0.00504 0.00504
1.21600 0.00500 0.00500
1.22000 0.00496 0.00496
1.22400 0.00492 0.00492
1.22800 0.00488 0.00488
1.23200 0.00485 0.00485
1.23600 0.00481 0.00481
1.24000 0.00477 0.00477
1.24400 0.00474 0.00474
1.24800 0.00471 0.00471
1.25200 0.00467 0.00467
1.25600 0.00464 0.00464
1.26000 0.00461 0.00461
1.26400 0.00457 0.00457
1.26800 0.00454 0.00454
1.27200 0.00451 0.00451
1.27600 0.00447 0.00447
1.28000 0.00444 0.00444
1.28400 0.00441 0.00441
1.28800 0.00438 0.00438
1.29200 0.00434 0.00434
1.29600 0.00431 0.00431
1.30000 0.00428 0.00428
1.30400 0.00425 0.00425
1.30800 0.00422 0.00422
1.31200 0.00420 0.00420
1.31600 0.00417 0.00417
1.32000 0.00414 0.00414
1.32400 0.00411 0.00411
1.32800 0.00408 0.00408
1.33200 0.00405 0.00405
1.33600 0.00402 0.00402
1.34000 0.00400 0.00400
1.34400 0.00397 0.00397
1.34800 0.00394 0.00394
1.35200 0.00392 0.00392
1.35600 0.00389 0.00389
1.36000 0.00386 0.00386
1.36400 0.00384 0.00384
1.36800 0.00381 0.00381
1.37200 0.00379 0.00379
1.37600 0.00377 0.00377
1.38000 0.00374 0.00374
1.38400 0.00372 0.00372
1.38800 0.00369 0.00369
1.39200 0.00367 0.00367
1.39600 0.00365 0.00365
1.40000 0.00362 0.00362
1.40400 0.00360 0.00360
1.40800 0.00358 0.00358
1.41200 0.00355 0.00355
1.41600 0.00353 0.00353
1.42000 0.00351 0.00351
1.42400 0.00349 0.00349
1.42800 0.00347 0.00347
1.43200 0.00345 0.00345
1.43600 0.00342 0.00342
1.44000 0.00340 0.00340
1.44400 0.00338 0.00338
1.44800 0.00336 0.00336
1.45200 0.00334 0.00334
1.45600 0.00332 0.00332
1.46000 0.00330 0.00330
1.46400 0.00328 0.00328
1.46800 0.00326 0.00326
1.47200 0.00324 0.00324
1.47600 0.00322 0.00322
1.48000 0.00320 0.00320
1.48400 0.00318 0.00318
1.48800 0.00316 0.00316
1.49200 0.00315 0.00315
1.49600 0.00313 0.00313
1.50000 0.00311 0.00311
1.50400 0.00309 0.00309
1.50800 0.00307 0.00307
1.51200 0.00305 0.00305
1.51600 0.00304 0.00304
1.52000 0.00302 0.00302
1.52400 0.00300 0.00300
1.52800 0.00299 0.00299
1.53200 0.00297 0.00297
1.53600 0.00295 0.00295
1.54000 0.00294 0.00294
1.54400 0.00292 0.00292
1.54800 0.00290 0.00290
1.55200 0.00289 0.00289
1.55600 0.00287 0.00287
1.56000 0.00285 0.00285
1.56400 0.00284 0.00284
1.56800 0.00282 0.00282
1.57200 0.00281 0.00281
1.57600 0.00279 0.00279
1.58000 0.00277 0.00277
1.58400 0.00276 0.00276
1.58800 0.00274 0.00274
1.59200 0.00273 0.00273
1.59600 0.00271 0.00271
1.60000 0.00270 0.00270
1.60400 0.00268 0.00268
1.60800 0.00267 0.00267
1.61200 0.00266 0.00266
1.61600 0.00264 0.00264
1.62000 0.00263 0.00263
1.62400 0.00261 0.00261
1.62800 0.00260 0.00260
1.63200 0.00259 0.00259
1.63600 0.00257 0.00257
1.64000 0.00256 0.00256
1.64400 0.00255 0.00255
1.64800 0.00253 0.00253
1.65200 0.00252 0.00252
1.65600 0.00251 0.00251
1.66000 0.00249 0.00249
1.66400 0.00248 0.00248
1.66800 0.00247 0.00247
1.67200 0.00245 0.00245
1.67600 0.00244 0.00244
1.68000 0.00243 0.00243
1.68400 0.00242 0.00242
1.68800 0.00240 0.00240
1.69200 0.00239 0.00239
1.69600 0.00238 0.00238
1.70000 0.00237 0.00237
1.70400 0.00236 0.00236
1.70800 0.00234 0.00234
1.71200 0.00233 0.00233
1.71600 0.00232 0.00232
1.72000 0.00231 0.00231
1.72400 0.00230 0.00230
1.72800 0.00229 0.00229
1.73200 0.00228 0.00228
1.73600 0.00226 0.00226
1.74000 0.00225 0.00225
1.74400 0.00224 0.00224
1.74800 0.00223 0.00223
1.75200 0.00222 0.00222
1.75600 0.00221 0.00221
1.76000 0.00220 0.00220
1.76400 0.00219 0.00219
1.76800 0.00218 0.00218
1.77200 0.00217 0.00217
1.77600 0.00216 0.00216
1.78000 0.00215 0.00215
1.78400 0.00214 0.00214
1.78800 0.00213 0.00213
1.79200 0.00212 0.00212
1.79600 0.00210 0.00210
1.80000 0.00209 0.00209
1.80400 0.00209 0.00209
1.80800 0.00208 0.00208
1.81200 0.00207 0.00207
1.81600 0.00206 0.00206
1.82000 0.00205 0.00205
1.82400 0.00204 0.00204
1.82800 0.00203 0.00203
1.83200 0.00202 0.00202
1.83600 0.00201 0.00201
1.84000 0.00200 0.00200
1.84400 0.00199 0.00199
1.84800 0.00198 0.00198
1.85200 0.00197 0.00197
1.85600 0.00196 0.00196
1.86000 0.00195 0.00195
1.86400 0.00194 0.00194
1.86800 0.00194 0.00194
1.87200 0.00193 0.00193
1.87600 0.00192 0.00192
1.88000 0.00191 0.00191
1.88400 0.00190 0.00190
1.88800 0.00189 0.00189
1.89200 0.00188 0.00188
1.89600 0.00188 0.00188
1.90000 0.00187 0.00187
1.90400 0.00186 0.00186
1.90800 0.00185 0.00185
1.91200 0.00184 0.00184
1.91600 0.00183 0.00183
1.92000 0.00183 0.00183
1.92400 0.00182 0.00182
1.92800 0.00181 0.00181
1.93200 0.00180 0.00180
1.93600 0.00179 0.00179
1.94000 0.00179 0.00179
1.94400 0.00178 0.00178
1.94800 0.00177 0.00177
1.95200 0.00176 0.00176
1.95600 0.00176 0.00176
1.96000 0.00175 0.00175
1.96400 0.00174 0.00174
1.96800 0.00173 0.00173
1.97200 0.00173 0.00173
1.97600 0.00172 0.00172
1.98000 0.00171 0.00171
1.98400 0.00170 0.00170
1.98800 0.00170 0.00170
1.99200 0.00169 0.00169
1.99600 0.00168 0.00168
2.00000 0.00168 0.00168
