-2.00000 0.00168 0.00168
-1.99600 0.00168 0.00168
-1.99200 0.00169 0.00169
-1.98800 0.00170 0.00170
-1.98400 0.00170 0.00170
-1.98000 0.00171 0.00171
-1.97600 0.00172 0.00172
-1.97200 0.00173 0.00173
-1.96800 0.00173 0.00173
-1.96400 0.00174 0.00174
-1.96000 0.00175 0.00175
-1.95600 0.00176 0.00176
-1.95200 0.00176 0.00176
-1.94800 0.00177 0.00177
-1.94400 0.00178 0.00178
-1.94000 0.00179 0.00179
-1.93600 0.00180 0.00180
-1.93200 0.00180 0.00180
-1.92800 0.00181 0.00181
-1.92400 0.00182 0.00182
-1.92000 0.00183 0.00183
-1.91600 0.00183 0.00183
-1.91200 0.00184 0.00184
-1.90800 0.00185 0.00185
-1.90400 0.00186 0.00186
-1.90000 0.00187 0.00187
-1.89600 0.00188 0.00188
-1.89200 0.00188 0.00188
-1.88800 0.00189 0.00189
-1.88400 0.00190 0.00190
-1.88000 0.00191 0.00191
-1.87600 0.00192 0.00192
-1.87200 0.00193 0.00193
-1.86800 0.00194 0.00194
-1.86400 0.00195 0.00195
-1.86000 0.00195 0.00195
-1.85600 0.00196 0.00196
-1.85200 0.00197 0.00197
-1.84800 0.00198 0.00198
-1.84400 0.00199 0.00199
-1.84000 0.00200 0.00200
-1.83600 0.00201 0.00201
-1.83200 0.00202 0.00202
-1.82800 0.00203 0.00203
-1.82400 0.00204 0.00204
-1.82000 0.00205 0.00205
-1.81600 0.00206 0.00206
-1.81200 0.00207 0.00207
-1.80800 0.00208 0.00208
-1.80400 0.00209 0.00209
-1.80000 0.00210 0.00210
-1.79600 0.00211 0.00211
-1.79200 0.00212 0.00212
-1.78800 0.00213 0.00213
-1.78400 0.00214 0.00214
-1.78000 0.00215 0.00215
-1.77600 0.00216 0.00216
-1.77200 0.00217 0.00217
-1.76800 0.00218 0.00218
-1.76400 0.00219 0.00219
-1.76000 0.00220 0.00220
-1.75600 0.00221 0.00221
-1.75200 0.00222 0.00222
-1.74800 0.00223 0.00223
-1.74400 0.00224 0.00224
-1.74000 0.00225 0.00225
-1.73600 0.00226 0.00226
-1.73200 0.00228 0.00228
-1.72800 0.00229 0.00229
-1.72400 0.00230 0.00230
-1.72000 0.00231 0.00231
-1.71600 0.00232 0.00232
-1.71200 0.00233 0.00233
-1.70800 0.00234 0.00234
-1.70400 0.00236 0.00236
-1.70000 0.00237 0.00237
-1.69600 0.00238 0.00238
-1.69200 0.00239 0.00239
-1.68800 0.00240 0.00240
-1.68400 0.00242 0.00242
-1.68000 0.00243 0.00243
-1.67600 0.00244 0.00244
-1.67200 0.00245 0.00245
-1.66800 0.00247 0.00247
-1.66400 0.00248 0.00248
-1.66000 0.00249 0.00249
-1.65600 0.00251 0.00251
-1.65200 0.00252 0.00252
-1.64800 0.00253 0.00253
-1.64400 0.00254 0.00254
-1.64000 0.00256 0.00256
-1.63600 0.00257 0.00257
-1.63200 0.00259 0.00259
-1.62800 0.00260 0.00260
-1.62400 0.00261 0.00261
-1.62000 0.00263 0.00263
-1.61600 0.00264 0.00264
-1.61200 0.00266 0.00266
-1.60800 0.00267 0.00267
-1.60400 0.00268 0.00268
-1.60000 0.00270 0.00270
-1.59600 0.00271 0.00271
-1.59200 0.00273 0.00273
-1.58800 0.00274 0.00274
-1.58400 0.00276 0.00276
-1.58000 0.00277 0.00277
-1.57600 0.00279 0.00279
-1.57200 0.00281 0.00281
-1.56800 0.00282 0.00282
-1.56400 0.00284 0.00284
-1.56000 0.00285 0.00285
-1.55600 0.00287 0.00287
-1.55200 0.00289 0.00289
-1.54800 0.00290 0.00290
-1.54400 0.00292 0.00292
-1.54000 0.00293 0.00293
-1.53600 0.00295 0.00295
-1.53200 0.00297 0.00297
-1.52800 0.00298 0.00298
-1.52400 0.00300 0.00300
-1.52000 0.00302 0.00302
-1.51600 0.00304 0.00304
-1.51200 0.00305 0.00305
-1.50800 0.00307 0.00307
-1.50400 0.00309 0.00309
-1.50000 0.00311 0.00311
-1.49600 0.00313 0.00313
-1.49200 0.00315 0.00315
-1.48800 0.00316 0.00316
-1.48400 0.00318 0.00318
-1.48000 0.00320 0.00320
-1.47600 0.00322 0.00322
-1.47200 0.00324 0.00324
-1.46800 0.00326 0.00326
-1.46400 0.00328 0.00328
-1.46000 0.00330 0.00330
-1.45600 0.00332 0.00332
-1.45200 0.00334 0.00334
-1.44800 0.00336 0.00336
-1.44400 0.00338 0.00338
-1.44000 0.00340 0.00340
-1.43600 0.00342 0.00342
-1.43200 0.00345 0.00345
-1.42800 0.00347 0.00347
-1.42400 0.00349 0.00349
-1.42000 0.00351 0.00351
-1.41600 0.00353 0.00353
-1.41200 0.00356 0.00356
-1.40800 0.00358 0.00358
-1.40400 0.00360 0.00360
-1.40000 0.00363 0.00363
-1.39600 0.00365 0.00365
-1.39200 0.00367 0.00367
-1.38800 0.00370 0.00370
-1.38400 0.00372 0.00372
-1.38000 0.00375 0.00375
-1.37600 0.00377 0.00377
-1.37200 0.00380 0.00380
-1.36800 0.00382 0.00382
-1.36400 0.00384 0.00384
-1.36000 0.00387 0.00387
-1.35600 0.00389 0.00389
-1.35200 0.00392 0.00392
-1.34800 0.00394 0.00394
-1.34400 0.00397 0.00397
-1.34000 0.00400 0.00400
-1.33600 0.00402 0.00402
-1.33200 0.00405 0.00405
-1.32800 0.00408 0.00408
-1.32400 0.00411 0.00411
-1.32000 0.00414 0.00414
-1.31600 0.00417 0.00417
-1.31200 0.00420 0.00420
-1.30800 0.00422 0.00422
-1.30400 0.00425 0.00425
-1.30000 0.00428 0.00428
-1.29600 0.00431 0.00431
-1.29200 0.00434 0.00434
-1.28800 0.00437 0.00437
-1.28400 0.00441 0.00441
-1.28000 0.00444 0.00444
-1.27600 0.00447 0.00447
-1.27200 0.00450 0.00450
-1.26800 0.00454 0.00454
-1.26400 0.00457 0.00457
-1.26000 0.00461 0.00461
-1.25600 0.00464 0.00464
-1.25200 0.00467 0.00467
-1.24800 0.00471 0.00471
-1.24400 0.00474 0.00474
-1.24000 0.00478 0.00478
-1.23600 0.00481 0.00481
-1.23200 0.00485 0.00485
-1.22800 0.00488 0.00488
-1.22400 0.00492 0.00492
-1.22000 0.00496 0.00496
-1.21600 0.00500 0.00500
-1.21200 0.00504 0.00504
-1.20800 0.00508 0.00508
-1.20400 0.00512 0.00512
-1.20000 0.00516 0.00516
-1.19600 0.00520 0.00520
-1.19200 0.00524 0.00524
-1.18800 0.00528 0.00528
-1.18400 0.00532 0.00532
-1.18000 0.00537 0.00537
-1.17600 0.00541 0.00541
-1.17200 0.00545 0.00545
-1.16800 0.00550 0.00550
-1.16400 0.00555 0.00555
-1.16000 0.00559 0.00559
-1.15600 0.00564 0.00564
-1.15200 0.00569 0.00569
-1.14800 0.00574 0.00574
-1.14400 0.00579 0.00579
-1.14000 0.00584 0.00584
-1.13600 0.00589 0.00589
-1.13200 0.00594 0.00594
-1.12800 0.00599 0.00599
-1.12400 0.00604 0.00604
-1.12000 0.00609 0.00609
-1.11600 0.00614 0.00614
-1.11200 0.00620 0.00620
-1.10800 0.00626 0.00626
-1.10400 0.00631 0.00631
-1.10000 0.00637 0.00637
-1.09600 0.00643 0.00643
-1.09200 0.00649 0.00649
-1.08800 0.00655 0.00655
-1.08400 0.00661 0.00661
-1.08000 0.00667 0.00667
-1.07600 0.00673 0.00673
-1.07200 0.00680 0.00680
-1.06800 0.00687 0.00687
-1.06400 0.00693 0.00693
-1.06000 0.00701 0.00701
-1.05600 0.00708 0.00708
-1.05200 0.00716 0.00716
-1.04800 0.00724 0.00724
-1.04400 0.00732 0.00732
-1.04000 0.00740 0.00740
-1.03600 0.00749 0.00749
-1.03200 0.00758 0.00758
-1.02800 0.00767 0.00767
-1.02400 0.00776 0.00776
-1.02000 0.00786 0.00786
-1.01600 0.00796 0.00796
-1.01200 0.00808 0.00808
-1.00800 0.00820 0.00820
-1.00400 0.00834 0.00834
-1.00000 0.00850 0.00850
-0.99600 0.00867 0.00867
-0.99200 0.00887 0.00887
-0.98800 0.00909 0.00909
-0.98400 0.00932 0.00932
-0.98000 0.00955 0.00955
-0.97600 0.00972 0.00972
-0.97200 0.00984 0.00984
-0.96800 0.00989 0.00989
-0.96400 0.00992 0.00992
-0.96000 0.00996 0.00996
-0.95600 0.01002 0.01002
-0.95200 0.01012 0.01012
-0.94800 0.01026 0.01026
-0.94400 0.01045 0.01045
-0.94000 0.01069 0.01069
-0.93600 0.01099 0.01099
-0.93200 0.01134 0.01134
-0.92800 0.01175 0.01175
-0.92400 0.01218 0.01218
-0.92000 0.01257 0.01257
-0.91600 0.01284 0.01284
-0.91200 0.01294 0.01294
-0.90800 0.01292 0.01292
-0.90400 0.01283 0.01283
-0.90000 0.01276 0.01276
-0.89600 0.01272 0.01272
-0.89200 0.01271 0.01271
-0.88800 0.01272 0.01272
-0.88400 0.01276 0.01276
-0.88000 0.01284 0.01284
-0.87600 0.01297 0.01297
-0.87200 0.01315 0.01315
-0.86800 0.01341 0.01341
-0.86400 0.01373 0.01373
-0.86000 0.01414 0.01414
-0.85600 0.01465 0.01465
-0.85200 0.01526 0.01526
-0.84800 0.01597 0.01597
-0.84400 0.01673 0.01673
-0.84000 0.01745 0.01745
-0.83600 0.01804 0.01804
-0.83200 0.01843 0.01843
-0.82800 0.01866 0.01866
-0.82400 0.01880 0.01880
-0.82000 0.01887 0.01887
-0.81600 0.01879 0.01879
-0.81200 0.01857 0.01857
-0.80800 0.01825 0.01825
-0.80400 0.01794 0.01794
-0.80000 0.01769 0.01769
-0.79600 0.01755 0.01755
-0.79200 0.01753 0.01753
-0.78800 0.01761 0.01761
-0.78400 0.01779 0.01779
-0.78000 0.01806 0.01806
-0.77600 0.01844 0.01844
-0.77200 0.01892 0.01892
-0.76800 0.01951 0.01951
-0.76400 0.02023 0.02023
-0.76000 0.02106 0.02106
-0.75600 0.02196 0.02196
-0.75200 0.02284 0.02284
-0.74800 0.02358 0.02358
-0.74400 0.02412 0.02412
-0.74000 0.02456 0.02456
-0.73600 0.02504 0.02504
-0.73200 0.02570 0.02570
-0.72800 0.02665 0.02665
-0.72400 0.02789 0.02789
-0.72000 0.02935 0.02935
-0.71600 0.03083 0.03083
-0.71200 0.03196 0.03196
-0.70800 0.03240 0.03240
-0.70400 0.03207 0.03207
-0.70000 0.03123 0.03123
-0.69600 0.03025 0.03025
-0.69200 0.02941 0.02941
-0.68800 0.02882 0.02882
-0.68400 0.02850 0.02850
-0.68000 0.02844 0.02844
-0.67600 0.02862 0.02862
-0.67200 0.02901 0.02901
-0.66800 0.02960 0.02960
-0.66400 0.03036 0.03036
-0.66000 0.03126 0.03126
-0.65600 0.03229 0.03229
-0.65200 0.03346 0.03346
-0.64800 0.03482 0.03482
-0.64400 0.03634 0.03634
-0.64000 0.03791 0.03791
-0.63600 0.03929 0.03929
-0.63200 0.04024 0.04024
-0.62800 0.04072 0.04072
-0.62400 0.04096 0.04096
-0.62000 0.04125 0.04125
-0.61600 0.04183 0.04183
-0.61200 0.04284 0.04284
-0.60800 0.04436 0.04436
-0.60400 0.04645 0.04645
-0.60000 0.04917 0.04917
-0.59600 0.05248 0.05248
-0.59200 0.05624 0.05624
-0.58800 0.05997 0.05997
-0.58400 0.06291 0.06291
-0.58000 0.06432 0.06432
-0.57600 0.06406 0.06406
-0.57200 0.06271 0.06271
-0.56800 0.06113 0.06113
-0.56400 0.05991 0.05991
-0.56000 0.05935 0.05935
-0.55600 0.05950 0.05950
-0.55200 0.06031 0.06031
-0.54800 0.06166 0.06166
-0.54400 0.06340 0.06340
-0.54000 0.06545 0.06545
-0.53600 0.06786 0.06786
-0.53200 0.07077 0.07077
-0.52800 0.07427 0.07427
-0.52400 0.07823 0.07823
-0.52000 0.08215 0.08215
-0.51600 0.08532 0.08532
-0.51200 0.08716 0.08716
-0.50800 0.08776 0.08776
-0.50400 0.08779 0.08779
-0.50000 0.08802 0.08802
-0.49600 0.08894 0.08894
-0.49200 0.09082 0.09082
-0.48800 0.09376 0.09376
-0.48400 0.09783 0.09783
-0.48000 0.10312 0.10312
-0.47600 0.10969 0.10969
-0.47200 0.11756 0.11756
-0.46800 0.12662 0.12662
-0.46400 0.13662 0.13662
-0.46000 0.14743 0.14743
-0.45600 0.15901 0.15901
-0.45200 0.17106 0.17106
-0.44800 0.18236 0.18236
-0.44400 0.19077 0.19077
-0.44000 0.19476 0.19476
-0.43600 0.19488 0.19488
-0.43200 0.19347 0.19347
-0.42800 0.19304 0.19304
-0.42400 0.19521 0.19521
-0.42000 0.20076 0.20076
-0.41600 0.21000 0.21000
-0.41200 0.22286 0.22286
-0.40800 0.23877 0.23877
-0.40400 0.25619 0.25619
-0.40000 0.27248 0.27248
-0.39600 0.28486 0.28486
-0.39200 0.29246 0.29246
-0.38800 0.29715 0.29715
-0.38400 0.30201 0.30201
-0.38000 0.30945 0.30945
-0.37600 0.32069 0.32069
-0.37200 0.33634 0.33634
-0.36800 0.35704 0.35704
-0.36400 0.38369 0.38369
-0.36000 0.41746 0.41746
-0.35600 0.45980 0.45980
-0.35200 0.51249 0.51249
-0.34800 0.57767 0.57767
-0.34400 0.65755 0.65755
-0.34000 0.75378 0.75378
-0.33600 0.86618 0.86618
-0.33200 0.99124 0.99124
-0.32800 1.12052 1.12052
-0.32400 1.24008 1.24008
-0.32000 1.33510 1.33510
-0.31600 1.40206 1.40206
-0.31200 1.45612 1.45612
-0.30800 1.52205 1.52205
-0.30400 1.61891 1.61891
-0.30000 1.75109 1.75109
-0.29600 1.90605 1.90605
-0.29200 2.05893 2.05893
-0.28800 2.18996 2.18996
-0.28400 2.30596 2.30596
-0.28000 2.44159 2.44159
-0.27600 2.63924 2.63924
-0.27200 2.93086 2.93086
-0.26800 3.32891 3.32891
-0.26400 3.81557 3.81557
-0.26000 4.32474 4.32474
-0.25600 4.73282 4.73282
-0.25200 4.89424 4.89424
-0.24800 4.73071 4.73071
-0.24400 4.29580 4.29580
-0.24000 3.73047 3.73047
-0.23600 3.16530 3.16530
-0.23200 2.67221 2.67221
-0.22800 2.27346 2.27346
-0.22400 1.96619 1.96619
-0.22000 1.73921 1.73921
-0.21600 1.58023 1.58023
-0.21200 1.47733 1.47733
-0.20800 1.41789 1.41789
-0.20400 1.38737 1.38737
-0.20000 1.37115 1.37115
-0.19600 1.35906 1.35906
-0.19200 1.34534 1.34534
-0.18800 1.32143 1.32143
-0.18400 1.27274 1.27274
-0.18000 1.18872 1.18872
-0.17600 1.07479 1.07479
-0.17200 0.94928 0.94928
-0.16800 0.83002 0.83002
-0.16400 0.72676 0.72676
-0.16000 0.64211 0.64211
-0.15600 0.57492 0.57492
-0.15200 0.52290 0.52290
-0.14800 0.48383 0.48383
-0.14400 0.45593 0.45593
-0.14000 0.43796 0.43796
-0.13600 0.42905 0.42905
-0.13200 0.42839 0.42839
-0.12800 0.43495 0.43495
-0.12400 0.44687 0.44687
-0.12000 0.46056 0.46056
-0.11600 0.47002 0.47002
-0.11200 0.46823 0.46823
-0.10800 0.45143 0.45143
-0.10400 0.42239 0.42239
-0.10000 0.38828 0.38828
-0.09600 0.35581 0.35581
-0.09200 0.32875 0.32875
-0.08800 0.30841 0.30841
-0.08400 0.29484 0.29484
-0.08000 0.28776 0.28776
-0.07600 0.28690 0.28690
-0.07200 0.29203 0.29203
-0.06800 0.30264 0.30264
-0.06400 0.31726 0.31726
-0.06000 0.33265 0.33265
-0.05600 0.34388 0.34388
-0.05200 0.34667 0.34667
-0.04800 0.34065 0.34065
-0.04400 0.32981 0.32981
-0.04000 0.31959 0.31959
-0.03600 0.31414 0.31414
-0.03200 0.31585 0.31585
-0.02800 0.32605 0.32605
-0.02400 0.34569 0.34569
-0.02000 0.37552 0.37552
-0.01600 0.41549 0.41549
-0.01200 0.46328 0.46328
-0.00800 0.51224 0.51224
-0.00400 0.55058 0.55058
0.00000 0.56532 0.56532
0.00400 0.55058 0.55058
0.00800 0.51224 0.51224
0.01200 0.46327 0.46327
0.01600 0.41548 0.41548
0.02000 0.37552 0.37552
0.02400 0.34568 0.34568
0.02800 0.32604 0.32604
0.03200 0.31584 0.31584
0.03600 0.31413 0.31413
0.04000 0.31958 0.31958
0.04400 0.32980 0.32980
0.04800 0.34064 0.34064
0.05200 0.34666 0.34666
0.05600 0.34385 0.34385
0.06000 0.33261 0.33261
0.06400 0.31721 0.31721
0.06800 0.30259 0.30259
0.07200 0.29199 0.29199
0.07600 0.28686 0.28686
0.08000 0.28772 0.28772
0.08400 0.29481 0.29481
0.08800 0.30837 0.30837
0.09200 0.32872 0.32872
0.09600 0.35579 0.35579
0.10000 0.38826 0.38826
0.10400 0.42236 0.42236
0.10800 0.45139 0.45139
0.11200 0.46817 0.46817
0.11600 0.46993 0.46993
0.12000 0.46044 0.46044
0.12400 0.44672 0.44672
0.12800 0.43478 0.43478
0.13200 0.42821 0.42821
0.13600 0.42886 0.42886
0.14000 0.43776 0.43776
0.14400 0.45570 0.45570
0.14800 0.48356 0.48356
0.15200 0.52259 0.52259
0.15600 0.57453 0.57453
0.16000 0.64162 0.64162
0.16400 0.72617 0.72617
0.16800 0.82929 0.82929
0.17200 0.94845 0.94845
0.17600 1.07393 1.07393
0.18000 1.18799 1.18799
0.18400 1.27232 1.27232
0.18800 1.32149 1.32149
0.19200 1.34609 1.34609
0.19600 1.36064 1.36064
0.20000 1.37352 1.37352
0.20400 1.39020 1.39020
0.20800 1.42072 1.42072
0.21200 1.47980 1.47980
0.21600 1.58218 1.58218
0.22000 1.74063 1.74063
0.22400 1.96717 1.96717
0.22800 2.27414 2.27414
0.23200 2.67270 2.67270
0.23600 3.16547 3.16547
0.24000 3.72957 3.72957
0.24400 4.29235 4.29235
0.24800 4.72336 4.72336
0.25200 4.88374 4.88374
0.25600 4.72264 4.72264
0.26000 4.31825 4.31825
0.26400 3.81333 3.81333
0.26800 3.32942 3.32942
0.27200 2.93245 2.93245
0.27600 2.64092 2.64092
0.28000 2.44294 2.44294
0.28400 2.30686 2.30686
0.28800 2.19049 2.19049
0.29200 2.05928 2.05928
0.29600 1.90654 1.90654
0.30000 1.75200 1.75200
0.30400 1.62040 1.62040
0.30800 1.52410 1.52410
0.31200 1.45847 1.45847
0.31600 1.40423 1.40423
0.32000 1.33660 1.33660
0.32400 1.24073 1.24073
0.32800 1.12051 1.12051
0.33200 0.99085 0.99085
0.33600 0.86565 0.86565
0.34000 0.75324 0.75324
0.34400 0.65709 0.65709
0.34800 0.57730 0.57730
0.35200 0.51222 0.51222
0.35600 0.45962 0.45962
0.36000 0.41735 0.41735
0.36400 0.38362 0.38362
0.36800 0.35697 0.35697
0.37200 0.33623 0.33623
0.37600 0.32052 0.32052
0.38000 0.30926 0.30926
0.38400 0.30187 0.30187
0.38800 0.29708 0.29708
0.39200 0.29245 0.29245
0.39600 0.28485 0.28485
0.40000 0.27242 0.27242
0.40400 0.25608 0.25608
0.40800 0.23862 0.23862
0.41200 0.22269 0.22269
0.41600 0.20981 0.20981
0.42000 0.20056 0.20056
0.42400 0.19497 0.19497
0.42800 0.19277 0.19277
0.43200 0.19318 0.19318
0.43600 0.19459 0.19459
0.44000 0.19451 0.19451
0.44400 0.19059 0.19059
0.44800 0.18226 0.18226
0.45200 0.17104 0.17104
0.45600 0.15902 0.15902
0.46000 0.14744 0.14744
0.46400 0.13662 0.13662
0.46800 0.12658 0.12658
0.47200 0.11751 0.11751
0.47600 0.10962 0.10962
0.48000 0.10304 0.10304
0.48400 0.09775 0.09775
0.48800 0.09367 0.09367
0.49200 0.09073 0.09073
0.49600 0.08884 0.08884
0.50000 0.08790 0.08790
0.50400 0.08766 0.08766
0.50800 0.08762 0.08762
0.51200 0.08700 0.08700
0.51600 0.08512 0.08512
0.52000 0.08187 0.08187
0.52400 0.07782 0.07782
0.52800 0.07372 0.07372
0.53200 0.07009 0.07009
0.53600 0.06715 0.06715
0.54000 0.06492 0.06492
0.54400 0.06327 0.06327
0.54800 0.06204 0.06204
0.55200 0.06113 0.06113
0.55600 0.06055 0.06055
0.56000 0.06044 0.06044
0.56400 0.06093 0.06093
0.56800 0.06202 0.06202
0.57200 0.06340 0.06340
0.57600 0.06444 0.06444
0.58000 0.06431 0.06431
0.58400 0.06254 0.06254
0.58800 0.05939 0.05939
0.59200 0.05565 0.05565
0.59600 0.05200 0.05200
0.60000 0.04885 0.04885
0.60400 0.04633 0.04633
0.60800 0.04441 0.04441
0.61200 0.04306 0.04306
0.61600 0.04217 0.04217
0.62000 0.04160 0.04160
0.62400 0.04116 0.04116
0.62800 0.04061 0.04061
0.63200 0.03982 0.03982
0.63600 0.03883 0.03883
0.64000 0.03771 0.03771
0.64400 0.03651 0.03651
0.64800 0.03521 0.03521
0.65200 0.03384 0.03384
0.65600 0.03251 0.03251
0.66000 0.03130 0.03130
0.66400 0.03029 0.03029
0.66800 0.02949 0.02949
0.67200 0.02890 0.02890
0.67600 0.02853 0.02853
0.68000 0.02837 0.02837
0.68400 0.02845 0.02845
0.68800 0.02879 0.02879
0.69200 0.02940 0.02940
0.69600 0.03026 0.03026
0.70000 0.03123 0.03123
0.70400 0.03205 0.03205
0.70800 0.03235 0.03235
0.71200 0.03188 0.03188
0.71600 0.03074 0.03074
0.72000 0.02928 0.02928
0.72400 0.02785 0.02785
0.72800 0.02664 0.02664
0.73200 0.02574 0.02574
0.73600 0.02510 0.02510
0.74000 0.02464 0.02464
0.74400 0.02418 0.02418
0.74800 0.02359 0.02359
0.75200 0.02281 0.02281
0.75600 0.02190 0.02190
0.76000 0.02100 0.02100
0.76400 0.02017 0.02017
0.76800 0.01946 0.01946
0.77200 0.01888 0.01888
0.77600 0.01841 0.01841
0.78000 0.01804 0.01804
0.78400 0.01778 0.01778
0.78800 0.01761 0.01761
0.79200 0.01753 0.01753
0.79600 0.01756 0.01756
0.80000 0.01769 0.01769
0.80400 0.01790 0.01790
0.80800 0.01816 0.01816
0.81200 0.01840 0.01840
0.81600 0.01859 0.01859
0.82000 0.01874 0.01874
0.82400 0.01885 0.01885
0.82800 0.01886 0.01886
0.83200 0.01866 0.01866
0.83600 0.01817 0.01817
0.84000 0.01744 0.01744
0.84400 0.01663 0.01663
0.84800 0.01584 0.01584
0.85200 0.01515 0.01515
0.85600 0.01458 0.01458
0.86000 0.01413 0.01413
0.86400 0.01376 0.01376
0.86800 0.01348 0.01348
0.87200 0.01327 0.01327
0.87600 0.01310 0.01310
0.88000 0.01296 0.01296
0.88400 0.01283 0.01283
0.88800 0.01273 0.01273
0.89200 0.01267 0.01267
0.89600 0.01267 0.01267
0.90000 0.01273 0.01273
0.90400 0.01285 0.01285
0.90800 0.01296 0.01296
0.91200 0.01299 0.01299
0.91600 0.01286 0.01286
0.92000 0.01257 0.01257
0.92400 0.01216 0.01216
0.92800 0.01172 0.01172
0.93200 0.01131 0.01131
0.93600 0.01096 0.01096
0.94000 0.01067 0.01067
0.94400 0.01043 0.01043
0.94800 0.01025 0.01025
0.95200 0.01011 0.01011
0.95600 0.01002 0.01002
0.96000 0.00996 0.00996
0.96400 0.00993 0.00993
0.96800 0.00990 0.00990
0.97200 0.00984 0.00984
0.97600 0.00972 0.00972
0.98000 0.00954 0.00954
0.98400 0.00932 0.00932
0.98800 0.00908 0.00908
0.99200 0.00887 0.00887
0.99600 0.00867 0.00867
1.00000 0.00849 0.00849
1.00400 0.00834 0.00834
1.00800 0.00820 0.00820
1.01200 0.00808 0.00808
1.01600 0.00797 0.00797
1.02000 0.00786 0.00786
1.02400 0.00776 0.00776
1.02800 0.00767 0.00767
1.03200 0.00758 0.00758
1.03600 0.00749 0.00749
1.04000 0.00740 0.00740
1.04400 0.00731 0.00731
1.04800 0.00723 0.00723
1.05200 0.00715 0.00715
1.05600 0.00708 0.00708
1.06000 0.00701 0.00701
1.06400 0.00694 0.00694
1.06800 0.00687 0.00687
1.07200 0.00680 0.00680
1.07600 0.00674 0.00674
1.08000 0.00667 0.00667
1.08400 0.00661 0.00661
1.08800 0.00655 0.00655
1.09200 0.00649 0.00649
1.09600 0.00643 0.00643
1.10000 0.00637 0.00637
1.10400 0.00631 0.00631
1.10800 0.00625 0.00625
1.11200 0.00620 0.00620
1.11600 0.00614 0.00614
1.12000 0.00609 0.00609
1.12400 0.00604 0.00604
1.12800 0.00599 0.00599
1.13200 0.00594 0.00594
1.13600 0.00589 0.00589
1.14000 0.00584 0.00584
1.14400 0.00579 0.00579
1.14800 0.00574 0.00574
1.15200 0.00569 0.00569
1.15600 0.00564 0.00564
1.16000 0.00559 0.00559
1.16400 0.00554 0.00554
1.16800 0.00550 0.00550
1.17200 0.00545 0.00545
1.17600 0.00541 0.00541
1.18000 0.00537 0.00537
1.18400 0.00533 0.00533
1.18800 0.00528 0.00528
1.19200 0.00524 0.00524
1.19600 0.00520 0.00520
1.20000 0.00516 0.00516
1.20400 0.00512 0.00512
1.20800 0.00508 0.00508
1.21200 0.00504 0.00504
1.21600 0.00500 0.00500
1.22000 0.00496 0.00496
1.22400 0.00492 0.00492
1.22800 0.00488 0.00488
1.23200 0.00485 0.00485
1.23600 0.00481 0.00481
1.24000 0.00478 0.00478
1.24400 0.00474 0.00474
1.24800 0.00471 0.00471
1.25200 0.00467 0.00467
1.25600 0.00464 0.00464
1.26000 0.00460 0.00460
1.26400 0.00457 0.00457
1.26800 0.00454 0.00454
1.27200 0.00450 0.00450
1.27600 0.00447 0.00447
1.28000 0.00444 0.00444
1.28400 0.00441 0.00441
1.28800 0.00437 0.00437
1.29200 0.00434 0.00434
1.29600 0.00431 0.00431
1.30000 0.00428 0.00428
1.30400 0.00426 0.00426
1.30800 0.00423 0.00423
1.31200 0.00420 0.00420
1.31600 0.00417 0.00417
1.32000 0.00414 0.00414
1.32400 0.00411 0.00411
1.32800 0.00408 0.00408
1.33200 0.00405 0.00405
1.33600 0.00402 0.00402
1.34000 0.00400 0.00400
1.34400 0.00397 0.00397
1.34800 0.00394 0.00394
1.35200 0.00392 0.00392
1.35600 0.00389 0.00389
1.36000 0.00387 0.00387
1.36400 0.00384 0.00384
1.36800 0.00382 0.00382
1.37200 0.00380 0.00380
1.37600 0.00377 0.00377
1.38000 0.00375 0.00375
1.38400 0.00372 0.00372
1.38800 0.00370 0.00370
1.39200 0.00367 0.00367
1.39600 0.00365 0.00365
1.40000 0.00362 0.00362
1.40400 0.00360 0.00360
1.40800 0.00358 0.00358
1.41200 0.00356 0.00356
1.41600 0.00353 0.00353
1.42000 0.00351 0.00351
1.42400 0.00349 0.00349
1.42800 0.00347 0.00347
1.43200 0.00345 0.00345
1.43600 0.00342 0.00342
1.44000 0.00340 0.00340
1.44400 0.00338 0.00338
1.44800 0.00336 0.00336
1.45200 0.00334 0.00334
1.45600 0.00332 0.00332
1.46000 0.00330 0.00330
1.46400 0.00328 0.00328
1.46800 0.00326 0.00326
1.47200 0.00324 0.00324
1.47600 0.00322 0.00322
1.48000 0.00320 0.00320
1.48400 0.00318 0.00318
1.48800 0.00316 0.00316
1.49200 0.00315 0.00315
1.49600 0.00313 0.00313
1.50000 0.00311 0.00311
1.50400 0.00309 0.00309
1.50800 0.00307 0.00307
1.51200 0.00305 0.00305
1.51600 0.00304 0.00304
1.52000 0.00302 0.00302
1.52400 0.00300 0.00300
1.52800 0.00298 0.00298
1.53200 0.00297 0.00297
1.53600 0.00295 0.00295
1.54000 0.00293 0.00293
1.54400 0.00292 0.00292
1.54800 0.00290 0.00290
1.55200 0.00288 0.00288
1.55600 0.00287 0.00287
1.56000 0.00285 0.00285
1.56400 0.00284 0.00284
1.56800 0.00282 0.00282
1.57200 0.00280 0.00280
1.57600 0.00279 0.00279
1.58000 0.00277 0.00277
1.58400 0.00276 0.00276
1.58800 0.00274 0.00274
1.59200 0.00273 0.00273
1.59600 0.00271 0.00271
1.60000 0.00270 0.00270
1.60400 0.00268 0.00268
1.60800 0.00267 0.00267
1.61200 0.00266 0.00266
1.61600 0.00264 0.00264
1.62000 0.00263 0.00263
1.62400 0.00261 0.00261
1.62800 0.00260 0.00260
1.63200 0.00259 0.00259
1.63600 0.00257 0.00257
1.64000 0.00256 0.00256
1.64400 0.00254 0.00254
1.64800 0.00253 0.00253
1.65200 0.00252 0.00252
1.65600 0.00251 0.00251
1.66000 0.00249 0.00249
1.66400 0.00248 0.00248
1.66800 0.00247 0.00247
1.67200 0.00245 0.00245
1.67600 0.00244 0.00244
1.68000 0.00243 0.00243
1.68400 0.00242 0.00242
1.68800 0.00240 0.00240
1.69200 0.00239 0.00239
1.69600 0.00238 0.00238
1.70000 0.00237 0.00237
1.70400 0.00236 0.00236
1.70800 0.00234 0.00234
1.71200 0.00233 0.00233
1.71600 0.00232 0.00232
1.72000 0.00231 0.00231
1.72400 0.00230 0.00230
1.72800 0.00229 0.00229
1.73200 0.00228 0.00228
1.73600 0.00226 0.00226
1.74000 0.00225 0.00225
1.74400 0.00224 0.00224
1.74800 0.00223 0.00223
1.75200 0.00222 0.00222
1.75600 0.00221 0.00221
1.76000 0.00220 0.00220
1.76400 0.00219 0.00219
1.76800 0.00218 0.00218
1.77200 0.00217 0.00217
1.77600 0.00216 0.00216
1.78000 0.00215 0.00215
1.78400 0.00214 0.00214
1.78800 0.00213 0.00213
1.79200 0.00212 0.00212
1.79600 0.00211 0.00211
1.80000 0.00210 0.00210
1.80400 0.00209 0.00209
1.80800 0.00208 0.00208
1.81200 0.00207 0.00207
1.81600 0.00206 0.00206
1.82000 0.00205 0.00205
1.82400 0.00204 0.00204
1.82800 0.00203 0.00203
1.83200 0.00202 0.00202
1.83600 0.00201 0.00201
1.84000 0.00200 0.00200
1.84400 0.00199 0.00199
1.84800 0.00198 0.00198
1.85200 0.00197 0.00197
1.85600 0.00196 0.00196
1.86000 0.00195 0.00195
1.86400 0.00195 0.00195
1.86800 0.00194 0.00194
1.87200 0.00193 0.00193
1.87600 0.00192 0.00192
1.88000 0.00191 0.00191
1.88400 0.00190 0.00190
1.88800 0.00189 0.00189
1.89200 0.00188 0.00188
1.89600 0.00188 0.00188
1.90000 0.00187 0.00187
1.90400 0.00186 0.00186
1.90800 0.00185 0.00185
1.91200 0.00184 0.00184
1.91600 0.00183 0.00183
1.92000 0.00183 0.00183
1.92400 0.00182 0.00182
1.92800 0.00181 0.00181
1.93200 0.00180 0.00180
1.93600 0.00179 0.00179
1.94000 0.00179 0.00179
1.94400 0.00178 0.00178
1.94800 0.00177 0.00177
1.95200 0.00176 0.00176
1.95600 0.00176 0.00176
1.96000 0.00175 0.00175
1.96400 0.00174 0.00174
1.96800 0.00173 0.00173
1.97200 0.00173 0.00173
1.97600 0.00172 0.00172
1.98000 0.00171 0.00171
1.98400 0.00170 0.00170
1.98800 0.00170 0.00170
1.99200 0.00169 0.00169
1.99600 0.00168 0.00168
2.00000 0.00168 0.00168
