-2.00000 0.00168 0.00168
-1.99600 0.00168 0.00168
-1.99200 0.00169 0.00169
-1.98800 0.00170 0.00170
-1.98400 0.00170 0.00170
-1.98000 0.00171 0.00171
-1.97600 0.00172 0.00172
-1.97200 0.00173 0.00173
-1.96800 0.00173 0.00173
-1.96400 0.00174 0.00174
-1.96000 0.00175 0.00175
-1.95600 0.00176 0.00176
-1.95200 0.00176 0.00176
-1.94800 0.00177 0.00177
-1.94400 0.00178 0.00178
-1.94000 0.00179 0.00179
-1.93600 0.00179 0.00179
-1.93200 0.00180 0.00180
-1.92800 0.00181 0.00181
-1.92400 0.00182 0.00182
-1.92000 0.00183 0.00183
-1.91600 0.00183 0.00183
-1.91200 0.00184 0.00184
-1.90800 0.00185 0.00185
-1.90400 0.00186 0.00186
-1.90000 0.00187 0.00187
-1.89600 0.00188 0.00188
-1.89200 0.00188 0.00188
-1.88800 0.00189 0.00189
-1.88400 0.00190 0.00190
-1.88000 0.00191 0.00191
-1.87600 0.00192 0.00192
-1.87200 0.00193 0.00193
-1.86800 0.00194 0.00194
-1.86400 0.00194 0.00194
-1.86000 0.00195 0.00195
-1.85600 0.00196 0.00196
-1.85200 0.00197 0.00197
-1.84800 0.00198 0.00198
-1.84400 0.00199 0.00199
-1.84000 0.00200 0.00200
-1.83600 0.00201 0.00201
-1.83200 0.00202 0.00202
-1.82800 0.00203 0.00203
-1.82400 0.00204 0.00204
-1.82000 0.00205 0.00205
-1.81600 0.00206 0.00206
-1.81200 0.00207 0.00207
-1.80800 0.00208 0.00208
-1.80400 0.00209 0.00209
-1.80000 0.00210 0.00210
-1.79600 0.00211 0.00211
-1.79200 0.00212 0.00212
-1.78800 0.00213 0.00213
-1.78400 0.00214 0.00214
-1.78000 0.00215 0.00215
-1.77600 0.00216 0.00216
-1.77200 0.00217 0.00217
-1.76800 0.00218 0.00218
-1.76400 0.00219 0.00219
-1.76000 0.00220 0.00220
-1.75600 0.00221 0.00221
-1.75200 0.00222 0.00222
-1.74800 0.00223 0.00223
-1.74400 0.00224 0.00224
-1.74000 0.00225 0.00225
-1.73600 0.00226 0.00226
-1.73200 0.00228 0.00228
-1.72800 0.00229 0.00229
-1.72400 0.00230 0.00230
-1.72000 0.00231 0.00231
-1.71600 0.00232 0.00232
-1.71200 0.00233 0.00233
-1.70800 0.00234 0.00234
-1.70400 0.00236 0.00236
-1.70000 0.00237 0.00237
-1.69600 0.00238 0.00238
-1.69200 0.00239 0.00239
-1.68800 0.00240 0.00240
-1.68400 0.00242 0.00242
-1.68000 0.00243 0.00243
-1.67600 0.00244 0.00244
-1.67200 0.00245 0.00245
-1.66800 0.00247 0.00247
-1.66400 0.00248 0.00248
-1.66000 0.00249 0.00249
-1.65600 0.00251 0.00251
-1.65200 0.00252 0.00252
-1.64800 0.00253 0.00253
-1.64400 0.00255 0.00255
-1.64000 0.00256 0.00256
-1.63600 0.00257 0.00257
-1.63200 0.00259 0.00259
-1.62800 0.00260 0.00260
-1.62400 0.00261 0.00261
-1.62000 0.00263 0.00263
-1.61600 0.00264 0.00264
-1.61200 0.00266 0.00266
-1.60800 0.00267 0.00267
-1.60400 0.00269 0.00269
-1.60000 0.00270 0.00270
-1.59600 0.00271 0.00271
-1.59200 0.00273 0.00273
-1.58800 0.00274 0.00274
-1.58400 0.00276 0.00276
-1.58000 0.00277 0.00277
-1.57600 0.00279 0.00279
-1.57200 0.00281 0.00281
-1.56800 0.00282 0.00282
-1.56400 0.00284 0.00284
-1.56000 0.00285 0.00285
-1.55600 0.00287 0.00287
-1.55200 0.00289 0.00289
-1.54800 0.00290 0.00290
-1.54400 0.00292 0.00292
-1.54000 0.00293 0.00293
-1.53600 0.00295 0.00295
-1.53200 0.00297 0.00297
-1.52800 0.00298 0.00298
-1.52400 0.00300 0.00300
-1.52000 0.00302 0.00302
-1.51600 0.00304 0.00304
-1.51200 0.00305 0.00305
-1.50800 0.00307 0.00307
-1.50400 0.00309 0.00309
-1.50000 0.00311 0.00311
-1.49600 0.00313 0.00313
-1.49200 0.00315 0.00315
-1.48800 0.00317 0.00317
-1.48400 0.00318 0.00318
-1.48000 0.00320 0.00320
-1.47600 0.00322 0.00322
-1.47200 0.00324 0.00324
-1.46800 0.00326 0.00326
-1.46400 0.00328 0.00328
-1.46000 0.00330 0.00330
-1.45600 0.00332 0.00332
-1.45200 0.00334 0.00334
-1.44800 0.00336 0.00336
-1.44400 0.00338 0.00338
-1.44000 0.00340 0.00340
-1.43600 0.00342 0.00342
-1.43200 0.00344 0.00344
-1.42800 0.00347 0.00347
-1.42400 0.00349 0.00349
-1.42000 0.00351 0.00351
-1.41600 0.00353 0.00353
-1.41200 0.00355 0.00355
-1.40800 0.00358 0.00358
-1.40400 0.00360 0.00360
-1.40000 0.00362 0.00362
-1.39600 0.00364 0.00364
-1.39200 0.00367 0.00367
-1.38800 0.00369 0.00369
-1.38400 0.00372 0.00372
-1.38000 0.00374 0.00374
-1.37600 0.00377 0.00377
-1.37200 0.00379 0.00379
-1.36800 0.00382 0.00382
-1.36400 0.00384 0.00384
-1.36000 0.00387 0.00387
-1.35600 0.00389 0.00389
-1.35200 0.00392 0.00392
-1.34800 0.00395 0.00395
-1.34400 0.00397 0.00397
-1.34000 0.00400 0.00400
-1.33600 0.00402 0.00402
-1.33200 0.00405 0.00405
-1.32800 0.00408 0.00408
-1.32400 0.00411 0.00411
-1.32000 0.00414 0.00414
-1.31600 0.00416 0.00416
-1.31200 0.00419 0.00419
-1.30800 0.00422 0.00422
-1.30400 0.00425 0.00425
-1.30000 0.00428 0.00428
-1.29600 0.00432 0.00432
-1.29200 0.00435 0.00435
-1.28800 0.00438 0.00438
-1.28400 0.00441 0.00441
-1.28000 0.00444 0.00444
-1.27600 0.00447 0.00447
-1.27200 0.00450 0.00450
-1.26800 0.00453 0.00453
-1.26400 0.00457 0.00457
-1.26000 0.00460 0.00460
-1.25600 0.00464 0.00464
-1.25200 0.00467 0.00467
-1.24800 0.00471 0.00471
-1.24400 0.00474 0.00474
-1.24000 0.00478 0.00478
-1.23600 0.00482 0.00482
-1.23200 0.00485 0.00485
-1.22800 0.00489 0.00489
-1.22400 0.00493 0.00493
-1.22000 0.00496 0.00496
-1.21600 0.00500 0.00500
-1.21200 0.00504 0.00504
-1.20800 0.00508 0.00508
-1.20400 0.00512 0.00512
-1.20000 0.00516 0.00516
-1.19600 0.00520 0.00520
-1.19200 0.00524 0.00524
-1.18800 0.00529 0.00529
-1.18400 0.00533 0.00533
-1.18000 0.00538 0.00538
-1.17600 0.00542 0.00542
-1.17200 0.00547 0.00547
-1.16800 0.00551 0.00551
-1.16400 0.00556 0.00556
-1.16000 0.00560 0.00560
-1.15600 0.00564 0.00564
-1.15200 0.00569 0.00569
-1.14800 0.00574 0.00574
-1.14400 0.00578 0.00578
-1.14000 0.00583 0.00583
-1.13600 0.00588 0.00588
-1.13200 0.00594 0.00594
-1.12800 0.00599 0.00599
-1.12400 0.00604 0.00604
-1.12000 0.00610 0.00610
-1.11600 0.00615 0.00615
-1.11200 0.00621 0.00621
-1.10800 0.00626 0.00626
-1.10400 0.00631 0.00631
-1.10000 0.00637 0.00637
-1.09600 0.00643 0.00643
-1.09200 0.00648 0.00648
-1.08800 0.00654 0.00654
-1.08400 0.00661 0.00661
-1.08000 0.00667 0.00667
-1.07600 0.00673 0.00673
-1.07200 0.00680 0.00680
-1.06800 0.00687 0.00687
-1.06400 0.00694 0.00694
-1.06000 0.00702 0.00702
-1.05600 0.00709 0.00709
-1.05200 0.00717 0.00717
-1.04800 0.00725 0.00725
-1.04400 0.00733 0.00733
-1.04000 0.00741 0.00741
-1.03600 0.00749 0.00749
-1.03200 0.00757 0.00757
-1.02800 0.00766 0.00766
-1.02400 0.00775 0.00775
-1.02000 0.00785 0.00785
-1.01600 0.00796 0.00796
-1.01200 0.00808 0.00808
-1.00800 0.00821 0.00821
-1.00400 0.00836 0.00836
-1.00000 0.00852 0.00852
-0.99600 0.00869 0.00869
-0.99200 0.00889 0.00889
-0.98800 0.00908 0.00908
-0.98400 0.00926 0.00926
-0.98000 0.00940 0.00940
-0.97600 0.00951 0.00951
-0.97200 0.00959 0.00959
-0.96800 0.00967 0.00967
-0.96400 0.00978 0.00978
-0.96000 0.00992 0.00992
-0.95600 0.01011 0.01011
-0.95200 0.01035 0.01035
-0.94800 0.01063 0.01063
-0.94400 0.01094 0.01094
-0.94000 0.01125 0.01125
-0.93600 0.01151 0.01151
-0.93200 0.01165 0.01165
-0.92800 0.01169 0.01169
-0.92400 0.01166 0.01166
-0.92000 0.01163 0.01163
-0.91600 0.01163 0.01163
-0.91200 0.01168 0.01168
-0.90800 0.01179 0.01179
-0.90400 0.01197 0.01197
-0.90000 0.01222 0.01222
-0.89600 0.01255 0.01255
-0.89200 0.01295 0.01295
-0.88800 0.01344 0.01344
-0.88400 0.01400 0.01400
-0.88000 0.01456 0.01456
-0.87600 0.01504 0.01504
-0.87200 0.01531 0.01531
-0.86800 0.01535 0.01535
-0.86400 0.01521 0.01521
-0.86000 0.01503 0.01503
-0.85600 0.01488 0.01488
-0.85200 0.01482 0.01482
-0.84800 0.01486 0.01486
-0.84400 0.01499 0.01499
-0.84000 0.01519 0.01519
-0.83600 0.01542 0.01542
-0.83200 0.01564 0.01564
-0.82800 0.01585 0.01585
-0.82400 0.01607 0.01607
-0.82000 0.01634 0.01634
-0.81600 0.01672 0.01672
-0.81200 0.01722 0.01722
-0.80800 0.01786 0.01786
-0.80400 0.01867 0.01867
-0.80000 0.01963 0.01963
-0.79600 0.02067 0.02067
-0.79200 0.02165 0.02165
-0.78800 0.02233 0.02233
-0.78400 0.02254 0.02254
-0.78000 0.02230 0.02230
-0.77600 0.02182 0.02182
-0.77200 0.02131 0.02131
-0.76800 0.02091 0.02091
-0.76400 0.02069 0.02069
-0.76000 0.02065 0.02065
-0.75600 0.02079 0.02079
-0.75200 0.02108 0.02108
-0.74800 0.02149 0.02149
-0.74400 0.02198 0.02198
-0.74000 0.02246 0.02246
-0.73600 0.02289 0.02289
-0.73200 0.02328 0.02328
-0.72800 0.02368 0.02368
-0.72400 0.02419 0.02419
-0.72000 0.02487 0.02487
-0.71600 0.02577 0.02577
-0.71200 0.02689 0.02689
-0.70800 0.02818 0.02818
-0.70400 0.02953 0.02953
-0.70000 0.03074 0.03074
-0.69600 0.03163 0.03163
-0.69200 0.03224 0.03224
-0.68800 0.03275 0.03275
-0.68400 0.03335 0.03335
-0.68000 0.03408 0.03408
-0.67600 0.03477 0.03477
-0.67200 0.03517 0.03517
-0.66800 0.03511 0.03511
-0.66400 0.03468 0.03468
-0.66000 0.03414 0.03414
-0.65600 0.03371 0.03371
-0.65200 0.03353 0.03353
-0.64800 0.03365 0.03365
-0.64400 0.03407 0.03407
-0.64000 0.03481 0.03481
-0.63600 0.03587 0.03587
-0.63200 0.03724 0.03724
-0.62800 0.03890 0.03890
-0.62400 0.04076 0.04076
-0.62000 0.04257 0.04257
-0.61600 0.04405 0.04405
-0.61200 0.04500 0.04500
-0.60800 0.04550 0.04550
-0.60400 0.04587 0.04587
-0.60000 0.04644 0.04644
-0.59600 0.04745 0.04745
-0.59200 0.04903 0.04903
-0.58800 0.05126 0.05126
-0.58400 0.05415 0.05415
-0.58000 0.05764 0.05764
-0.57600 0.06141 0.06141
-0.57200 0.06485 0.06485
-0.56800 0.06717 0.06717
-0.56400 0.06786 0.06786
-0.56000 0.06719 0.06719
-0.55600 0.06592 0.06592
-0.55200 0.06481 0.06481
-0.54800 0.06430 0.06430
-0.54400 0.06458 0.06458
-0.54000 0.06570 0.06570
-0.53600 0.06763 0.06763
-0.53200 0.07031 0.07031
-0.52800 0.07358 0.07358
-0.52400 0.07708 0.07708
-0.52000 0.08028 0.08028
-0.51600 0.08278 0.08278
-0.51200 0.08460 0.08460
-0.50800 0.08610 0.08610
-0.50400 0.08767 0.08767
-0.50000 0.08943 0.08943
-0.49600 0.09136 0.09136
-0.49200 0.09360 0.09360
-0.48800 0.09646 0.09646
-0.48400 0.10029 0.10029
-0.48000 0.10539 0.10539
-0.47600 0.11200 0.11200
-0.47200 0.12030 0.12030
-0.46800 0.13029 0.13029
-0.46400 0.14156 0.14156
-0.46000 0.15296 0.15296
-0.45600 0.16254 0.16254
-0.45200 0.16848 0.16848
-0.44800 0.17055 0.17055
-0.44400 0.17041 0.17041
-0.44000 0.17035 0.17035
-0.43600 0.17209 0.17209
-0.43200 0.17653 0.17653
-0.42800 0.18402 0.18402
-0.42400 0.19446 0.19446
-0.42000 0.20722 0.20722
-0.41600 0.22081 0.22081
-0.41200 0.23296 0.23296
-0.40800 0.24173 0.24173
-0.40400 0.24706 0.24706
-0.40000 0.25092 0.25092
-0.39600 0.25586 0.25586
-0.39200 0.26373 0.26373
-0.38800 0.27550 0.27550
-0.38400 0.29162 0.29162
-0.38000 0.31225 0.31225
-0.37600 0.33758 0.33758
-0.37200 0.36822 0.36822
-0.36800 0.40543 0.40543
-0.36400 0.45089 0.45089
-0.36000 0.50598 0.50598
-0.35600 0.57051 0.57051
-0.35200 0.64112 0.64112
-0.34800 0.71015 0.71015
-0.34400 0.76810 0.76810
-0.34000 0.81083 0.81083
-0.33600 0.84457 0.84457
-0.33200 0.88197 0.88197
-0.32800 0.93394 0.93394
-0.32400 1.00478 1.00478
-0.32000 1.09078 1.09078
-0.31600 1.18136 1.18136
-0.31200 1.26525 1.26525
-0.30800 1.34104 1.34104
-0.30400 1.42155 1.42155
-0.30000 1.52659 1.52659
-0.29600 1.67440 1.67440
-0.29200 1.87995 1.87995
-0.28800 2.15727 2.15727
-0.28400 2.51939 2.51939
-0.28000 2.97148 2.97148
-0.27600 3.49499 3.49499
-0.27200 4.02494 4.02494
-0.26800 4.44029 4.44029
-0.26400 4.60823 4.60823
-0.26000 4.48026 4.48026
-0.25600 4.13777 4.13777
-0.25200 3.72355 3.72355
-0.24800 3.35012 3.35012
-0.24400 3.06788 3.06788
-0.24000 2.87675 2.87675
-0.23600 2.74736 2.74736
-0.23200 2.64510 2.64510
-0.22800 2.55320 2.55320
-0.22400 2.47473 2.47473
-0.22000 2.40968 2.40968
-0.21600 2.33525 2.33525
-0.21200 2.21509 2.21509
-0.20800 2.03143 2.03143
-0.20400 1.80277 1.80277
-0.20000 1.56582 1.56582
-0.19600 1.34936 1.34936
-0.19200 1.16613 1.16613
-0.18800 1.01775 1.01775
-0.18400 0.90113 0.90113
-0.18000 0.81198 0.81198
-0.17600 0.74630 0.74630
-0.17200 0.70081 0.70081
-0.16800 0.67288 0.67288
-0.16400 0.66008 0.66008
-0.16000 0.65919 0.65919
-0.15600 0.66511 0.66511
-0.15200 0.67061 0.67061
-0.14800 0.66743 0.66743
-0.14400 0.64851 0.64851
-0.14000 0.61170 0.61170
-0.13600 0.56222 0.56222
-0.13200 0.50937 0.50937
-0.12800 0.46092 0.46092
-0.12400 0.42084 0.42084
-0.12000 0.39020 0.39020
-0.11600 0.36871 0.36871
-0.11200 0.35565 0.35565
-0.10800 0.35024 0.35024
-0.10400 0.35146 0.35146
-0.10000 0.35763 0.35763
-0.09600 0.36587 0.36587
-0.09200 0.37174 0.37174
-0.08800 0.37043 0.37043
-0.08400 0.35974 0.35974
-0.08000 0.34206 0.34206
-0.07600 0.32252 0.32252
-0.07200 0.30567 0.30567
-0.06800 0.29406 0.29406
-0.06400 0.28870 0.28870
-0.06000 0.28966 0.28966
-0.05600 0.29635 0.29635
-0.05200 0.30717 0.30717
-0.04800 0.31907 0.31907
-0.04400 0.32802 0.32802
-0.04000 0.33133 0.33133
-0.03600 0.32995 0.32995
-0.03200 0.32802 0.32802
-0.02800 0.33012 0.33012
-0.02400 0.33959 0.33959
-0.02000 0.35827 0.35827
-0.01600 0.38653 0.38653
-0.01200 0.42256 0.42256
-0.00800 0.46085 0.46085
-0.00400 0.49149 0.49149
0.00000 0.50339 0.50339
0.00400 0.49148 0.49148
0.00800 0.46083 0.46083
0.01200 0.42254 0.42254
0.01600 0.38652 0.38652
0.02000 0.35828 0.35828
0.02400 0.33962 0.33962
0.02800 0.33015 0.33015
0.03200 0.32805 0.32805
0.03600 0.32997 0.32997
0.04000 0.33129 0.33129
0.04400 0.32790 0.32790
0.04800 0.31887 0.31887
0.05200 0.30693 0.30693
0.05600 0.29612 0.29612
0.06000 0.28946 0.28946
0.06400 0.28856 0.28856
0.06800 0.29397 0.29397
0.07200 0.30562 0.30562
0.07600 0.32251 0.32251
0.08000 0.34206 0.34206
0.08400 0.35970 0.35970
0.08800 0.37032 0.37032
0.09200 0.37152 0.37152
0.09600 0.36555 0.36555
0.10000 0.35725 0.35725
0.10400 0.35105 0.35105
0.10800 0.34983 0.34983
0.11200 0.35525 0.35525
0.11600 0.36830 0.36830
0.12000 0.38977 0.38977
0.12400 0.42038 0.42038
0.12800 0.46040 0.46040
0.13200 0.50880 0.50880
0.13600 0.56163 0.56163
0.14000 0.61117 0.61117
0.14400 0.64819 0.64819
0.14800 0.66749 0.66749
0.15200 0.67116 0.67116
0.15600 0.66615 0.66615
0.16000 0.66057 0.66057
0.16400 0.66153 0.66153
0.16800 0.67416 0.67416
0.17200 0.70189 0.70189
0.17600 0.74733 0.74733
0.18000 0.81310 0.81310
0.18400 0.90233 0.90233
0.18800 1.01877 1.01877
0.19200 1.16645 1.16645
0.19600 1.34836 1.34836
0.20000 1.56293 1.56293
0.20400 1.79756 1.79756
0.20800 2.02376 2.02376
0.21200 2.20555 2.20555
0.21600 2.32552 2.32552
0.22000 2.40181 2.40181
0.22400 2.46988 2.46988
0.22800 2.55097 2.55097
0.23200 2.64414 2.64414
0.23600 2.74663 2.74663
0.24000 2.87632 2.87632
0.24400 3.06847 3.06847
0.24800 3.35231 3.35231
0.25200 3.72735 3.72735
0.25600 4.14243 4.14243
0.26000 4.48451 4.48451
0.26400 4.61124 4.61124
0.26800 4.44269 4.44269
0.27200 4.02821 4.02821
0.27600 3.49951 3.49951
0.28000 2.97548 2.97548
0.28400 2.52025 2.52025
0.28800 2.15381 2.15381
0.29200 1.87368 1.87368
0.29600 1.66864 1.66864
0.30000 1.52409 1.52409
0.30400 1.42229 1.42229
0.30800 1.34205 1.34205
0.31200 1.26296 1.26296
0.31600 1.17497 1.17497
0.32000 1.08281 1.08281
0.32400 0.99863 0.99863
0.32800 0.93160 0.93160
0.33200 0.88327 0.88327
0.33600 0.84733 0.84733
0.34000 0.81192 0.81192
0.34400 0.76579 0.76579
0.34800 0.70586 0.70586
0.35200 0.63804 0.63804
0.35600 0.57055 0.57055
0.36000 0.50850 0.50850
0.36400 0.45374 0.45374
0.36800 0.40670 0.40670
0.37200 0.36729 0.36729
0.37600 0.33505 0.33505
0.38000 0.30927 0.30927
0.38400 0.28923 0.28923
0.38800 0.27429 0.27429
0.39200 0.26381 0.26381
0.39600 0.25694 0.25694
0.40000 0.25219 0.25219
0.40400 0.24731 0.24731
0.40800 0.24001 0.24001
0.41200 0.22946 0.22946
0.41600 0.21690 0.21690
0.42000 0.20457 0.20457
0.42400 0.19421 0.19421
0.42800 0.18664 0.18664
0.43200 0.18182 0.18182
0.43600 0.17904 0.17904
0.44000 0.17698 0.17698
0.44400 0.17424 0.17424
0.44800 0.17010 0.17010
0.45200 0.16469 0.16469
0.45600 0.15818 0.15818
0.46000 0.15035 0.15035
0.46400 0.14113 0.14113
0.46800 0.13115 0.13115
0.47200 0.12145 0.12145
0.47600 0.11281 0.11281
0.48000 0.10557 0.10557
0.48400 0.09978 0.09978
0.48800 0.09535 0.09535
0.49200 0.09217 0.09217
0.49600 0.09011 0.09011
0.50000 0.08900 0.08900
0.50400 0.08847 0.08847
0.50800 0.08789 0.08789
0.51200 0.08650 0.08650
0.51600 0.08386 0.08386
0.52000 0.08018 0.08018
0.52400 0.07614 0.07614
0.52800 0.07237 0.07237
0.53200 0.06925 0.06925
0.53600 0.06691 0.06691
0.54000 0.06540 0.06540
0.54400 0.06472 0.06472
0.54800 0.06483 0.06483
0.55200 0.06561 0.06561
0.55600 0.06674 0.06674
0.56000 0.06761 0.06761
0.56400 0.06750 0.06750
0.56800 0.06600 0.06600
0.57200 0.06341 0.06341
0.57600 0.06038 0.06038
0.58000 0.05748 0.05748
0.58400 0.05490 0.05490
0.58800 0.05258 0.05258
0.59200 0.05039 0.05039
0.59600 0.04838 0.04838
0.60000 0.04665 0.04665
0.60400 0.04532 0.04532
0.60800 0.04438 0.04438
0.61200 0.04374 0.04374
0.61600 0.04314 0.04314
0.62000 0.04229 0.04229
0.62400 0.04105 0.04105
0.62800 0.03948 0.03948
0.63200 0.03783 0.03783
0.63600 0.03632 0.03632
0.64000 0.03505 0.03505
0.64400 0.03409 0.03409
0.64800 0.03342 0.03342
0.65200 0.03307 0.03307
0.65600 0.03303 0.03303
0.66000 0.03331 0.03331
0.66400 0.03391 0.03391
0.66800 0.03473 0.03473
0.67200 0.03557 0.03557
0.67600 0.03605 0.03605
0.68000 0.03582 0.03582
0.68400 0.03482 0.03482
0.68800 0.03331 0.03331
0.69200 0.03169 0.03169
0.69600 0.03025 0.03025
0.70000 0.02912 0.02912
0.70400 0.02831 0.02831
0.70800 0.02774 0.02774
0.71200 0.02729 0.02729
0.71600 0.02677 0.02677
0.72000 0.02606 0.02606
0.72400 0.02516 0.02516
0.72800 0.02419 0.02419
0.73200 0.02326 0.02326
0.73600 0.02245 0.02245
0.74000 0.02180 0.02180
0.74400 0.02130 0.02130
0.74800 0.02094 0.02094
0.75200 0.02074 0.02074
0.75600 0.02069 0.02069
0.76000 0.02080 0.02080
0.76400 0.02107 0.02107
0.76800 0.02148 0.02148
0.77200 0.02197 0.02197
0.77600 0.02237 0.02237
0.78000 0.02248 0.02248
0.78400 0.02219 0.02219
0.78800 0.02156 0.02156
0.79200 0.02079 0.02079
0.79600 0.02005 0.02005
0.80000 0.01942 0.01942
0.80400 0.01889 0.01889
0.80800 0.01838 0.01838
0.81200 0.01783 0.01783
0.81600 0.01724 0.01724
0.82000 0.01665 0.01665
0.82400 0.01611 0.01611
0.82800 0.01565 0.01565
0.83200 0.01529 0.01529
0.83600 0.01501 0.01501
0.84000 0.01483 0.01483
0.84400 0.01474 0.01474
0.84800 0.01474 0.01474
0.85200 0.01484 0.01484
0.85600 0.01503 0.01503
0.86000 0.01527 0.01527
0.86400 0.01548 0.01548
0.86800 0.01554 0.01554
0.87200 0.01536 0.01536
0.87600 0.01494 0.01494
0.88000 0.01438 0.01438
0.88400 0.01380 0.01380
0.88800 0.01327 0.01327
0.89200 0.01283 0.01283
0.89600 0.01247 0.01247
0.90000 0.01220 0.01220
0.90400 0.01199 0.01199
0.90800 0.01186 0.01186
0.91200 0.01180 0.01180
0.91600 0.01179 0.01179
0.92000 0.01181 0.01181
0.92400 0.01183 0.01183
0.92800 0.01178 0.01178
0.93200 0.01162 0.01162
0.93600 0.01137 0.01137
0.94000 0.01107 0.01107
0.94400 0.01078 0.01078
0.94800 0.01052 0.01052
0.95200 0.01031 0.01031
0.95600 0.01015 0.01015
0.96000 0.01003 0.01003
0.96400 0.00992 0.00992
0.96800 0.00981 0.00981
0.97200 0.00967 0.00967
0.97600 0.00950 0.00950
0.98000 0.00932 0.00932
0.98400 0.00913 0.00913
0.98800 0.00897 0.00897
0.99200 0.00881 0.00881
0.99600 0.00867 0.00867
1.00000 0.00853 0.00853
1.00400 0.00839 0.00839
1.00800 0.00825 0.00825
1.01200 0.00812 0.00812
1.01600 0.00799 0.00799
1.02000 0.00787 0.00787
1.02400 0.00776 0.00776
1.02800 0.00766 0.00766
1.03200 0.00757 0.00757
1.03600 0.00748 0.00748
1.04000 0.00739 0.00739
1.04400 0.00731 0.00731
1.04800 0.00723 0.00723
1.05200 0.00716 0.00716
1.05600 0.00708 0.00708
1.06000 0.00701 0.00701
1.06400 0.00695 0.00695
1.06800 0.00688 0.00688
1.07200 0.00681 0.00681
1.07600 0.00675 0.00675
1.08000 0.00668 0.00668
1.08400 0.00661 0.00661
1.08800 0.00655 0.00655
1.09200 0.00649 0.00649
1.09600 0.00642 0.00642
1.10000 0.00636 0.00636
1.10400 0.00631 0.00631
1.10800 0.00625 0.00625
1.11200 0.00620 0.00620
1.11600 0.00614 0.00614
1.12000 0.00609 0.00609
1.12400 0.00604 0.00604
1.12800 0.00599 0.00599
1.13200 0.00594 0.00594
1.13600 0.00589 0.00589
1.14000 0.00584 0.00584
1.14400 0.00579 0.00579
1.14800 0.00574 0.00574
1.15200 0.00569 0.00569
1.15600 0.00564 0.00564
1.16000 0.00559 0.00559
1.16400 0.00555 0.00555
1.16800 0.00550 0.00550
1.17200 0.00546 0.00546
1.17600 0.00542 0.00542
1.18000 0.00538 0.00538
1.18400 0.00533 0.00533
1.18800 0.00529 0.00529
1.19200 0.00525 0.00525
1.19600 0.00520 0.00520
1.20000 0.00516 0.00516
1.20400 0.00512 0.00512
1.20800 0.00508 0.00508
1.21200 0.00504 0.00504
1.21600 0.00500 0.00500
1.22000 0.00496 0.00496
1.22400 0.00492 0.00492
1.22800 0.00488 0.00488
1.23200 0.00485 0.00485
1.23600 0.00481 0.00481
1.24000 0.00478 0.00478
1.24400 0.00474 0.00474
1.24800 0.00471 0.00471
1.25200 0.00467 0.00467
1.25600 0.00464 0.00464
1.26000 0.00460 0.00460
1.26400 0.00457 0.00457
1.26800 0.00453 0.00453
1.27200 0.00450 0.00450
1.27600 0.00447 0.00447
1.28000 0.00444 0.00444
1.28400 0.00440 0.00440
1.28800 0.00437 0.00437
1.29200 0.00434 0.00434
1.29600 0.00431 0.00431
1.30000 0.00428 0.00428
1.30400 0.00425 0.00425
1.30800 0.00422 0.00422
1.31200 0.00420 0.00420
1.31600 0.00417 0.00417
1.32000 0.00414 0.00414
1.32400 0.00411 0.00411
1.32800 0.00408 0.00408
1.33200 0.00405 0.00405
1.33600 0.00402 0.00402
1.34000 0.00400 0.00400
1.34400 0.00397 0.00397
1.34800 0.00394 0.00394
1.35200 0.00392 0.00392
1.35600 0.00389 0.00389
1.36000 0.00387 0.00387
1.36400 0.00384 0.00384
1.36800 0.00382 0.00382
1.37200 0.00379 0.00379
1.37600 0.00377 0.00377
1.38000 0.00374 0.00374
1.38400 0.00372 0.00372
1.38800 0.00369 0.00369
1.39200 0.00367 0.00367
1.39600 0.00364 0.00364
1.40000 0.00362 0.00362
1.40400 0.00360 0.00360
1.40800 0.00358 0.00358
1.41200 0.00355 0.00355
1.41600 0.00353 0.00353
1.42000 0.00351 0.00351
1.42400 0.00349 0.00349
1.42800 0.00347 0.00347
1.43200 0.00344 0.00344
1.43600 0.00342 0.00342
1.44000 0.00340 0.00340
1.44400 0.00338 0.00338
1.44800 0.00336 0.00336
1.45200 0.00334 0.00334
1.45600 0.00332 0.00332
1.46000 0.00330 0.00330
1.46400 0.00328 0.00328
1.46800 0.00326 0.00326
1.47200 0.00324 0.00324
1.47600 0.00322 0.00322
1.48000 0.00320 0.00320
1.48400 0.00318 0.00318
1.48800 0.00316 0.00316
1.49200 0.00315 0.00315
1.49600 0.00313 0.00313
1.50000 0.00311 0.00311
1.50400 0.00309 0.00309
1.50800 0.00307 0.00307
1.51200 0.00306 0.00306
1.51600 0.00304 0.00304
1.52000 0.00302 0.00302
1.52400 0.00300 0.00300
1.52800 0.00298 0.00298
1.53200 0.00297 0.00297
1.53600 0.00295 0.00295
1.54000 0.00293 0.00293
1.54400 0.00292 0.00292
1.54800 0.00290 0.00290
1.55200 0.00288 0.00288
1.55600 0.00287 0.00287
1.56000 0.00285 0.00285
1.56400 0.00284 0.00284
1.56800 0.00282 0.00282
1.57200 0.00281 0.00281
1.57600 0.00279 0.00279
1.58000 0.00277 0.00277
1.58400 0.00276 0.00276
1.58800 0.00274 0.00274
1.59200 0.00273 0.00273
1.59600 0.00271 0.00271
1.60000 0.00270 0.00270
1.60400 0.00268 0.00268
1.60800 0.00267 0.00267
1.61200 0.00266 0.00266
1.61600 0.00264 0.00264
1.62000 0.00263 0.00263
1.62400 0.00261 0.00261
1.62800 0.00260 0.00260
1.63200 0.00259 0.00259
1.63600 0.00257 0.00257
1.64000 0.00256 0.00256
1.64400 0.00255 0.00255
1.64800 0.00253 0.00253
1.65200 0.00252 0.00252
1.65600 0.00251 0.00251
1.66000 0.00249 0.00249
1.66400 0.00248 0.00248
1.66800 0.00247 0.00247
1.67200 0.00245 0.00245
1.67600 0.00244 0.00244
1.68000 0.00243 0.00243
1.68400 0.00242 0.00242
1.68800 0.00240 0.00240
1.69200 0.00239 0.00239
1.69600 0.00238 0.00238
1.70000 0.00237 0.00237
1.70400 0.00236 0.00236
1.70800 0.00234 0.00234
1.71200 0.00233 0.00233
1.71600 0.00232 0.00232
1.72000 0.00231 0.00231
1.72400 0.00230 0.00230
1.72800 0.00229 0.00229
1.73200 0.00227 0.00227
1.73600 0.00226 0.00226
1.74000 0.00225 0.00225
1.74400 0.00224 0.00224
1.74800 0.00223 0.00223
1.75200 0.00222 0.00222
1.75600 0.00221 0.00221
1.76000 0.00220 0.00220
1.76400 0.00219 0.00219
1.76800 0.00218 0.00218
1.77200 0.00217 0.00217
1.77600 0.00216 0.00216
1.78000 0.00215 0.00215
1.78400 0.00214 0.00214
1.78800 0.00212 0.00212
1.79200 0.00211 0.00211
1.79600 0.00210 0.00210
1.80000 0.00209 0.00209
1.80400 0.00208 0.00208
1.80800 0.00208 0.00208
1.81200 0.00207 0.00207
1.81600 0.00206 0.00206
1.82000 0.00205 0.00205
1.82400 0.00204 0.00204
1.82800 0.00203 0.00203
1.83200 0.00202 0.00202
1.83600 0.00201 0.00201
1.84000 0.00200 0.00200
1.84400 0.00199 0.00199
1.84800 0.00198 0.00198
1.85200 0.00197 0.00197
1.85600 0.00196 0.00196
1.86000 0.00195 0.00195
1.86400 0.00194 0.00194
1.86800 0.00194 0.00194
1.87200 0.00193 0.00193
1.87600 0.00192 0.00192
1.88000 0.00191 0.00191
1.88400 0.00190 0.00190
1.88800 0.00189 0.00189
1.89200 0.00188 0.00188
1.89600 0.00188 0.00188
1.90000 0.00187 0.00187
1.90400 0.00186 0.00186
1.90800 0.00185 0.00185
1.91200 0.00184 0.00184
1.91600 0.00183 0.00183
1.92000 0.00183 0.00183
1.92400 0.00182 0.00182
1.92800 0.00181 0.00181
1.93200 0.00180 0.00180
1.93600 0.00179 0.00179
1.94000 0.00179 0.00179
1.94400 0.00178 0.00178
1.94800 0.00177 0.00177
1.95200 0.00176 0.00176
1.95600 0.00176 0.00176
1.96000 0.00175 0.00175
1.96400 0.00174 0.00174
1.96800 0.00173 0.00173
1.97200 0.00173 0.00173
1.97600 0.00172 0.00172
1.98000 0.00171 0.00171
1.98400 0.00170 0.00170
1.98800 0.00170 0.00170
1.99200 0.00169 0.00169
1.99600 0.00168 0.00168
2.00000 0.00168 0.00168
