-2.00000 0.00168 0.00168
-1.99600 0.00168 0.00168
-1.99200 0.00169 0.00169
-1.98800 0.00170 0.00170
-1.98400 0.00170 0.00170
-1.98000 0.00171 0.00171
-1.97600 0.00172 0.00172
-1.97200 0.00173 0.00173
-1.96800 0.00173 0.00173
-1.96400 0.00174 0.00174
-1.96000 0.00175 0.00175
-1.95600 0.00176 0.00176
-1.95200 0.00176 0.00176
-1.94800 0.00177 0.00177
-1.94400 0.00178 0.00178
-1.94000 0.00179 0.00179
-1.93600 0.00180 0.00180
-1.93200 0.00180 0.00180
-1.92800 0.00181 0.00181
-1.92400 0.00182 0.00182
-1.92000 0.00183 0.00183
-1.91600 0.00183 0.00183
-1.91200 0.00184 0.00184
-1.90800 0.00185 0.00185
-1.90400 0.00186 0.00186
-1.90000 0.00187 0.00187
-1.89600 0.00188 0.00188
-1.89200 0.00188 0.00188
-1.88800 0.00189 0.00189
-1.88400 0.00190 0.00190
-1.88000 0.00191 0.00191
-1.87600 0.00192 0.00192
-1.87200 0.00193 0.00193
-1.86800 0.00194 0.00194
-1.86400 0.00195 0.00195
-1.86000 0.00195 0.00195
-1.85600 0.00196 0.00196
-1.85200 0.00197 0.00197
-1.84800 0.00198 0.00198
-1.84400 0.00199 0.00199
-1.84000 0.00200 0.00200
-1.83600 0.00201 0.00201
-1.83200 0.00202 0.00202
-1.82800 0.00203 0.00203
-1.82400 0.00204 0.00204
-1.82000 0.00205 0.00205
-1.81600 0.00206 0.00206
-1.81200 0.00207 0.00207
-1.80800 0.00208 0.00208
-1.80400 0.00209 0.00209
-1.80000 0.00210 0.00210
-1.79600 0.00211 0.00211
-1.79200 0.00212 0.00212
-1.78800 0.00213 0.00213
-1.78400 0.00214 0.00214
-1.78000 0.00215 0.00215
-1.77600 0.00216 0.00216
-1.77200 0.00217 0.00217
-1.76800 0.00218 0.00218
-1.76400 0.00219 0.00219
-1.76000 0.00220 0.00220
-1.75600 0.00221 0.00221
-1.75200 0.00222 0.00222
-1.74800 0.00223 0.00223
-1.74400 0.00224 0.00224
-1.74000 0.00225 0.00225
-1.73600 0.00226 0.00226
-1.73200 0.00228 0.00228
-1.72800 0.00229 0.00229
-1.72400 0.00230 0.00230
-1.72000 0.00231 0.00231
-1.71600 0.00232 0.00232
-1.71200 0.00233 0.00233
-1.70800 0.00235 0.00235
-1.70400 0.00236 0.00236
-1.70000 0.00237 0.00237
-1.69600 0.00238 0.00238
-1.69200 0.00239 0.00239
-1.68800 0.00240 0.00240
-1.68400 0.00242 0.00242
-1.68000 0.00243 0.00243
-1.67600 0.00244 0.00244
-1.67200 0.00245 0.00245
-1.66800 0.00247 0.00247
-1.66400 0.00248 0.00248
-1.66000 0.00249 0.00249
-1.65600 0.00251 0.00251
-1.65200 0.00252 0.00252
-1.64800 0.00253 0.00253
-1.64400 0.00255 0.00255
-1.64000 0.00256 0.00256
-1.63600 0.00257 0.00257
-1.63200 0.00259 0.00259
-1.62800 0.00260 0.00260
-1.62400 0.00261 0.00261
-1.62000 0.00263 0.00263
-1.61600 0.00264 0.00264
-1.61200 0.00266 0.00266
-1.60800 0.00267 0.00267
-1.60400 0.00269 0.00269
-1.60000 0.00270 0.00270
-1.59600 0.00272 0.00272
-1.59200 0.00273 0.00273
-1.58800 0.00275 0.00275
-1.58400 0.00276 0.00276
-1.58000 0.00278 0.00278
-1.57600 0.00279 0.00279
-1.57200 0.00281 0.00281
-1.56800 0.00282 0.00282
-1.56400 0.00284 0.00284
-1.56000 0.00285 0.00285
-1.55600 0.00287 0.00287
-1.55200 0.00289 0.00289
-1.54800 0.00290 0.00290
-1.54400 0.00292 0.00292
-1.54000 0.00293 0.00293
-1.53600 0.00295 0.00295
-1.53200 0.00297 0.00297
-1.52800 0.00299 0.00299
-1.52400 0.00300 0.00300
-1.52000 0.00302 0.00302
-1.51600 0.00304 0.00304
-1.51200 0.00305 0.00305
-1.50800 0.00307 0.00307
-1.50400 0.00309 0.00309
-1.50000 0.00311 0.00311
-1.49600 0.00313 0.00313
-1.49200 0.00315 0.00315
-1.48800 0.00316 0.00316
-1.48400 0.00318 0.00318
-1.48000 0.00320 0.00320
-1.47600 0.00322 0.00322
-1.47200 0.00324 0.00324
-1.46800 0.00326 0.00326
-1.46400 0.00328 0.00328
-1.46000 0.00330 0.00330
-1.45600 0.00332 0.00332
-1.45200 0.00334 0.00334
-1.44800 0.00336 0.00336
-1.44400 0.00338 0.00338
-1.44000 0.00340 0.00340
-1.43600 0.00342 0.00342
-1.43200 0.00345 0.00345
-1.42800 0.00347 0.00347
-1.42400 0.00349 0.00349
-1.42000 0.00351 0.00351
-1.41600 0.00353 0.00353
-1.41200 0.00356 0.00356
-1.40800 0.00358 0.00358
-1.40400 0.00360 0.00360
-1.40000 0.00362 0.00362
-1.39600 0.00365 0.00365
-1.39200 0.00367 0.00367
-1.38800 0.00370 0.00370
-1.38400 0.00372 0.00372
-1.38000 0.00374 0.00374
-1.37600 0.00377 0.00377
-1.37200 0.00379 0.00379
-1.36800 0.00382 0.00382
-1.36400 0.00385 0.00385
-1.36000 0.00387 0.00387
-1.35600 0.00390 0.00390
-1.35200 0.00392 0.00392
-1.34800 0.00395 0.00395
-1.34400 0.00397 0.00397
-1.34000 0.00400 0.00400
-1.33600 0.00403 0.00403
-1.33200 0.00406 0.00406
-1.32800 0.00408 0.00408
-1.32400 0.00411 0.00411
-1.32000 0.00414 0.00414
-1.31600 0.00417 0.00417
-1.31200 0.00420 0.00420
-1.30800 0.00423 0.00423
-1.30400 0.00426 0.00426
-1.30000 0.00429 0.00429
-1.29600 0.00432 0.00432
-1.29200 0.00435 0.00435
-1.28800 0.00438 0.00438
-1.28400 0.00441 0.00441
-1.28000 0.00444 0.00444
-1.27600 0.00447 0.00447
-1.27200 0.00450 0.00450
-1.26800 0.00454 0.00454
-1.26400 0.00457 0.00457
-1.26000 0.00460 0.00460
-1.25600 0.00464 0.00464
-1.25200 0.00467 0.00467
-1.24800 0.00471 0.00471
-1.24400 0.00474 0.00474
-1.24000 0.00478 0.00478
-1.23600 0.00481 0.00481
-1.23200 0.00485 0.00485
-1.22800 0.00489 0.00489
-1.22400 0.00493 0.00493
-1.22000 0.00496 0.00496
-1.21600 0.00500 0.00500
-1.21200 0.00504 0.00504
-1.20800 0.00508 0.00508
-1.20400 0.00512 0.00512
-1.20000 0.00516 0.00516
-1.19600 0.00520 0.00520
-1.19200 0.00525 0.00525
-1.18800 0.00529 0.00529
-1.18400 0.00533 0.00533
-1.18000 0.00538 0.00538
-1.17600 0.00542 0.00542
-1.17200 0.00547 0.00547
-1.16800 0.00552 0.00552
-1.16400 0.00557 0.00557
-1.16000 0.00562 0.00562
-1.15600 0.00566 0.00566
-1.15200 0.00571 0.00571
-1.14800 0.00576 0.00576
-1.14400 0.00581 0.00581
-1.14000 0.00586 0.00586
-1.13600 0.00590 0.00590
-1.13200 0.00596 0.00596
-1.12800 0.00601 0.00601
-1.12400 0.00606 0.00606
-1.12000 0.00612 0.00612
-1.11600 0.00618 0.00618
-1.11200 0.00623 0.00623
-1.10800 0.00629 0.00629
-1.10400 0.00635 0.00635
-1.10000 0.00640 0.00640
-1.09600 0.00646 0.00646
-1.09200 0.00652 0.00652
-1.08800 0.00657 0.00657
-1.08400 0.00663 0.00663
-1.08000 0.00669 0.00669
-1.07600 0.00675 0.00675
-1.07200 0.00681 0.00681
-1.06800 0.00687 0.00687
-1.06400 0.00694 0.00694
-1.06000 0.00701 0.00701
-1.05600 0.00708 0.00708
-1.05200 0.00715 0.00715
-1.04800 0.00722 0.00722
-1.04400 0.00730 0.00730
-1.04000 0.00738 0.00738
-1.03600 0.00746 0.00746
-1.03200 0.00754 0.00754
-1.02800 0.00763 0.00763
-1.02400 0.00772 0.00772
-1.02000 0.00782 0.00782
-1.01600 0.00792 0.00792
-1.01200 0.00801 0.00801
-1.00800 0.00811 0.00811
-1.00400 0.00820 0.00820
-1.00000 0.00830 0.00830
-0.99600 0.00839 0.00839
-0.99200 0.00849 0.00849
-0.98800 0.00860 0.00860
-0.98400 0.00871 0.00871
-0.98000 0.00884 0.00884
-0.97600 0.00897 0.00897
-0.97200 0.00910 0.00910
-0.96800 0.00925 0.00925
-0.96400 0.00941 0.00941
-0.96000 0.00958 0.00958
-0.95600 0.00977 0.00977
-0.95200 0.00998 0.00998
-0.94800 0.01022 0.01022
-0.94400 0.01048 0.01048
-0.94000 0.01078 0.01078
-0.93600 0.01113 0.01113
-0.93200 0.01154 0.01154
-0.92800 0.01201 0.01201
-0.92400 0.01258 0.01258
-0.92000 0.01325 0.01325
-0.91600 0.01405 0.01405
-0.91200 0.01500 0.01500
-0.90800 0.01609 0.01609
-0.90400 0.01727 0.01727
-0.90000 0.01840 0.01840
-0.89600 0.01933 0.01933
-0.89200 0.01983 0.01983
-0.88800 0.01977 0.01977
-0.88400 0.01915 0.01915
-0.88000 0.01821 0.01821
-0.87600 0.01720 0.01720
-0.87200 0.01629 0.01629
-0.86800 0.01555 0.01555
-0.86400 0.01499 0.01499
-0.86000 0.01457 0.01457
-0.85600 0.01429 0.01429
-0.85200 0.01409 0.01409
-0.84800 0.01398 0.01398
-0.84400 0.01392 0.01392
-0.84000 0.01391 0.01391
-0.83600 0.01394 0.01394
-0.83200 0.01400 0.01400
-0.82800 0.01407 0.01407
-0.82400 0.01417 0.01417
-0.82000 0.01429 0.01429
-0.81600 0.01443 0.01443
-0.81200 0.01458 0.01458
-0.80800 0.01476 0.01476
-0.80400 0.01495 0.01495
-0.80000 0.01515 0.01515
-0.79600 0.01537 0.01537
-0.79200 0.01561 0.01561
-0.78800 0.01586 0.01586
-0.78400 0.01613 0.01613
-0.78000 0.01643 0.01643
-0.77600 0.01674 0.01674
-0.77200 0.01708 0.01708
-0.76800 0.01744 0.01744
-0.76400 0.01781 0.01781
-0.76000 0.01821 0.01821
-0.75600 0.01862 0.01862
-0.75200 0.01905 0.01905
-0.74800 0.01951 0.01951
-0.74400 0.02002 0.02002
-0.74000 0.02057 0.02057
-0.73600 0.02119 0.02119
-0.73200 0.02188 0.02188
-0.72800 0.02266 0.02266
-0.72400 0.02357 0.02357
-0.72000 0.02461 0.02461
-0.71600 0.02581 0.02581
-0.71200 0.02723 0.02723
-0.70800 0.02893 0.02893
-0.70400 0.03099 0.03099
-0.70000 0.03350 0.03350
-0.69600 0.03656 0.03656
-0.69200 0.04020 0.04020
-0.68800 0.04431 0.04431
-0.68400 0.04856 0.04856
-0.68000 0.05245 0.05245
-0.67600 0.05544 0.05544
-0.67200 0.05704 0.05704
-0.66800 0.05687 0.05687
-0.66400 0.05489 0.05489
-0.66000 0.05162 0.05162
-0.65600 0.04792 0.04792
-0.65200 0.04447 0.04447
-0.64800 0.04161 0.04161
-0.64400 0.03938 0.03938
-0.64000 0.03773 0.03773
-0.63600 0.03656 0.03656
-0.63200 0.03577 0.03577
-0.62800 0.03528 0.03528
-0.62400 0.03504 0.03504
-0.62000 0.03498 0.03498
-0.61600 0.03509 0.03509
-0.61200 0.03533 0.03533
-0.60800 0.03569 0.03569
-0.60400 0.03615 0.03615
-0.60000 0.03670 0.03670
-0.59600 0.03734 0.03734
-0.59200 0.03806 0.03806
-0.58800 0.03887 0.03887
-0.58400 0.03975 0.03975
-0.58000 0.04072 0.04072
-0.57600 0.04179 0.04179
-0.57200 0.04294 0.04294
-0.56800 0.04421 0.04421
-0.56400 0.04560 0.04560
-0.56000 0.04712 0.04712
-0.55600 0.04878 0.04878
-0.55200 0.05061 0.05061
-0.54800 0.05258 0.05258
-0.54400 0.05467 0.05467
-0.54000 0.05685 0.05685
-0.53600 0.05909 0.05909
-0.53200 0.06146 0.06146
-0.52800 0.06404 0.06404
-0.52400 0.06695 0.06695
-0.52000 0.07027 0.07027
-0.51600 0.07404 0.07404
-0.51200 0.07829 0.07829
-0.50800 0.08306 0.08306
-0.50400 0.08845 0.08845
-0.50000 0.09469 0.09469
-0.49600 0.10212 0.10212
-0.49200 0.11113 0.11113
-0.48800 0.12217 0.12217
-0.48400 0.13577 0.13577
-0.48000 0.15240 0.15240
-0.47600 0.17232 0.17232
-0.47200 0.19508 0.19508
-0.46800 0.21886 0.21886
-0.46400 0.24023 0.24023
-0.46000 0.25547 0.25547
-0.45600 0.26283 0.26283
-0.45200 0.26298 0.26298
-0.44800 0.25718 0.25718
-0.44400 0.24650 0.24650
-0.44000 0.23268 0.23268
-0.43600 0.21812 0.21812
-0.43200 0.20495 0.20495
-0.42800 0.19435 0.19435
-0.42400 0.18674 0.18674
-0.42000 0.18204 0.18204
-0.41600 0.17999 0.17999
-0.41200 0.18026 0.18026
-0.40800 0.18256 0.18256
-0.40400 0.18667 0.18667
-0.40000 0.19244 0.19244
-0.39600 0.19982 0.19982
-0.39200 0.20878 0.20878
-0.38800 0.21938 0.21938
-0.38400 0.23172 0.23172
-0.38000 0.24595 0.24595
-0.37600 0.26229 0.26229
-0.37200 0.28100 0.28100
-0.36800 0.30244 0.30244
-0.36400 0.32706 0.32706
-0.36000 0.35540 0.35540
-0.35600 0.38818 0.38818
-0.35200 0.42627 0.42627
-0.34800 0.47081 0.47081
-0.34400 0.52324 0.52324
-0.34000 0.58542 0.58542
-0.33600 0.65978 0.65978
-0.33200 0.74949 0.74949
-0.32800 0.85876 0.85876
-0.32400 0.99315 0.99315
-0.32000 1.16001 1.16001
-0.31600 1.36899 1.36899
-0.31200 1.63229 1.63229
-0.30800 1.96433 1.96433
-0.30400 2.37926 2.37926
-0.30000 2.88372 2.88372
-0.29600 3.46079 3.46079
-0.29200 4.04522 4.04522
-0.28800 4.50860 4.50860
-0.28400 4.69902 4.69902
-0.28000 4.54467 4.54467
-0.27600 4.11757 4.11757
-0.27200 3.57055 3.57055
-0.26800 3.03360 3.03360
-0.26400 2.57380 2.57380
-0.26000 2.21004 2.21004
-0.25600 1.93801 1.93801
-0.25200 1.74628 1.74628
-0.24800 1.62373 1.62373
-0.24400 1.56169 1.56169
-0.24000 1.55356 1.55356
-0.23600 1.59302 1.59302
-0.23200 1.67209 1.67209
-0.22800 1.78207 1.78207
-0.22400 1.91837 1.91837
-0.22000 2.08221 2.08221
-0.21600 2.26878 2.26878
-0.21200 2.44763 2.44763
-0.20800 2.55666 2.55666
-0.20400 2.53175 2.53175
-0.20000 2.35821 2.35821
-0.19600 2.08452 2.08452
-0.19200 1.78090 1.78090
-0.18800 1.49751 1.49751
-0.18400 1.25585 1.25585
-0.18000 1.05869 1.05869
-0.17600 0.90077 0.90077
-0.17200 0.77481 0.77481
-0.16800 0.67400 0.67400
-0.16400 0.59274 0.59274
-0.16000 0.52668 0.52668
-0.15600 0.47251 0.47251
-0.15200 0.42769 0.42769
-0.14800 0.39034 0.39034
-0.14400 0.35899 0.35899
-0.14000 0.33255 0.33255
-0.13600 0.31014 0.31014
-0.13200 0.29111 0.29111
-0.12800 0.27494 0.27494
-0.12400 0.26122 0.26122
-0.12000 0.24963 0.24963
-0.11600 0.23992 0.23992
-0.11200 0.23189 0.23189
-0.10800 0.22541 0.22541
-0.10400 0.22037 0.22037
-0.10000 0.21670 0.21670
-0.09600 0.21437 0.21437
-0.09200 0.21337 0.21337
-0.08800 0.21374 0.21374
-0.08400 0.21554 0.21554
-0.08000 0.21890 0.21890
-0.07600 0.22396 0.22396
-0.07200 0.23095 0.23095
-0.06800 0.24017 0.24017
-0.06400 0.25202 0.25202
-0.06000 0.26702 0.26702
-0.05600 0.28587 0.28587
-0.05200 0.30948 0.30948
-0.04800 0.33908 0.33908
-0.04400 0.37630 0.37630
-0.04000 0.42326 0.42326
-0.03600 0.48270 0.48270
-0.03200 0.55790 0.55790
-0.02800 0.65240 0.65240
-0.02400 0.76869 0.76869
-0.02000 0.90554 0.90554
-0.01600 1.05373 1.05373
-0.01200 1.19354 1.19354
-0.00800 1.30097 1.30097
-0.00400 1.36277 1.36277
0.00000 1.38182 1.38182
0.00400 1.36277 1.36277
0.00800 1.30097 1.30097
0.01200 1.19354 1.19354
0.01600 1.05373 1.05373
0.02000 0.90554 0.90554
0.02400 0.76869 0.76869
0.02800 0.65240 0.65240
0.03200 0.55790 0.55790
0.03600 0.48270 0.48270
0.04000 0.42326 0.42326
0.04400 0.37630 0.37630
0.04800 0.33908 0.33908
0.05200 0.30948 0.30948
0.05600 0.28587 0.28587
0.06000 0.26702 0.26702
0.06400 0.25202 0.25202
0.06800 0.24017 0.24017
0.07200 0.23095 0.23095
0.07600 0.22396 0.22396
0.08000 0.21890 0.21890
0.08400 0.21554 0.21554
0.08800 0.21374 0.21374
0.09200 0.21337 0.21337
0.09600 0.21437 0.21437
0.10000 0.21670 0.21670
0.10400 0.22037 0.22037
0.10800 0.22541 0.22541
0.11200 0.23189 0.23189
0.11600 0.23992 0.23992
0.12000 0.24963 0.24963
0.12400 0.26122 0.26122
0.12800 0.27494 0.27494
0.13200 0.29111 0.29111
0.13600 0.31014 0.31014
0.14000 0.33255 0.33255
0.14400 0.35899 0.35899
0.14800 0.39034 0.39034
0.15200 0.42769 0.42769
0.15600 0.47251 0.47251
0.16000 0.52668 0.52668
0.16400 0.59274 0.59274
0.16800 0.67400 0.67400
0.17200 0.77481 0.77481
0.17600 0.90077 0.90077
0.18000 1.05869 1.05869
0.18400 1.25585 1.25585
0.18800 1.49751 1.49751
0.19200 1.78090 1.78090
0.19600 2.08452 2.08452
0.20000 2.35821 2.35821
0.20400 2.53175 2.53175
0.20800 2.55666 2.55666
0.21200 2.44763 2.44763
0.21600 2.26878 2.26878
0.22000 2.08221 2.08221
0.22400 1.91837 1.91837
0.22800 1.78207 1.78207
0.23200 1.67209 1.67209
0.23600 1.59302 1.59302
0.24000 1.55356 1.55356
0.24400 1.56169 1.56169
0.24800 1.62373 1.62373
0.25200 1.74628 1.74628
0.25600 1.93801 1.93801
0.26000 2.21004 2.21004
0.26400 2.57380 2.57380
0.26800 3.03360 3.03360
0.27200 3.57055 3.57055
0.27600 4.11757 4.11757
0.28000 4.54467 4.54467
0.28400 4.69902 4.69902
0.28800 4.50860 4.50860
0.29200 4.04522 4.04522
0.29600 3.46079 3.46079
0.30000 2.88372 2.88372
0.30400 2.37926 2.37926
0.30800 1.96433 1.96433
0.31200 1.63229 1.63229
0.31600 1.36899 1.36899
0.32000 1.16001 1.16001
0.32400 0.99315 0.99315
0.32800 0.85876 0.85876
0.33200 0.74949 0.74949
0.33600 0.65978 0.65978
0.34000 0.58542 0.58542
0.34400 0.52324 0.52324
0.34800 0.47081 0.47081
0.35200 0.42627 0.42627
0.35600 0.38818 0.38818
0.36000 0.35540 0.35540
0.36400 0.32706 0.32706
0.36800 0.30244 0.30244
0.37200 0.28100 0.28100
0.37600 0.26229 0.26229
0.38000 0.24595 0.24595
0.38400 0.23172 0.23172
0.38800 0.21938 0.21938
0.39200 0.20878 0.20878
0.39600 0.19982 0.19982
0.40000 0.19244 0.19244
0.40400 0.18667 0.18667
0.40800 0.18256 0.18256
0.41200 0.18026 0.18026
0.41600 0.17999 0.17999
0.42000 0.18204 0.18204
0.42400 0.18674 0.18674
0.42800 0.19435 0.19435
0.43200 0.20495 0.20495
0.43600 0.21812 0.21812
0.44000 0.23268 0.23268
0.44400 0.24650 0.24650
0.44800 0.25718 0.25718
0.45200 0.26298 0.26298
0.45600 0.26283 0.26283
0.46000 0.25547 0.25547
0.46400 0.24023 0.24023
0.46800 0.21886 0.21886
0.47200 0.19508 0.19508
0.47600 0.17232 0.17232
0.48000 0.15240 0.15240
0.48400 0.13577 0.13577
0.48800 0.12217 0.12217
0.49200 0.11113 0.11113
0.49600 0.10212 0.10212
0.50000 0.09469 0.09469
0.50400 0.08845 0.08845
0.50800 0.08306 0.08306
0.51200 0.07829 0.07829
0.51600 0.07404 0.07404
0.52000 0.07027 0.07027
0.52400 0.06695 0.06695
0.52800 0.06404 0.06404
0.53200 0.06146 0.06146
0.53600 0.05909 0.05909
0.54000 0.05685 0.05685
0.54400 0.05467 0.05467
0.54800 0.05258 0.05258
0.55200 0.05061 0.05061
0.55600 0.04878 0.04878
0.56000 0.04712 0.04712
0.56400 0.04560 0.04560
0.56800 0.04421 0.04421
0.57200 0.04294 0.04294
0.57600 0.04179 0.04179
0.58000 0.04072 0.04072
0.58400 0.03975 0.03975
0.58800 0.03887 0.03887
0.59200 0.03806 0.03806
0.59600 0.03734 0.03734
0.60000 0.03670 0.03670
0.60400 0.03615 0.03615
0.60800 0.03569 0.03569
0.61200 0.03533 0.03533
0.61600 0.03509 0.03509
0.62000 0.03498 0.03498
0.62400 0.03504 0.03504
0.62800 0.03528 0.03528
0.63200 0.03577 0.03577
0.63600 0.03656 0.03656
0.64000 0.03773 0.03773
0.64400 0.03938 0.03938
0.64800 0.04161 0.04161
0.65200 0.04447 0.04447
0.65600 0.04792 0.04792
0.66000 0.05162 0.05162
0.66400 0.05489 0.05489
0.66800 0.05687 0.05687
0.67200 0.05704 0.05704
0.67600 0.05544 0.05544
0.68000 0.05245 0.05245
0.68400 0.04856 0.04856
0.68800 0.04431 0.04431
0.69200 0.04020 0.04020
0.69600 0.03656 0.03656
0.70000 0.03350 0.03350
0.70400 0.03099 0.03099
0.70800 0.02893 0.02893
0.71200 0.02723 0.02723
0.71600 0.02581 0.02581
0.72000 0.02461 0.02461
0.72400 0.02357 0.02357
0.72800 0.02266 0.02266
0.73200 0.02188 0.02188
0.73600 0.02119 0.02119
0.74000 0.02057 0.02057
0.74400 0.02002 0.02002
0.74800 0.01951 0.01951
0.75200 0.01905 0.01905
0.75600 0.01862 0.01862
0.76000 0.01821 0.01821
0.76400 0.01781 0.01781
0.76800 0.01744 0.01744
0.77200 0.01708 0.01708
0.77600 0.01674 0.01674
0.78000 0.01643 0.01643
0.78400 0.01613 0.01613
0.78800 0.01586 0.01586
0.79200 0.01561 0.01561
0.79600 0.01537 0.01537
0.80000 0.01515 0.01515
0.80400 0.01495 0.01495
0.80800 0.01476 0.01476
0.81200 0.01458 0.01458
0.81600 0.01443 0.01443
0.82000 0.01429 0.01429
0.82400 0.01417 0.01417
0.82800 0.01407 0.01407
0.83200 0.01400 0.01400
0.83600 0.01394 0.01394
0.84000 0.01391 0.01391
0.84400 0.01392 0.01392
0.84800 0.01398 0.01398
0.85200 0.01409 0.01409
0.85600 0.01429 0.01429
0.86000 0.01457 0.01457
0.86400 0.01499 0.01499
0.86800 0.01555 0.01555
0.87200 0.01629 0.01629
0.87600 0.01720 0.01720
0.88000 0.01821 0.01821
0.88400 0.01915 0.01915
0.88800 0.01977 0.01977
0.89200 0.01983 0.01983
0.89600 0.01933 0.01933
0.90000 0.01840 0.01840
0.90400 0.01727 0.01727
0.90800 0.01609 0.01609
0.91200 0.01500 0.01500
0.91600 0.01405 0.01405
0.92000 0.01325 0.01325
0.92400 0.01258 0.01258
0.92800 0.01201 0.01201
0.93200 0.01154 0.01154
0.93600 0.01113 0.01113
0.94000 0.01078 0.01078
0.94400 0.01048 0.01048
0.94800 0.01022 0.01022
0.95200 0.00998 0.00998
0.95600 0.00977 0.00977
0.96000 0.00958 0.00958
0.96400 0.00941 0.00941
0.96800 0.00925 0.00925
0.97200 0.00910 0.00910
0.97600 0.00897 0.00897
0.98000 0.00884 0.00884
0.98400 0.00871 0.00871
0.98800 0.00860 0.00860
0.99200 0.00849 0.00849
0.99600 0.00839 0.00839
1.00000 0.00830 0.00830
1.00400 0.00820 0.00820
1.00800 0.00811 0.00811
1.01200 0.00801 0.00801
1.01600 0.00792 0.00792
1.02000 0.00782 0.00782
1.02400 0.00772 0.00772
1.02800 0.00763 0.00763
1.03200 0.00754 0.00754
1.03600 0.00746 0.00746
1.04000 0.00738 0.00738
1.04400 0.00730 0.00730
1.04800 0.00722 0.00722
1.05200 0.00715 0.00715
1.05600 0.00708 0.00708
1.06000 0.00701 0.00701
1.06400 0.00694 0.00694
1.06800 0.00687 0.00687
1.07200 0.00681 0.00681
1.07600 0.00675 0.00675
1.08000 0.00669 0.00669
1.08400 0.00663 0.00663
1.08800 0.00657 0.00657
1.09200 0.00652 0.00652
1.09600 0.00646 0.00646
1.10000 0.00640 0.00640
1.10400 0.00635 0.00635
1.10800 0.00629 0.00629
1.11200 0.00623 0.00623
1.11600 0.00618 0.00618
1.12000 0.00612 0.00612
1.12400 0.00606 0.00606
1.12800 0.00601 0.00601
1.13200 0.00596 0.00596
1.13600 0.00590 0.00590
1.14000 0.00586 0.00586
1.14400 0.00581 0.00581
1.14800 0.00576 0.00576
1.15200 0.00571 0.00571
1.15600 0.00566 0.00566
1.16000 0.00562 0.00562
1.16400 0.00557 0.00557
1.16800 0.00552 0.00552
1.17200 0.00547 0.00547
1.17600 0.00542 0.00542
1.18000 0.00538 0.00538
1.18400 0.00533 0.00533
1.18800 0.00529 0.00529
1.19200 0.00525 0.00525
1.19600 0.00520 0.00520
1.20000 0.00516 0.00516
1.20400 0.00512 0.00512
1.20800 0.00508 0.00508
1.21200 0.00504 0.00504
1.21600 0.00500 0.00500
1.22000 0.00496 0.00496
1.22400 0.00493 0.00493
1.22800 0.00489 0.00489
1.23200 0.00485 0.00485
1.23600 0.00481 0.00481
1.24000 0.00478 0.00478
1.24400 0.00474 0.00474
1.24800 0.00471 0.00471
1.25200 0.00467 0.00467
1.25600 0.00464 0.00464
1.26000 0.00460 0.00460
1.26400 0.00457 0.00457
1.26800 0.00454 0.00454
1.27200 0.00450 0.00450
1.27600 0.00447 0.00447
1.28000 0.00444 0.00444
1.28400 0.00441 0.00441
1.28800 0.00438 0.00438
1.29200 0.00435 0.00435
1.29600 0.00432 0.00432
1.30000 0.00429 0.00429
1.30400 0.00426 0.00426
1.30800 0.00423 0.00423
1.31200 0.00420 0.00420
1.31600 0.00417 0.00417
1.32000 0.00414 0.00414
1.32400 0.00411 0.00411
1.32800 0.00408 0.00408
1.33200 0.00406 0.00406
1.33600 0.00403 0.00403
1.34000 0.00400 0.00400
1.34400 0.00397 0.00397
1.34800 0.00395 0.00395
1.35200 0.00392 0.00392
1.35600 0.00390 0.00390
1.36000 0.00387 0.00387
1.36400 0.00385 0.00385
1.36800 0.00382 0.00382
1.37200 0.00379 0.00379
1.37600 0.00377 0.00377
1.38000 0.00374 0.00374
1.38400 0.00372 0.00372
1.38800 0.00370 0.00370
1.39200 0.00367 0.00367
1.39600 0.00365 0.00365
1.40000 0.00362 0.00362
1.40400 0.00360 0.00360
1.40800 0.00358 0.00358
1.41200 0.00356 0.00356
1.41600 0.00353 0.00353
1.42000 0.00351 0.00351
1.42400 0.00349 0.00349
1.42800 0.00347 0.00347
1.43200 0.00345 0.00345
1.43600 0.00342 0.00342
1.44000 0.00340 0.00340
1.44400 0.00338 0.00338
1.44800 0.00336 0.00336
1.45200 0.00334 0.00334
1.45600 0.00332 0.00332
1.46000 0.00330 0.00330
1.46400 0.00328 0.00328
1.46800 0.00326 0.00326
1.47200 0.00324 0.00324
1.47600 0.00322 0.00322
1.48000 0.00320 0.00320
1.48400 0.00318 0.00318
1.48800 0.00316 0.00316
1.49200 0.00315 0.00315
1.49600 0.00313 0.00313
1.50000 0.00311 0.00311
1.50400 0.00309 0.00309
1.50800 0.00307 0.00307
1.51200 0.00305 0.00305
1.51600 0.00304 0.00304
1.52000 0.00302 0.00302
1.52400 0.00300 0.00300
1.52800 0.00299 0.00299
1.53200 0.00297 0.00297
1.53600 0.00295 0.00295
1.54000 0.00293 0.00293
1.54400 0.00292 0.00292
1.54800 0.00290 0.00290
1.55200 0.00289 0.00289
1.55600 0.00287 0.00287
1.56000 0.00285 0.00285
1.56400 0.00284 0.00284
1.56800 0.00282 0.00282
1.57200 0.00281 0.00281
1.57600 0.00279 0.00279
1.58000 0.00278 0.00278
1.58400 0.00276 0.00276
1.58800 0.00275 0.00275
1.59200 0.00273 0.00273
1.59600 0.00272 0.00272
1.60000 0.00270 0.00270
1.60400 0.00269 0.00269
1.60800 0.00267 0.00267
1.61200 0.00266 0.00266
1.61600 0.00264 0.00264
1.62000 0.00263 0.00263
1.62400 0.00261 0.00261
1.62800 0.00260 0.00260
1.63200 0.00259 0.00259
1.63600 0.00257 0.00257
1.64000 0.00256 0.00256
1.64400 0.00255 0.00255
1.64800 0.00253 0.00253
1.65200 0.00252 0.00252
1.65600 0.00251 0.00251
1.66000 0.00249 0.00249
1.66400 0.00248 0.00248
1.66800 0.00247 0.00247
1.67200 0.00245 0.00245
1.67600 0.00244 0.00244
1.68000 0.00243 0.00243
1.68400 0.00242 0.00242
1.68800 0.00240 0.00240
1.69200 0.00239 0.00239
1.69600 0.00238 0.00238
1.70000 0.00237 0.00237
1.70400 0.00236 0.00236
1.70800 0.00235 0.00235
1.71200 0.00233 0.00233
1.71600 0.00232 0.00232
1.72000 0.00231 0.00231
1.72400 0.00230 0.00230
1.72800 0.00229 0.00229
1.73200 0.00228 0.00228
1.73600 0.00226 0.00226
1.74000 0.00225 0.00225
1.74400 0.00224 0.00224
1.74800 0.00223 0.00223
1.75200 0.00222 0.00222
1.75600 0.00221 0.00221
1.76000 0.00220 0.00220
1.76400 0.00219 0.00219
1.76800 0.00218 0.00218
1.77200 0.00217 0.00217
1.77600 0.00216 0.00216
1.78000 0.00215 0.00215
1.78400 0.00214 0.00214
1.78800 0.00213 0.00213
1.79200 0.00212 0.00212
1.79600 0.00211 0.00211
1.80000 0.00210 0.00210
1.80400 0.00209 0.00209
1.80800 0.00208 0.00208
1.81200 0.00207 0.00207
1.81600 0.00206 0.00206
1.82000 0.00205 0.00205
1.82400 0.00204 0.00204
1.82800 0.00203 0.00203
1.83200 0.00202 0.00202
1.83600 0.00201 0.00201
1.84000 0.00200 0.00200
1.84400 0.00199 0.00199
1.84800 0.00198 0.00198
1.85200 0.00197 0.00197
1.85600 0.00196 0.00196
1.86000 0.00195 0.00195
1.86400 0.00195 0.00195
1.86800 0.00194 0.00194
1.87200 0.00193 0.00193
1.87600 0.00192 0.00192
1.88000 0.00191 0.00191
1.88400 0.00190 0.00190
1.88800 0.00189 0.00189
1.89200 0.00188 0.00188
1.89600 0.00188 0.00188
1.90000 0.00187 0.00187
1.90400 0.00186 0.00186
1.90800 0.00185 0.00185
1.91200 0.00184 0.00184
1.91600 0.00183 0.00183
1.92000 0.00183 0.00183
1.92400 0.00182 0.00182
1.92800 0.00181 0.00181
1.93200 0.00180 0.00180
1.93600 0.00180 0.00180
1.94000 0.00179 0.00179
1.94400 0.00178 0.00178
1.94800 0.00177 0.00177
1.95200 0.00176 0.00176
1.95600 0.00176 0.00176
1.96000 0.00175 0.00175
1.96400 0.00174 0.00174
1.96800 0.00173 0.00173
1.97200 0.00173 0.00173
1.97600 0.00172 0.00172
1.98000 0.00171 0.00171
1.98400 0.00170 0.00170
1.98800 0.00170 0.00170
1.99200 0.00169 0.00169
1.99600 0.00168 0.00168
2.00000 0.00168 0.00168
