******************************************
******************************************
NF = 24, M = 12, Nimp = 2
******************************************
[[-0.75   0.     0.     0.     0.087  0.     0.108  0.     0.113  0.     0.108  0.     0.087  0.     0.     0.     0.     0.     0.     0.     0.     0.     0.     0.   ]
 [ 0.    -0.75   0.     0.     0.     0.087  0.     0.108  0.     0.113  0.     0.108  0.     0.087  0.     0.     0.     0.     0.     0.     0.     0.     0.     0.   ]
 [ 0.     0.    -0.75   0.     0.     0.     0.     0.     0.     0.     0.     0.     0.     0.     0.087  0.     0.108  0.     0.113  0.     0.108  0.     0.087  0.   ]
 [ 0.     0.     0.    -0.75   0.     0.     0.     0.     0.     0.     0.     0.     0.     0.     0.     0.087  0.     0.108  0.     0.113  0.     0.108  0.     0.087]
 [ 0.087  0.     0.     0.    -0.8   -0.     0.     0.     0.     0.     0.     0.     0.     0.     0.     0.     0.     0.     0.     0.     0.     0.     0.     0.   ]
 [ 0.     0.087  0.     0.    -0.    -0.8    0.     0.     0.     0.     0.     0.     0.     0.     0.     0.     0.     0.     0.     0.     0.     0.     0.     0.   ]
 [ 0.108  0.     0.     0.     0.     0.    -0.4   -0.     0.     0.     0.     0.     0.     0.     0.     0.     0.     0.     0.     0.     0.     0.     0.     0.   ]
 [ 0.     0.108  0.     0.     0.     0.    -0.    -0.4    0.     0.     0.     0.     0.     0.     0.     0.     0.     0.     0.     0.     0.     0.     0.     0.   ]
 [ 0.113  0.     0.     0.     0.     0.     0.     0.     0.     0.     0.     0.     0.     0.     0.     0.     0.     0.     0.     0.     0.     0.     0.     0.   ]
 [ 0.     0.113  0.     0.     0.     0.     0.     0.     0.     0.     0.     0.     0.     0.     0.     0.     0.     0.     0.     0.     0.     0.     0.     0.   ]
 [ 0.108  0.     0.     0.     0.     0.     0.     0.     0.     0.     0.4    0.     0.     0.     0.     0.     0.     0.     0.     0.     0.     0.     0.     0.   ]
 [ 0.     0.108  0.     0.     0.     0.     0.     0.     0.     0.     0.     0.4    0.     0.     0.     0.     0.     0.     0.     0.     0.     0.     0.     0.   ]
 [ 0.087  0.     0.     0.     0.     0.     0.     0.     0.     0.     0.     0.     0.8    0.     0.     0.     0.     0.     0.     0.     0.     0.     0.     0.   ]
 [ 0.     0.087  0.     0.     0.     0.     0.     0.     0.     0.     0.     0.     0.     0.8    0.     0.     0.     0.     0.     0.     0.     0.     0.     0.   ]
 [ 0.     0.     0.087  0.     0.     0.     0.     0.     0.     0.     0.     0.     0.     0.    -0.8   -0.     0.     0.     0.     0.     0.     0.     0.     0.   ]
 [ 0.     0.     0.     0.087  0.     0.     0.     0.     0.     0.     0.     0.     0.     0.    -0.    -0.8    0.     0.     0.     0.     0.     0.     0.     0.   ]
 [ 0.     0.     0.108  0.     0.     0.     0.     0.     0.     0.     0.     0.     0.     0.     0.     0.    -0.4   -0.     0.     0.     0.     0.     0.     0.   ]
 [ 0.     0.     0.     0.108  0.     0.     0.     0.     0.     0.     0.     0.     0.     0.     0.     0.    -0.    -0.4    0.     0.     0.     0.     0.     0.   ]
 [ 0.     0.     0.113  0.     0.     0.     0.     0.     0.     0.     0.     0.     0.     0.     0.     0.     0.     0.     0.     0.     0.     0.     0.     0.   ]
 [ 0.     0.     0.     0.113  0.     0.     0.     0.     0.     0.     0.     0.     0.     0.     0.     0.     0.     0.     0.     0.     0.     0.     0.     0.   ]
 [ 0.     0.     0.108  0.     0.     0.     0.     0.     0.     0.     0.     0.     0.     0.     0.     0.     0.     0.     0.     0.     0.4    0.     0.     0.   ]
 [ 0.     0.     0.     0.108  0.     0.     0.     0.     0.     0.     0.     0.     0.     0.     0.     0.     0.     0.     0.     0.     0.     0.4    0.     0.   ]
 [ 0.     0.     0.087  0.     0.     0.     0.     0.     0.     0.     0.     0.     0.     0.     0.     0.     0.     0.     0.     0.     0.     0.     0.8    0.   ]
 [ 0.     0.     0.     0.087  0.     0.     0.     0.     0.     0.     0.     0.     0.     0.     0.     0.     0.     0.     0.     0.     0.     0.     0.     0.8  ]]
************
[[-0.75   0.     0.087  0.108  0.113  0.108  0.087  0.     0.     0.     0.     0.   ]
 [ 0.    -0.75   0.     0.     0.     0.     0.     0.087  0.108  0.113  0.108  0.087]
 [ 0.087  0.    -0.8    0.     0.     0.     0.     0.     0.     0.     0.     0.   ]
 [ 0.108  0.     0.    -0.4    0.     0.     0.     0.     0.     0.     0.     0.   ]
 [ 0.113  0.     0.     0.     0.     0.     0.     0.     0.     0.     0.     0.   ]
 [ 0.108  0.     0.     0.     0.     0.4    0.     0.     0.     0.     0.     0.   ]
 [ 0.087  0.     0.     0.     0.     0.     0.8    0.     0.     0.     0.     0.   ]
 [ 0.     0.087  0.     0.     0.     0.     0.    -0.8    0.     0.     0.     0.   ]
 [ 0.     0.108  0.     0.     0.     0.     0.     0.    -0.4    0.     0.     0.   ]
 [ 0.     0.113  0.     0.     0.     0.     0.     0.     0.     0.     0.     0.   ]
 [ 0.     0.108  0.     0.     0.     0.     0.     0.     0.     0.     0.4    0.   ]
 [ 0.     0.087  0.     0.     0.     0.     0.     0.     0.     0.     0.     0.8  ]]
U((0, 0, 0, 0)) = (0.5+0j)
setting to 0
U((0, 1, 0, 1)) = (0.5+0j)
U((0, 12, 0, 12)) = (0.5+0j)
U((0, 13, 0, 13)) = (0.5+0j)
U((1, 0, 1, 0)) = (0.5+0j)
U((1, 1, 1, 1)) = (0.5+0j)
setting to 0
U((1, 12, 1, 12)) = (0.5+0j)
U((1, 13, 1, 13)) = (0.5+0j)
U((12, 0, 12, 0)) = (0.5+0j)
U((12, 1, 12, 1)) = (0.5+0j)
U((12, 12, 12, 12)) = (0.5+0j)
setting to 0
U((12, 13, 12, 13)) = (0.5+0j)
U((13, 0, 13, 0)) = (0.5+0j)
U((13, 1, 13, 1)) = (0.5+0j)
U((13, 12, 13, 12)) = (0.5+0j)
U((13, 13, 13, 13)) = (0.5+0j)
setting to 0
h0_0 size:  (24, 24)
U_0 size:  (24, 24, 24, 24)
Going with Nelec_imp = 2, nbath = 10, Nelec = 12
imp_indices_full = [0, 1, 12, 13]
h0_0 = 
[[-0.75   0.     0.087  0.108  0.113  0.108  0.087  0.     0.     0.     0.     0.     0.     0.     0.     0.     0.     0.     0.     0.     0.     0.     0.     0.   ]
 [ 0.    -0.75   0.     0.     0.     0.     0.     0.087  0.108  0.113  0.108  0.087  0.     0.     0.     0.     0.     0.     0.     0.     0.     0.     0.     0.   ]
 [ 0.087  0.    -0.8    0.     0.     0.     0.     0.     0.     0.     0.     0.     0.     0.    -0.     0.     0.     0.     0.     0.     0.     0.     0.     0.   ]
 [ 0.108  0.     0.    -0.4    0.     0.     0.     0.     0.     0.     0.     0.     0.     0.     0.    -0.     0.     0.     0.     0.     0.     0.     0.     0.   ]
 [ 0.113  0.     0.     0.     0.     0.     0.     0.     0.     0.     0.     0.     0.     0.     0.     0.     0.     0.     0.     0.     0.     0.     0.     0.   ]
 [ 0.108  0.     0.     0.     0.     0.4    0.     0.     0.     0.     0.     0.     0.     0.     0.     0.     0.     0.     0.     0.     0.     0.     0.     0.   ]
 [ 0.087  0.     0.     0.     0.     0.     0.8    0.     0.     0.     0.     0.     0.     0.     0.     0.     0.     0.     0.     0.     0.     0.     0.     0.   ]
 [ 0.     0.087  0.     0.     0.     0.     0.    -0.8    0.     0.     0.     0.     0.     0.     0.     0.     0.     0.     0.    -0.     0.     0.     0.     0.   ]
 [ 0.     0.108  0.     0.     0.     0.     0.     0.    -0.4    0.     0.     0.     0.     0.     0.     0.     0.     0.     0.     0.    -0.     0.     0.     0.   ]
 [ 0.     0.113  0.     0.     0.     0.     0.     0.     0.     0.     0.     0.     0.     0.     0.     0.     0.     0.     0.     0.     0.     0.     0.     0.   ]
 [ 0.     0.108  0.     0.     0.     0.     0.     0.     0.     0.     0.4    0.     0.     0.     0.     0.     0.     0.     0.     0.     0.     0.     0.     0.   ]
 [ 0.     0.087  0.     0.     0.     0.     0.     0.     0.     0.     0.     0.8    0.     0.     0.     0.     0.     0.     0.     0.     0.     0.     0.     0.   ]
 [ 0.     0.     0.     0.     0.     0.     0.     0.     0.     0.     0.     0.    -0.75   0.     0.087  0.108  0.113  0.108  0.087  0.     0.     0.     0.     0.   ]
 [ 0.     0.     0.     0.     0.     0.     0.     0.     0.     0.     0.     0.     0.    -0.75   0.     0.     0.     0.     0.     0.087  0.108  0.113  0.108  0.087]
 [ 0.     0.    -0.     0.     0.     0.     0.     0.     0.     0.     0.     0.     0.087  0.    -0.8    0.     0.     0.     0.     0.     0.     0.     0.     0.   ]
 [ 0.     0.     0.    -0.     0.     0.     0.     0.     0.     0.     0.     0.     0.108  0.     0.    -0.4    0.     0.     0.     0.     0.     0.     0.     0.   ]
 [ 0.     0.     0.     0.     0.     0.     0.     0.     0.     0.     0.     0.     0.113  0.     0.     0.     0.     0.     0.     0.     0.     0.     0.     0.   ]
 [ 0.     0.     0.     0.     0.     0.     0.     0.     0.     0.     0.     0.     0.108  0.     0.     0.     0.     0.4    0.     0.     0.     0.     0.     0.   ]
 [ 0.     0.     0.     0.     0.     0.     0.     0.     0.     0.     0.     0.     0.087  0.     0.     0.     0.     0.     0.8    0.     0.     0.     0.     0.   ]
 [ 0.     0.     0.     0.     0.     0.     0.    -0.     0.     0.     0.     0.     0.     0.087  0.     0.     0.     0.     0.    -0.8    0.     0.     0.     0.   ]
 [ 0.     0.     0.     0.     0.     0.     0.     0.    -0.     0.     0.     0.     0.     0.108  0.     0.     0.     0.     0.     0.    -0.4    0.     0.     0.   ]
 [ 0.     0.     0.     0.     0.     0.     0.     0.     0.     0.     0.     0.     0.     0.113  0.     0.     0.     0.     0.     0.     0.     0.     0.     0.   ]
 [ 0.     0.     0.     0.     0.     0.     0.     0.     0.     0.     0.     0.     0.     0.108  0.     0.     0.     0.     0.     0.     0.     0.     0.4    0.   ]
 [ 0.     0.     0.     0.     0.     0.     0.     0.     0.     0.     0.     0.     0.     0.087  0.     0.     0.     0.     0.     0.     0.     0.     0.     0.8  ]]


--------------------------------------------------------------
Mean-Field Self-Consistent Procedure with block handling
--------------------------------------------------------------
[V1] mfscf proc with Ne=12, maxiter=100, alpha=0.2, threshold=1e-07, spinsym_only = False
[V1] Symmetry analysis found 4 blocks.
[V1] Found 1 unique groups of blocks.
[V1] Blocks: [[0, 2, 3, 4, 5, 6], [1, 7, 8, 9, 10, 11], [12, 14, 15, 16, 17, 18], [13, 19, 20, 21, 22, 23]]
[V1] Identical Groups (by block index): [[0, 1, 2, 3]]
[V1] iter 0, Tr(rho*h0) = -5.57387740
[V1] Ne = 12, initial tr(rho) = 12.00000000+0.00000000j
[V1] mixing parameter: α = 0.2
[V2] Number of non-zero U elements: 12
[V1] Iter         E_total          E_corr        ΔE_total
[V2] U is sparse, using nzU
[V1]    1     -2.94006869     -2.63380871      1.0029e+03
[V1]   10     -4.15361235     -0.54118169      2.3719e-02
[V1]   20     -4.23827079     -0.53751293      2.5458e-03
[V1]   30     -4.24736062     -0.53751005      2.7335e-04
[V1]   40     -4.24833663     -0.53751005      2.9351e-05
[V1]   50     -4.24844143     -0.53751005      3.1516e-06
[V1]   60     -4.24845268     -0.53751005      3.3840e-07
[V1] Converged in 66 iterations.
[V1] Final tr(rho) = 12.00000000+0.00000000j
[V2] Reordering final eigenvectors to spin-blocked convention...
hmf = 
[[-0.115  0.     0.087  0.108  0.113  0.108  0.087  0.     0.     0.     0.     0.     0.     0.     0.     0.     0.     0.     0.     0.     0.     0.     0.     0.   ]
 [ 0.    -0.115  0.     0.     0.     0.     0.     0.087  0.108  0.113  0.108  0.087  0.     0.     0.     0.     0.     0.     0.     0.     0.     0.     0.     0.   ]
 [ 0.087  0.    -0.8    0.     0.     0.     0.     0.     0.     0.     0.     0.     0.     0.     0.     0.     0.     0.     0.     0.     0.     0.     0.     0.   ]
 [ 0.108  0.     0.    -0.4    0.     0.     0.     0.     0.     0.     0.     0.     0.     0.     0.     0.     0.     0.     0.     0.     0.     0.     0.     0.   ]
 [ 0.113  0.     0.     0.     0.     0.     0.     0.     0.     0.     0.     0.     0.     0.     0.     0.     0.     0.     0.     0.     0.     0.     0.     0.   ]
 [ 0.108  0.     0.     0.     0.     0.4    0.     0.     0.     0.     0.     0.     0.     0.     0.     0.     0.     0.     0.     0.     0.     0.     0.     0.   ]
 [ 0.087  0.     0.     0.     0.     0.     0.8    0.     0.     0.     0.     0.     0.     0.     0.     0.     0.     0.     0.     0.     0.     0.     0.     0.   ]
 [ 0.     0.087  0.     0.     0.     0.     0.    -0.8    0.     0.     0.     0.     0.     0.     0.     0.     0.     0.     0.     0.     0.     0.     0.     0.   ]
 [ 0.     0.108  0.     0.     0.     0.     0.     0.    -0.4    0.     0.     0.     0.     0.     0.     0.     0.     0.     0.     0.     0.     0.     0.     0.   ]
 [ 0.     0.113  0.     0.     0.     0.     0.     0.     0.     0.     0.     0.     0.     0.     0.     0.     0.     0.     0.     0.     0.     0.     0.     0.   ]
 [ 0.     0.108  0.     0.     0.     0.     0.     0.     0.     0.     0.4    0.     0.     0.     0.     0.     0.     0.     0.     0.     0.     0.     0.     0.   ]
 [ 0.     0.087  0.     0.     0.     0.     0.     0.     0.     0.     0.     0.8    0.     0.     0.     0.     0.     0.     0.     0.     0.     0.     0.     0.   ]
 [ 0.     0.     0.     0.     0.     0.     0.     0.     0.     0.     0.     0.    -0.115  0.     0.087  0.108  0.113  0.108  0.087  0.     0.     0.     0.     0.   ]
 [ 0.     0.     0.     0.     0.     0.     0.     0.     0.     0.     0.     0.     0.    -0.115  0.     0.     0.     0.     0.     0.087  0.108  0.113  0.108  0.087]
 [ 0.     0.     0.     0.     0.     0.     0.     0.     0.     0.     0.     0.     0.087  0.    -0.8    0.     0.     0.     0.     0.     0.     0.     0.     0.   ]
 [ 0.     0.     0.     0.     0.     0.     0.     0.     0.     0.     0.     0.     0.108  0.     0.    -0.4    0.     0.     0.     0.     0.     0.     0.     0.   ]
 [ 0.     0.     0.     0.     0.     0.     0.     0.     0.     0.     0.     0.     0.113  0.     0.     0.     0.     0.     0.     0.     0.     0.     0.     0.   ]
 [ 0.     0.     0.     0.     0.     0.     0.     0.     0.     0.     0.     0.     0.108  0.     0.     0.     0.     0.4    0.     0.     0.     0.     0.     0.   ]
 [ 0.     0.     0.     0.     0.     0.     0.     0.     0.     0.     0.     0.     0.087  0.     0.     0.     0.     0.     0.8    0.     0.     0.     0.     0.   ]
 [ 0.     0.     0.     0.     0.     0.     0.     0.     0.     0.     0.     0.     0.     0.087  0.     0.     0.     0.     0.    -0.8    0.     0.     0.     0.   ]
 [ 0.     0.     0.     0.     0.     0.     0.     0.     0.     0.     0.     0.     0.     0.108  0.     0.     0.     0.     0.     0.    -0.4    0.     0.     0.   ]
 [ 0.     0.     0.     0.     0.     0.     0.     0.     0.     0.     0.     0.     0.     0.113  0.     0.     0.     0.     0.     0.     0.     0.     0.     0.   ]
 [ 0.     0.     0.     0.     0.     0.     0.     0.     0.     0.     0.     0.     0.     0.108  0.     0.     0.     0.     0.     0.     0.     0.     0.4    0.   ]
 [ 0.     0.     0.     0.     0.     0.     0.     0.     0.     0.     0.     0.     0.     0.087  0.     0.     0.     0.     0.     0.     0.     0.     0.     0.8  ]]
DEBUG, Nimp_sf = 4
hmf_ab = 
[[-0.115+0.j  0.   +0.j  0.   +0.j  0.   +0.j  0.087+0.j  0.   +0.j  0.108+0.j  0.   +0.j  0.113+0.j  0.   +0.j  0.108+0.j  0.   +0.j  0.087+0.j  0.   +0.j  0.   +0.j  0.   +0.j  0.   +0.j  0.   +0.j  0.   +0.j  0.   +0.j  0.   +0.j  0.   +0.j  0.   +0.j  0.   +0.j]
 [ 0.   +0.j -0.115+0.j  0.   +0.j  0.   +0.j  0.   +0.j  0.087+0.j  0.   +0.j  0.108+0.j  0.   +0.j  0.113+0.j  0.   +0.j  0.108+0.j  0.   +0.j  0.087+0.j  0.   +0.j  0.   +0.j  0.   +0.j  0.   +0.j  0.   +0.j  0.   +0.j  0.   +0.j  0.   +0.j  0.   +0.j  0.   +0.j]
 [ 0.   +0.j  0.   +0.j -0.115+0.j  0.   +0.j  0.   +0.j  0.   +0.j  0.   +0.j  0.   +0.j  0.   +0.j  0.   +0.j  0.   +0.j  0.   +0.j  0.   +0.j  0.   +0.j  0.087+0.j  0.   +0.j  0.108+0.j  0.   +0.j  0.113+0.j  0.   +0.j  0.108+0.j  0.   +0.j  0.087+0.j  0.   +0.j]
 [ 0.   +0.j  0.   +0.j  0.   +0.j -0.115+0.j  0.   +0.j  0.   +0.j  0.   +0.j  0.   +0.j  0.   +0.j  0.   +0.j  0.   +0.j  0.   +0.j  0.   +0.j  0.   +0.j  0.   +0.j  0.087+0.j  0.   +0.j  0.108+0.j  0.   +0.j  0.113+0.j  0.   +0.j  0.108+0.j  0.   +0.j  0.087+0.j]
 [ 0.087+0.j  0.   +0.j  0.   +0.j  0.   +0.j -0.8  +0.j  0.   +0.j  0.   +0.j  0.   +0.j  0.   +0.j  0.   +0.j  0.   +0.j  0.   +0.j  0.   +0.j  0.   +0.j  0.   +0.j  0.   +0.j  0.   +0.j  0.   +0.j  0.   +0.j  0.   +0.j  0.   +0.j  0.   +0.j  0.   +0.j  0.   +0.j]
 [ 0.   +0.j  0.087+0.j  0.   +0.j  0.   +0.j  0.   +0.j -0.8  +0.j  0.   +0.j  0.   +0.j  0.   +0.j  0.   +0.j  0.   +0.j  0.   +0.j  0.   +0.j  0.   +0.j  0.   +0.j  0.   +0.j  0.   +0.j  0.   +0.j  0.   +0.j  0.   +0.j  0.   +0.j  0.   +0.j  0.   +0.j  0.   +0.j]
 [ 0.108+0.j  0.   +0.j  0.   +0.j  0.   +0.j  0.   +0.j  0.   +0.j -0.4  +0.j  0.   +0.j  0.   +0.j  0.   +0.j  0.   +0.j  0.   +0.j  0.   +0.j  0.   +0.j  0.   +0.j  0.   +0.j  0.   +0.j  0.   +0.j  0.   +0.j  0.   +0.j  0.   +0.j  0.   +0.j  0.   +0.j  0.   +0.j]
 [ 0.   +0.j  0.108+0.j  0.   +0.j  0.   +0.j  0.   +0.j  0.   +0.j  0.   +0.j -0.4  +0.j  0.   +0.j  0.   +0.j  0.   +0.j  0.   +0.j  0.   +0.j  0.   +0.j  0.   +0.j  0.   +0.j  0.   +0.j  0.   +0.j  0.   +0.j  0.   +0.j  0.   +0.j  0.   +0.j  0.   +0.j  0.   +0.j]
 [ 0.113+0.j  0.   +0.j  0.   +0.j  0.   +0.j  0.   +0.j  0.   +0.j  0.   +0.j  0.   +0.j  0.   +0.j  0.   +0.j  0.   +0.j  0.   +0.j  0.   +0.j  0.   +0.j  0.   +0.j  0.   +0.j  0.   +0.j  0.   +0.j  0.   +0.j  0.   +0.j  0.   +0.j  0.   +0.j  0.   +0.j  0.   +0.j]
 [ 0.   +0.j  0.113+0.j  0.   +0.j  0.   +0.j  0.   +0.j  0.   +0.j  0.   +0.j  0.   +0.j  0.   +0.j  0.   +0.j  0.   +0.j  0.   +0.j  0.   +0.j  0.   +0.j  0.   +0.j  0.   +0.j  0.   +0.j  0.   +0.j  0.   +0.j  0.   +0.j  0.   +0.j  0.   +0.j  0.   +0.j  0.   +0.j]
 [ 0.108+0.j  0.   +0.j  0.   +0.j  0.   +0.j  0.   +0.j  0.   +0.j  0.   +0.j  0.   +0.j  0.   +0.j  0.   +0.j  0.4  +0.j  0.   +0.j  0.   +0.j  0.   +0.j  0.   +0.j  0.   +0.j  0.   +0.j  0.   +0.j  0.   +0.j  0.   +0.j  0.   +0.j  0.   +0.j  0.   +0.j  0.   +0.j]
 [ 0.   +0.j  0.108+0.j  0.   +0.j  0.   +0.j  0.   +0.j  0.   +0.j  0.   +0.j  0.   +0.j  0.   +0.j  0.   +0.j  0.   +0.j  0.4  +0.j  0.   +0.j  0.   +0.j  0.   +0.j  0.   +0.j  0.   +0.j  0.   +0.j  0.   +0.j  0.   +0.j  0.   +0.j  0.   +0.j  0.   +0.j  0.   +0.j]
 [ 0.087+0.j  0.   +0.j  0.   +0.j  0.   +0.j  0.   +0.j  0.   +0.j  0.   +0.j  0.   +0.j  0.   +0.j  0.   +0.j  0.   +0.j  0.   +0.j  0.8  +0.j  0.   +0.j  0.   +0.j  0.   +0.j  0.   +0.j  0.   +0.j  0.   +0.j  0.   +0.j  0.   +0.j  0.   +0.j  0.   +0.j  0.   +0.j]
 [ 0.   +0.j  0.087+0.j  0.   +0.j  0.   +0.j  0.   +0.j  0.   +0.j  0.   +0.j  0.   +0.j  0.   +0.j  0.   +0.j  0.   +0.j  0.   +0.j  0.   +0.j  0.8  +0.j  0.   +0.j  0.   +0.j  0.   +0.j  0.   +0.j  0.   +0.j  0.   +0.j  0.   +0.j  0.   +0.j  0.   +0.j  0.   +0.j]
 [ 0.   +0.j  0.   +0.j  0.087+0.j  0.   +0.j  0.   +0.j  0.   +0.j  0.   +0.j  0.   +0.j  0.   +0.j  0.   +0.j  0.   +0.j  0.   +0.j  0.   +0.j  0.   +0.j -0.8  +0.j  0.   +0.j  0.   +0.j  0.   +0.j  0.   +0.j  0.   +0.j  0.   +0.j  0.   +0.j  0.   +0.j  0.   +0.j]
 [ 0.   +0.j  0.   +0.j  0.   +0.j  0.087+0.j  0.   +0.j  0.   +0.j  0.   +0.j  0.   +0.j  0.   +0.j  0.   +0.j  0.   +0.j  0.   +0.j  0.   +0.j  0.   +0.j  0.   +0.j -0.8  +0.j  0.   +0.j  0.   +0.j  0.   +0.j  0.   +0.j  0.   +0.j  0.   +0.j  0.   +0.j  0.   +0.j]
 [ 0.   +0.j  0.   +0.j  0.108+0.j  0.   +0.j  0.   +0.j  0.   +0.j  0.   +0.j  0.   +0.j  0.   +0.j  0.   +0.j  0.   +0.j  0.   +0.j  0.   +0.j  0.   +0.j  0.   +0.j  0.   +0.j -0.4  +0.j  0.   +0.j  0.   +0.j  0.   +0.j  0.   +0.j  0.   +0.j  0.   +0.j  0.   +0.j]
 [ 0.   +0.j  0.   +0.j  0.   +0.j  0.108+0.j  0.   +0.j  0.   +0.j  0.   +0.j  0.   +0.j  0.   +0.j  0.   +0.j  0.   +0.j  0.   +0.j  0.   +0.j  0.   +0.j  0.   +0.j  0.   +0.j  0.   +0.j -0.4  +0.j  0.   +0.j  0.   +0.j  0.   +0.j  0.   +0.j  0.   +0.j  0.   +0.j]
 [ 0.   +0.j  0.   +0.j  0.113+0.j  0.   +0.j  0.   +0.j  0.   +0.j  0.   +0.j  0.   +0.j  0.   +0.j  0.   +0.j  0.   +0.j  0.   +0.j  0.   +0.j  0.   +0.j  0.   +0.j  0.   +0.j  0.   +0.j  0.   +0.j  0.   +0.j  0.   +0.j  0.   +0.j  0.   +0.j  0.   +0.j  0.   +0.j]
 [ 0.   +0.j  0.   +0.j  0.   +0.j  0.113+0.j  0.   +0.j  0.   +0.j  0.   +0.j  0.   +0.j  0.   +0.j  0.   +0.j  0.   +0.j  0.   +0.j  0.   +0.j  0.   +0.j  0.   +0.j  0.   +0.j  0.   +0.j  0.   +0.j  0.   +0.j  0.   +0.j  0.   +0.j  0.   +0.j  0.   +0.j  0.   +0.j]
 [ 0.   +0.j  0.   +0.j  0.108+0.j  0.   +0.j  0.   +0.j  0.   +0.j  0.   +0.j  0.   +0.j  0.   +0.j  0.   +0.j  0.   +0.j  0.   +0.j  0.   +0.j  0.   +0.j  0.   +0.j  0.   +0.j  0.   +0.j  0.   +0.j  0.   +0.j  0.   +0.j  0.4  +0.j  0.   +0.j  0.   +0.j  0.   +0.j]
 [ 0.   +0.j  0.   +0.j  0.   +0.j  0.108+0.j  0.   +0.j  0.   +0.j  0.   +0.j  0.   +0.j  0.   +0.j  0.   +0.j  0.   +0.j  0.   +0.j  0.   +0.j  0.   +0.j  0.   +0.j  0.   +0.j  0.   +0.j  0.   +0.j  0.   +0.j  0.   +0.j  0.   +0.j  0.4  +0.j  0.   +0.j  0.   +0.j]
 [ 0.   +0.j  0.   +0.j  0.087+0.j  0.   +0.j  0.   +0.j  0.   +0.j  0.   +0.j  0.   +0.j  0.   +0.j  0.   +0.j  0.   +0.j  0.   +0.j  0.   +0.j  0.   +0.j  0.   +0.j  0.   +0.j  0.   +0.j  0.   +0.j  0.   +0.j  0.   +0.j  0.   +0.j  0.   +0.j  0.8  +0.j  0.   +0.j]
 [ 0.   +0.j  0.   +0.j  0.   +0.j  0.087+0.j  0.   +0.j  0.   +0.j  0.   +0.j  0.   +0.j  0.   +0.j  0.   +0.j  0.   +0.j  0.   +0.j  0.   +0.j  0.   +0.j  0.   +0.j  0.   +0.j  0.   +0.j  0.   +0.j  0.   +0.j  0.   +0.j  0.   +0.j  0.   +0.j  0.   +0.j  0.8  +0.j]]

--- Analyzed Structure ---
Found 4 blocks
Blocks: [[0, 4, 6, 8, 10, 12], [1, 5, 7, 9, 11, 13], [2, 14, 16, 18, 20, 22], [3, 15, 17, 19, 21, 23]]
Identical Groups (by block index): [[0, 1, 2, 3]]
[blocks] 4 blocks; identical groups: [[0, 1, 2, 3]]
[check] Tr rho = 12.000000000000, sum blocks = 12.000000000000, Nelec = 12
[leader block 0] size=6 Nimp_b=1 Nelec_b=3
DEBUG: C1 = 
[[ 1.     0.     0.     0.     0.     0.   ]
 [ 0.    -0.062  0.88   0.47  -0.007  0.   ]
 [ 0.    -0.138 -0.474  0.869 -0.023 -0.   ]
 [ 0.    -0.94   0.012 -0.151 -0.303 -0.045]
 [ 0.    -0.276 -0.001 -0.023  0.784  0.556]
 [ 0.    -0.133 -0.001 -0.008  0.541 -0.83 ]]
DEBUG: C2 = 
[[1. 0. 0. 0. 0. 0.]
 [0. 1. 0. 0. 0. 0.]
 [0. 0. 1. 0. 0. 0.]
 [0. 0. 0. 1. 0. 0.]
 [0. 0. 0. 0. 1. 0.]
 [0. 0. 0. 0. 0. 1.]]
DEBUG: C3 = 
[[-0.838  0.545  0.     0.     0.     0.   ]
 [-0.545 -0.838  0.     0.     0.     0.   ]
 [ 0.     0.     1.     0.     0.     0.   ]
 [ 0.     0.     0.     1.     0.     0.   ]
 [ 0.     0.     0.     0.     1.     0.   ]
 [ 0.     0.     0.     0.     0.     1.   ]]
DEBUG: C4 = 
[[ 1.     0.     0.     0.     0.     0.   ]
 [ 0.     1.     0.     0.     0.     0.   ]
 [ 0.     0.    -0.228  0.974  0.     0.   ]
 [ 0.     0.    -0.974 -0.228  0.     0.   ]
 [ 0.     0.     0.     0.     0.983 -0.183]
 [ 0.     0.     0.     0.    -0.183 -0.983]]
DEBUG: C_total = 
[[-0.838  0.545  0.     0.     0.     0.   ]
 [ 0.034  0.052 -0.659  0.75  -0.007  0.001]
 [ 0.075  0.116 -0.738 -0.66  -0.022  0.005]
 [ 0.512  0.788  0.144  0.046 -0.289  0.1  ]
 [ 0.15   0.231  0.023  0.004  0.669 -0.69 ]
 [ 0.073  0.112  0.008  0.001  0.684  0.717]]
DEBUG: C_total_restored = 
[[ 1.    -0.     0.     0.     0.     0.   ]
 [ 0.    -0.062 -0.659  0.75  -0.007  0.001]
 [ 0.    -0.138 -0.738 -0.66  -0.022  0.005]
 [ 0.    -0.94   0.144  0.046 -0.289  0.1  ]
 [-0.    -0.276  0.023  0.004  0.669 -0.69 ]
 [-0.    -0.133  0.008  0.001  0.684  0.717]]
h_block_final:
[[-0.115 -0.168 -0.118  0.     0.096 -0.   ]
 [-0.168  0.034 -0.077 -0.    -0.148 -0.   ]
 [-0.118 -0.077 -0.565  0.2   -0.    -0.   ]
 [ 0.    -0.     0.2   -0.624  0.     0.   ]
 [ 0.096 -0.148 -0.     0.     0.553  0.208]
 [-0.    -0.    -0.     0.     0.208  0.602]]
C_block:
[[ 1.    -0.     0.     0.     0.     0.   ]
 [ 0.    -0.062 -0.659  0.75  -0.007  0.001]
 [ 0.    -0.138 -0.738 -0.66  -0.022  0.005]
 [ 0.    -0.94   0.144  0.046 -0.289  0.1  ]
 [-0.    -0.276  0.023  0.004  0.669 -0.69 ]
 [-0.    -0.133  0.008  0.001  0.684  0.717]]
[sanity] ||h_final - C^† h C|| / ||h|| = 0.000e+00
hdc_ab = 
[[-0.115  0.     0.     0.    -0.168  0.    -0.118  0.     0.     0.     0.096  0.    -0.     0.     0.     0.     0.     0.     0.     0.     0.     0.     0.     0.   ]
 [ 0.    -0.115  0.     0.     0.    -0.168  0.    -0.118  0.     0.     0.     0.096  0.    -0.     0.     0.     0.     0.     0.     0.     0.     0.     0.     0.   ]
 [ 0.     0.    -0.115  0.     0.     0.     0.     0.     0.     0.     0.     0.     0.     0.    -0.168  0.    -0.118  0.     0.     0.     0.096  0.    -0.     0.   ]
 [ 0.     0.     0.    -0.115  0.     0.     0.     0.     0.     0.     0.     0.     0.     0.     0.    -0.168  0.    -0.118  0.     0.     0.     0.096  0.    -0.   ]
 [-0.168  0.     0.     0.     0.034  0.    -0.077  0.    -0.     0.    -0.148  0.    -0.     0.     0.     0.     0.     0.     0.     0.     0.     0.     0.     0.   ]
 [ 0.    -0.168  0.     0.     0.     0.034  0.    -0.077  0.    -0.     0.    -0.148  0.    -0.     0.     0.     0.     0.     0.     0.     0.     0.     0.     0.   ]
 [-0.118  0.     0.     0.    -0.077  0.    -0.565  0.     0.2    0.    -0.     0.    -0.     0.     0.     0.     0.     0.     0.     0.     0.     0.     0.     0.   ]
 [ 0.    -0.118  0.     0.     0.    -0.077  0.    -0.565  0.     0.2    0.    -0.     0.    -0.     0.     0.     0.     0.     0.     0.     0.     0.     0.     0.   ]
 [ 0.     0.     0.     0.    -0.     0.     0.2    0.    -0.624  0.     0.     0.     0.     0.     0.     0.     0.     0.     0.     0.     0.     0.     0.     0.   ]
 [ 0.     0.     0.     0.     0.    -0.     0.     0.2    0.    -0.624  0.     0.     0.     0.     0.     0.     0.     0.     0.     0.     0.     0.     0.     0.   ]
 [ 0.096  0.     0.     0.    -0.148  0.    -0.     0.     0.     0.     0.553  0.     0.208  0.     0.     0.     0.     0.     0.     0.     0.     0.     0.     0.   ]
 [ 0.     0.096  0.     0.     0.    -0.148  0.    -0.     0.     0.     0.     0.553  0.     0.208  0.     0.     0.     0.     0.     0.     0.     0.     0.     0.   ]
 [-0.     0.     0.     0.    -0.     0.    -0.     0.     0.     0.     0.208  0.     0.602  0.     0.     0.     0.     0.     0.     0.     0.     0.     0.     0.   ]
 [ 0.    -0.     0.     0.     0.    -0.     0.    -0.     0.     0.     0.     0.208  0.     0.602  0.     0.     0.     0.     0.     0.     0.     0.     0.     0.   ]
 [ 0.     0.    -0.168  0.     0.     0.     0.     0.     0.     0.     0.     0.     0.     0.     0.034  0.    -0.077  0.    -0.     0.    -0.148  0.    -0.     0.   ]
 [ 0.     0.     0.    -0.168  0.     0.     0.     0.     0.     0.     0.     0.     0.     0.     0.     0.034  0.    -0.077  0.    -0.     0.    -0.148  0.    -0.   ]
 [ 0.     0.    -0.118  0.     0.     0.     0.     0.     0.     0.     0.     0.     0.     0.    -0.077  0.    -0.565  0.     0.2    0.    -0.     0.    -0.     0.   ]
 [ 0.     0.     0.    -0.118  0.     0.     0.     0.     0.     0.     0.     0.     0.     0.     0.    -0.077  0.    -0.565  0.     0.2    0.    -0.     0.    -0.   ]
 [ 0.     0.     0.     0.     0.     0.     0.     0.     0.     0.     0.     0.     0.     0.    -0.     0.     0.2    0.    -0.624  0.     0.     0.     0.     0.   ]
 [ 0.     0.     0.     0.     0.     0.     0.     0.     0.     0.     0.     0.     0.     0.     0.    -0.     0.     0.2    0.    -0.624  0.     0.     0.     0.   ]
 [ 0.     0.     0.096  0.     0.     0.     0.     0.     0.     0.     0.     0.     0.     0.    -0.148  0.    -0.     0.     0.     0.     0.553  0.     0.208  0.   ]
 [ 0.     0.     0.     0.096  0.     0.     0.     0.     0.     0.     0.     0.     0.     0.     0.    -0.148  0.    -0.     0.     0.     0.     0.553  0.     0.208]
 [ 0.     0.    -0.     0.     0.     0.     0.     0.     0.     0.     0.     0.     0.     0.    -0.     0.    -0.     0.     0.     0.     0.208  0.     0.602  0.   ]
 [ 0.     0.     0.    -0.     0.     0.     0.     0.     0.     0.     0.     0.     0.     0.     0.    -0.     0.    -0.     0.     0.     0.     0.208  0.     0.602]]
C_ab = 
[[ 1.     0.     0.     0.    -0.     0.     0.     0.     0.     0.     0.     0.     0.     0.     0.     0.     0.     0.     0.     0.     0.     0.     0.     0.   ]
 [ 0.     1.     0.     0.     0.    -0.     0.     0.     0.     0.     0.     0.     0.     0.     0.     0.     0.     0.     0.     0.     0.     0.     0.     0.   ]
 [ 0.     0.     1.     0.     0.     0.     0.     0.     0.     0.     0.     0.     0.     0.    -0.     0.     0.     0.     0.     0.     0.     0.     0.     0.   ]
 [ 0.     0.     0.     1.     0.     0.     0.     0.     0.     0.     0.     0.     0.     0.     0.    -0.     0.     0.     0.     0.     0.     0.     0.     0.   ]
 [ 0.     0.     0.     0.    -0.062  0.    -0.659  0.     0.75   0.    -0.007  0.     0.001  0.     0.     0.     0.     0.     0.     0.     0.     0.     0.     0.   ]
 [ 0.     0.     0.     0.     0.    -0.062  0.    -0.659  0.     0.75   0.    -0.007  0.     0.001  0.     0.     0.     0.     0.     0.     0.     0.     0.     0.   ]
 [ 0.     0.     0.     0.    -0.138  0.    -0.738  0.    -0.66   0.    -0.022  0.     0.005  0.     0.     0.     0.     0.     0.     0.     0.     0.     0.     0.   ]
 [ 0.     0.     0.     0.     0.    -0.138  0.    -0.738  0.    -0.66   0.    -0.022  0.     0.005  0.     0.     0.     0.     0.     0.     0.     0.     0.     0.   ]
 [ 0.     0.     0.     0.    -0.94   0.     0.144  0.     0.046  0.    -0.289  0.     0.1    0.     0.     0.     0.     0.     0.     0.     0.     0.     0.     0.   ]
 [ 0.     0.     0.     0.     0.    -0.94   0.     0.144  0.     0.046  0.    -0.289  0.     0.1    0.     0.     0.     0.     0.     0.     0.     0.     0.     0.   ]
 [-0.     0.     0.     0.    -0.276  0.     0.023  0.     0.004  0.     0.669  0.    -0.69   0.     0.     0.     0.     0.     0.     0.     0.     0.     0.     0.   ]
 [ 0.    -0.     0.     0.     0.    -0.276  0.     0.023  0.     0.004  0.     0.669  0.    -0.69   0.     0.     0.     0.     0.     0.     0.     0.     0.     0.   ]
 [-0.     0.     0.     0.    -0.133  0.     0.008  0.     0.001  0.     0.684  0.     0.717  0.     0.     0.     0.     0.     0.     0.     0.     0.     0.     0.   ]
 [ 0.    -0.     0.     0.     0.    -0.133  0.     0.008  0.     0.001  0.     0.684  0.     0.717  0.     0.     0.     0.     0.     0.     0.     0.     0.     0.   ]
 [ 0.     0.     0.     0.     0.     0.     0.     0.     0.     0.     0.     0.     0.     0.    -0.062  0.    -0.659  0.     0.75   0.    -0.007  0.     0.001  0.   ]
 [ 0.     0.     0.     0.     0.     0.     0.     0.     0.     0.     0.     0.     0.     0.     0.    -0.062  0.    -0.659  0.     0.75   0.    -0.007  0.     0.001]
 [ 0.     0.     0.     0.     0.     0.     0.     0.     0.     0.     0.     0.     0.     0.    -0.138  0.    -0.738  0.    -0.66   0.    -0.022  0.     0.005  0.   ]
 [ 0.     0.     0.     0.     0.     0.     0.     0.     0.     0.     0.     0.     0.     0.     0.    -0.138  0.    -0.738  0.    -0.66   0.    -0.022  0.     0.005]
 [ 0.     0.     0.     0.     0.     0.     0.     0.     0.     0.     0.     0.     0.     0.    -0.94   0.     0.144  0.     0.046  0.    -0.289  0.     0.1    0.   ]
 [ 0.     0.     0.     0.     0.     0.     0.     0.     0.     0.     0.     0.     0.     0.     0.    -0.94   0.     0.144  0.     0.046  0.    -0.289  0.     0.1  ]
 [ 0.     0.    -0.     0.     0.     0.     0.     0.     0.     0.     0.     0.     0.     0.    -0.276  0.     0.023  0.     0.004  0.     0.669  0.    -0.69   0.   ]
 [ 0.     0.     0.    -0.     0.     0.     0.     0.     0.     0.     0.     0.     0.     0.     0.    -0.276  0.     0.023  0.     0.004  0.     0.669  0.    -0.69 ]
 [ 0.     0.    -0.     0.     0.     0.     0.     0.     0.     0.     0.     0.     0.     0.    -0.133  0.     0.008  0.     0.001  0.     0.684  0.     0.717  0.   ]
 [ 0.     0.     0.    -0.     0.     0.     0.     0.     0.     0.     0.     0.     0.     0.     0.    -0.133  0.     0.008  0.     0.001  0.     0.684  0.     0.717]]
C = 
[[ 1.     0.    -0.     0.     0.     0.     0.     0.     0.     0.     0.     0.     0.     0.     0.     0.     0.     0.     0.     0.     0.     0.     0.     0.   ]
 [ 0.     1.     0.     0.     0.     0.     0.    -0.     0.     0.     0.     0.     0.     0.     0.     0.     0.     0.     0.     0.     0.     0.     0.     0.   ]
 [ 0.     0.    -0.062 -0.659  0.75  -0.007  0.001  0.     0.     0.     0.     0.     0.     0.     0.     0.     0.     0.     0.     0.     0.     0.     0.     0.   ]
 [ 0.     0.    -0.138 -0.738 -0.66  -0.022  0.005  0.     0.     0.     0.     0.     0.     0.     0.     0.     0.     0.     0.     0.     0.     0.     0.     0.   ]
 [ 0.     0.    -0.94   0.144  0.046 -0.289  0.1    0.     0.     0.     0.     0.     0.     0.     0.     0.     0.     0.     0.     0.     0.     0.     0.     0.   ]
 [-0.     0.    -0.276  0.023  0.004  0.669 -0.69   0.     0.     0.     0.     0.     0.     0.     0.     0.     0.     0.     0.     0.     0.     0.     0.     0.   ]
 [-0.     0.    -0.133  0.008  0.001  0.684  0.717  0.     0.     0.     0.     0.     0.     0.     0.     0.     0.     0.     0.     0.     0.     0.     0.     0.   ]
 [ 0.     0.     0.     0.     0.     0.     0.    -0.062 -0.659  0.75  -0.007  0.001  0.     0.     0.     0.     0.     0.     0.     0.     0.     0.     0.     0.   ]
 [ 0.     0.     0.     0.     0.     0.     0.    -0.138 -0.738 -0.66  -0.022  0.005  0.     0.     0.     0.     0.     0.     0.     0.     0.     0.     0.     0.   ]
 [ 0.     0.     0.     0.     0.     0.     0.    -0.94   0.144  0.046 -0.289  0.1    0.     0.     0.     0.     0.     0.     0.     0.     0.     0.     0.     0.   ]
 [ 0.    -0.     0.     0.     0.     0.     0.    -0.276  0.023  0.004  0.669 -0.69   0.     0.     0.     0.     0.     0.     0.     0.     0.     0.     0.     0.   ]
 [ 0.    -0.     0.     0.     0.     0.     0.    -0.133  0.008  0.001  0.684  0.717  0.     0.     0.     0.     0.     0.     0.     0.     0.     0.     0.     0.   ]
 [ 0.     0.     0.     0.     0.     0.     0.     0.     0.     0.     0.     0.     1.     0.    -0.     0.     0.     0.     0.     0.     0.     0.     0.     0.   ]
 [ 0.     0.     0.     0.     0.     0.     0.     0.     0.     0.     0.     0.     0.     1.     0.     0.     0.     0.     0.    -0.     0.     0.     0.     0.   ]
 [ 0.     0.     0.     0.     0.     0.     0.     0.     0.     0.     0.     0.     0.     0.    -0.062 -0.659  0.75  -0.007  0.001  0.     0.     0.     0.     0.   ]
 [ 0.     0.     0.     0.     0.     0.     0.     0.     0.     0.     0.     0.     0.     0.    -0.138 -0.738 -0.66  -0.022  0.005  0.     0.     0.     0.     0.   ]
 [ 0.     0.     0.     0.     0.     0.     0.     0.     0.     0.     0.     0.     0.     0.    -0.94   0.144  0.046 -0.289  0.1    0.     0.     0.     0.     0.   ]
 [ 0.     0.     0.     0.     0.     0.     0.     0.     0.     0.     0.     0.    -0.     0.    -0.276  0.023  0.004  0.669 -0.69   0.     0.     0.     0.     0.   ]
 [ 0.     0.     0.     0.     0.     0.     0.     0.     0.     0.     0.     0.    -0.     0.    -0.133  0.008  0.001  0.684  0.717  0.     0.     0.     0.     0.   ]
 [ 0.     0.     0.     0.     0.     0.     0.     0.     0.     0.     0.     0.     0.     0.     0.     0.     0.     0.     0.    -0.062 -0.659  0.75  -0.007  0.001]
 [ 0.     0.     0.     0.     0.     0.     0.     0.     0.     0.     0.     0.     0.     0.     0.     0.     0.     0.     0.    -0.138 -0.738 -0.66  -0.022  0.005]
 [ 0.     0.     0.     0.     0.     0.     0.     0.     0.     0.     0.     0.     0.     0.     0.     0.     0.     0.     0.    -0.94   0.144  0.046 -0.289  0.1  ]
 [ 0.     0.     0.     0.     0.     0.     0.     0.     0.     0.     0.     0.     0.    -0.     0.     0.     0.     0.     0.    -0.276  0.023  0.004  0.669 -0.69 ]
 [ 0.     0.     0.     0.     0.     0.     0.     0.     0.     0.     0.     0.     0.    -0.     0.     0.     0.     0.     0.    -0.133  0.008  0.001  0.684  0.717]]
******************************************
h0_0 = 
[[-0.75   0.    -0.168 -0.118  0.     0.096 -0.     0.     0.     0.     0.     0.     0.     0.     0.     0.     0.     0.     0.     0.     0.     0.     0.     0.   ]
 [ 0.    -0.75   0.     0.     0.     0.     0.    -0.168 -0.118  0.     0.096 -0.     0.     0.     0.     0.     0.     0.     0.     0.     0.     0.     0.     0.   ]
 [-0.168  0.     0.034 -0.077 -0.    -0.148 -0.     0.     0.     0.     0.     0.     0.     0.     0.     0.     0.     0.     0.     0.     0.     0.     0.     0.   ]
 [-0.118  0.    -0.077 -0.565  0.2   -0.    -0.     0.     0.     0.     0.     0.     0.     0.     0.     0.     0.     0.     0.     0.     0.     0.     0.     0.   ]
 [ 0.     0.    -0.     0.2   -0.624  0.     0.     0.     0.     0.     0.     0.     0.     0.     0.     0.     0.     0.     0.     0.     0.     0.     0.     0.   ]
 [ 0.096  0.    -0.148 -0.     0.     0.553  0.208  0.     0.     0.     0.     0.     0.     0.     0.     0.     0.     0.     0.     0.     0.     0.     0.     0.   ]
 [-0.     0.    -0.    -0.     0.     0.208  0.602  0.     0.     0.     0.     0.     0.     0.     0.     0.     0.     0.     0.     0.     0.     0.     0.     0.   ]
 [ 0.    -0.168  0.     0.     0.     0.     0.     0.034 -0.077 -0.    -0.148 -0.     0.     0.     0.     0.     0.     0.     0.     0.     0.     0.     0.     0.   ]
 [ 0.    -0.118  0.     0.     0.     0.     0.    -0.077 -0.565  0.2   -0.    -0.     0.     0.     0.     0.     0.     0.     0.     0.     0.     0.     0.     0.   ]
 [ 0.     0.     0.     0.     0.     0.     0.    -0.     0.2   -0.624  0.     0.     0.     0.     0.     0.     0.     0.     0.     0.     0.     0.     0.     0.   ]
 [ 0.     0.096  0.     0.     0.     0.     0.    -0.148 -0.     0.     0.553  0.208  0.     0.     0.     0.     0.     0.     0.     0.     0.     0.     0.     0.   ]
 [ 0.    -0.     0.     0.     0.     0.     0.    -0.    -0.     0.     0.208  0.602  0.     0.     0.     0.     0.     0.     0.     0.     0.     0.     0.     0.   ]
 [ 0.     0.     0.     0.     0.     0.     0.     0.     0.     0.     0.     0.    -0.75   0.    -0.168 -0.118  0.     0.096 -0.     0.     0.     0.     0.     0.   ]
 [ 0.     0.     0.     0.     0.     0.     0.     0.     0.     0.     0.     0.     0.    -0.75   0.     0.     0.     0.     0.    -0.168 -0.118  0.     0.096 -0.   ]
 [ 0.     0.     0.     0.     0.     0.     0.     0.     0.     0.     0.     0.    -0.168  0.     0.034 -0.077 -0.    -0.148 -0.     0.     0.     0.     0.     0.   ]
 [ 0.     0.     0.     0.     0.     0.     0.     0.     0.     0.     0.     0.    -0.118  0.    -0.077 -0.565  0.2   -0.    -0.     0.     0.     0.     0.     0.   ]
 [ 0.     0.     0.     0.     0.     0.     0.     0.     0.     0.     0.     0.     0.     0.    -0.     0.2   -0.624  0.     0.     0.     0.     0.     0.     0.   ]
 [ 0.     0.     0.     0.     0.     0.     0.     0.     0.     0.     0.     0.     0.096  0.    -0.148 -0.     0.     0.553  0.208  0.     0.     0.     0.     0.   ]
 [ 0.     0.     0.     0.     0.     0.     0.     0.     0.     0.     0.     0.    -0.     0.    -0.    -0.     0.     0.208  0.602  0.     0.     0.     0.     0.   ]
 [ 0.     0.     0.     0.     0.     0.     0.     0.     0.     0.     0.     0.     0.    -0.168  0.     0.     0.     0.     0.     0.034 -0.077 -0.    -0.148 -0.   ]
 [ 0.     0.     0.     0.     0.     0.     0.     0.     0.     0.     0.     0.     0.    -0.118  0.     0.     0.     0.     0.    -0.077 -0.565  0.2   -0.    -0.   ]
 [ 0.     0.     0.     0.     0.     0.     0.     0.     0.     0.     0.     0.     0.     0.     0.     0.     0.     0.     0.    -0.     0.2   -0.624  0.     0.   ]
 [ 0.     0.     0.     0.     0.     0.     0.     0.     0.     0.     0.     0.     0.     0.096  0.     0.     0.     0.     0.    -0.148 -0.     0.     0.553  0.208]
 [ 0.     0.     0.     0.     0.     0.     0.     0.     0.     0.     0.     0.     0.    -0.     0.     0.     0.     0.     0.    -0.    -0.     0.     0.208  0.602]]
h0_legacy = 
[[-0.75   0.     0.087  0.108  0.113  0.108  0.087  0.     0.     0.     0.     0.     0.     0.     0.     0.     0.     0.     0.     0.     0.     0.     0.     0.   ]
 [ 0.    -0.75   0.     0.     0.     0.     0.     0.087  0.108  0.113  0.108  0.087  0.     0.     0.     0.     0.     0.     0.     0.     0.     0.     0.     0.   ]
 [ 0.087  0.    -0.8    0.     0.     0.     0.     0.     0.     0.     0.     0.     0.     0.    -0.     0.     0.     0.     0.     0.     0.     0.     0.     0.   ]
 [ 0.108  0.     0.    -0.4    0.     0.     0.     0.     0.     0.     0.     0.     0.     0.     0.    -0.     0.     0.     0.     0.     0.     0.     0.     0.   ]
 [ 0.113  0.     0.     0.     0.     0.     0.     0.     0.     0.     0.     0.     0.     0.     0.     0.     0.     0.     0.     0.     0.     0.     0.     0.   ]
 [ 0.108  0.     0.     0.     0.     0.4    0.     0.     0.     0.     0.     0.     0.     0.     0.     0.     0.     0.     0.     0.     0.     0.     0.     0.   ]
 [ 0.087  0.     0.     0.     0.     0.     0.8    0.     0.     0.     0.     0.     0.     0.     0.     0.     0.     0.     0.     0.     0.     0.     0.     0.   ]
 [ 0.     0.087  0.     0.     0.     0.     0.    -0.8    0.     0.     0.     0.     0.     0.     0.     0.     0.     0.     0.    -0.     0.     0.     0.     0.   ]
 [ 0.     0.108  0.     0.     0.     0.     0.     0.    -0.4    0.     0.     0.     0.     0.     0.     0.     0.     0.     0.     0.    -0.     0.     0.     0.   ]
 [ 0.     0.113  0.     0.     0.     0.     0.     0.     0.     0.     0.     0.     0.     0.     0.     0.     0.     0.     0.     0.     0.     0.     0.     0.   ]
 [ 0.     0.108  0.     0.     0.     0.     0.     0.     0.     0.     0.4    0.     0.     0.     0.     0.     0.     0.     0.     0.     0.     0.     0.     0.   ]
 [ 0.     0.087  0.     0.     0.     0.     0.     0.     0.     0.     0.     0.8    0.     0.     0.     0.     0.     0.     0.     0.     0.     0.     0.     0.   ]
 [ 0.     0.     0.     0.     0.     0.     0.     0.     0.     0.     0.     0.    -0.75   0.     0.087  0.108  0.113  0.108  0.087  0.     0.     0.     0.     0.   ]
 [ 0.     0.     0.     0.     0.     0.     0.     0.     0.     0.     0.     0.     0.    -0.75   0.     0.     0.     0.     0.     0.087  0.108  0.113  0.108  0.087]
 [ 0.     0.    -0.     0.     0.     0.     0.     0.     0.     0.     0.     0.     0.087  0.    -0.8    0.     0.     0.     0.     0.     0.     0.     0.     0.   ]
 [ 0.     0.     0.    -0.     0.     0.     0.     0.     0.     0.     0.     0.     0.108  0.     0.    -0.4    0.     0.     0.     0.     0.     0.     0.     0.   ]
 [ 0.     0.     0.     0.     0.     0.     0.     0.     0.     0.     0.     0.     0.113  0.     0.     0.     0.     0.     0.     0.     0.     0.     0.     0.   ]
 [ 0.     0.     0.     0.     0.     0.     0.     0.     0.     0.     0.     0.     0.108  0.     0.     0.     0.     0.4    0.     0.     0.     0.     0.     0.   ]
 [ 0.     0.     0.     0.     0.     0.     0.     0.     0.     0.     0.     0.     0.087  0.     0.     0.     0.     0.     0.8    0.     0.     0.     0.     0.   ]
 [ 0.     0.     0.     0.     0.     0.     0.    -0.     0.     0.     0.     0.     0.     0.087  0.     0.     0.     0.     0.    -0.8    0.     0.     0.     0.   ]
 [ 0.     0.     0.     0.     0.     0.     0.     0.    -0.     0.     0.     0.     0.     0.108  0.     0.     0.     0.     0.     0.    -0.4    0.     0.     0.   ]
 [ 0.     0.     0.     0.     0.     0.     0.     0.     0.     0.     0.     0.     0.     0.113  0.     0.     0.     0.     0.     0.     0.     0.     0.     0.   ]
 [ 0.     0.     0.     0.     0.     0.     0.     0.     0.     0.     0.     0.     0.     0.108  0.     0.     0.     0.     0.     0.     0.     0.     0.4    0.   ]
 [ 0.     0.     0.     0.     0.     0.     0.     0.     0.     0.     0.     0.     0.     0.087  0.     0.     0.     0.     0.     0.     0.     0.     0.     0.8  ]]
Partitioning system: 2 impurity orbitals, 10 bath orbitals.
Generating basis for 2 electrons on impurity and 10 on bath.
Found 2 impurity configurations and 2 bath configurations.
Retaining only Sz=0 in starting basis
Generated a total of 4 unique starting determinants.
sb = [<SlaterDeterminant α=[0, 2, 3, 4, 8, 9] β=[0, 2, 3, 4, 8, 9]>, <SlaterDeterminant α=[1, 2, 3, 4, 8, 9] β=[1, 2, 3, 4, 8, 9]>, <SlaterDeterminant α=[0, 3, 4, 7, 8, 9] β=[0, 3, 4, 7, 8, 9]>, <SlaterDeterminant α=[1, 3, 4, 7, 8, 9] β=[1, 3, 4, 7, 8, 9]>]
DEBUG: build ham time = 0.0015461444854736328
[init] dim=4  E0=-5.687422074199
blocks = [0.0], time block = 2.002716064453125e-05
apply_ham time = 5.507469177246094e-05
gen basis time = 0.00013685226440429688
sel basis time = 0.00011706352233886719
Found 1 S_z blocks: [0.0]
  Processing Sz=0.0 block of size 44x44
DEBUG: build ham time = 0.0012722015380859375
DEBUG: finished rearranging vectors
DEBUG: for basis size 44, ham diag time = 0.002274036407470703
[iter 0] dim=    44  Es=[-5.962839582786 -5.962839582786]  |dE0|=2.754e-01
blocks = [0.0], time block = 4.100799560546875e-05
apply_ham time = 0.00026106834411621094
gen basis time = 0.0004870891571044922
sel basis time = 0.00032401084899902344
Found 1 S_z blocks: [0.0]
  Processing Sz=0.0 block of size 178x178
DEBUG: build ham time = 0.0015649795532226562
DEBUG: finished rearranging vectors
DEBUG: for basis size 178, ham diag time = 0.0747520923614502
[iter 1] dim=   178  Es=[-6.206508101700 -6.027255998507]  |dE0|=2.437e-01
blocks = [0.0], time block = 0.0001590251922607422
apply_ham time = 0.0015549659729003906
gen basis time = 0.0023369789123535156
sel basis time = 0.0010921955108642578
Found 1 S_z blocks: [0.0]
  Processing Sz=0.0 block of size 534x534
DEBUG: build ham time = 0.0028228759765625
DEBUG: finished rearranging vectors
DEBUG: for basis size 534, ham diag time = 0.0957949161529541
[iter 2] dim=   534  Es=[-6.208578693453 -6.043374686565]  |dE0|=2.071e-03
blocks = [0.0], time block = 0.0004601478576660156
apply_ham time = 0.004955291748046875
gen basis time = 0.00717616081237793
sel basis time = 0.0028650760650634766
Found 1 S_z blocks: [0.0]
  Processing Sz=0.0 block of size 1602x1602
DEBUG: build ham time = 0.005668163299560547
DEBUG: finished rearranging vectors
DEBUG: for basis size 1602, ham diag time = 0.18973731994628906
[iter 3] dim=  1602  Es=[-6.208778714407 -6.045957976038]  |dE0|=2.000e-04
blocks = [0.0], time block = 0.001316070556640625
apply_ham time = 0.014870166778564453
gen basis time = 0.020411968231201172
sel basis time = 0.006224155426025391
Found 1 S_z blocks: [0.0]
  Processing Sz=0.0 block of size 4001x4001
DEBUG: build ham time = 0.01174783706665039
DEBUG: finished rearranging vectors
DEBUG: for basis size 4001, ham diag time = 0.4843459129333496
[iter 4] dim=  4001  Es=[-6.208802218239 -6.046270476030]  |dE0|=2.350e-05
blocks = [0.0], time block = 0.0032961368560791016
apply_ham time = 0.03767895698547363
gen basis time = 0.04891228675842285
sel basis time = 0.010198593139648438
Found 1 S_z blocks: [0.0]
  Processing Sz=0.0 block of size 7794x7794
DEBUG: build ham time = 0.022670984268188477
DEBUG: finished rearranging vectors
DEBUG: for basis size 7794, ham diag time = 0.9642612934112549
[iter 5] dim=  7794  Es=[-6.208802703414 -6.046286338570]  |dE0|=4.852e-07
[conv] reached |dE| < 1e-05
Found 1 S_z blocks: [0.0]
  Processing Sz=0.0 block of size 7794x7794
DEBUG: build ham time = 0.02457904815673828
DEBUG: finished rearranging vectors
sci total time : 3.368393898010254
energies = [-6.209 -6.046], e0 = -6.208802703413896
len basis = 7794
len(basis(psis0)) = 7794
rdm : 
[[ 0.5  +0.j  0.   +0.j  0.453+0.j  0.03 +0.j  0.007+0.j  0.038+0.j -0.012+0.j  0.   +0.j  0.   +0.j  0.   +0.j  0.   +0.j  0.   +0.j  0.   +0.j  0.   +0.j  0.   +0.j  0.   +0.j  0.   +0.j  0.   +0.j  0.   +0.j  0.   +0.j  0.   +0.j  0.   +0.j  0.   +0.j  0.   +0.j]
 [ 0.   +0.j  0.5  +0.j  0.   +0.j  0.   +0.j  0.   +0.j  0.   +0.j  0.   +0.j  0.453+0.j  0.03 +0.j  0.007+0.j  0.038+0.j -0.012+0.j  0.   +0.j  0.   +0.j  0.   +0.j  0.   +0.j  0.   +0.j  0.   +0.j  0.   +0.j  0.   +0.j  0.   +0.j  0.   +0.j  0.   +0.j  0.   +0.j]
 [ 0.453+0.j  0.   +0.j  0.495+0.j -0.022+0.j -0.006+0.j  0.051+0.j -0.015+0.j  0.   +0.j  0.   +0.j  0.   +0.j  0.   +0.j  0.   +0.j  0.   +0.j  0.   +0.j  0.   +0.j  0.   +0.j  0.   +0.j  0.   +0.j  0.   +0.j  0.   +0.j  0.   +0.j  0.   +0.j  0.   +0.j  0.   +0.j]
 [ 0.03 +0.j  0.   +0.j -0.022+0.j  0.998+0.j -0.   +0.j -0.015+0.j  0.005+0.j  0.   +0.j  0.   +0.j  0.   +0.j  0.   +0.j  0.   +0.j  0.   +0.j  0.   +0.j  0.   +0.j  0.   +0.j  0.   +0.j  0.   +0.j  0.   +0.j  0.   +0.j  0.   +0.j  0.   +0.j  0.   +0.j  0.   +0.j]
 [ 0.007+0.j  0.   +0.j -0.006+0.j -0.   +0.j  1.   +0.j -0.004+0.j  0.002+0.j  0.   +0.j  0.   +0.j  0.   +0.j  0.   +0.j  0.   +0.j  0.   +0.j  0.   +0.j  0.   +0.j  0.   +0.j  0.   +0.j  0.   +0.j  0.   +0.j  0.   +0.j  0.   +0.j  0.   +0.j  0.   +0.j  0.   +0.j]
 [ 0.038+0.j  0.   +0.j  0.051+0.j -0.015+0.j -0.004+0.j  0.006+0.j -0.002+0.j  0.   +0.j  0.   +0.j  0.   +0.j  0.   +0.j  0.   +0.j  0.   +0.j  0.   +0.j  0.   +0.j  0.   +0.j  0.   +0.j  0.   +0.j  0.   +0.j  0.   +0.j  0.   +0.j  0.   +0.j  0.   +0.j  0.   +0.j]
 [-0.012+0.j  0.   +0.j -0.015+0.j  0.005+0.j  0.002+0.j -0.002+0.j  0.001+0.j  0.   +0.j  0.   +0.j  0.   +0.j  0.   +0.j  0.   +0.j  0.   +0.j  0.   +0.j  0.   +0.j  0.   +0.j  0.   +0.j  0.   +0.j  0.   +0.j  0.   +0.j  0.   +0.j  0.   +0.j  0.   +0.j  0.   +0.j]
 [ 0.   +0.j  0.453+0.j  0.   +0.j  0.   +0.j  0.   +0.j  0.   +0.j  0.   +0.j  0.495+0.j -0.022+0.j -0.006+0.j  0.051+0.j -0.015+0.j  0.   +0.j  0.   +0.j  0.   +0.j  0.   +0.j  0.   +0.j  0.   +0.j  0.   +0.j  0.   +0.j  0.   +0.j  0.   +0.j  0.   +0.j  0.   +0.j]
 [ 0.   +0.j  0.03 +0.j  0.   +0.j  0.   +0.j  0.   +0.j  0.   +0.j  0.   +0.j -0.022+0.j  0.998+0.j -0.   +0.j -0.015+0.j  0.005+0.j  0.   +0.j  0.   +0.j  0.   +0.j  0.   +0.j  0.   +0.j  0.   +0.j  0.   +0.j  0.   +0.j  0.   +0.j  0.   +0.j  0.   +0.j  0.   +0.j]
 [ 0.   +0.j  0.007+0.j  0.   +0.j  0.   +0.j  0.   +0.j  0.   +0.j  0.   +0.j -0.006+0.j -0.   +0.j  1.   +0.j -0.004+0.j  0.002+0.j  0.   +0.j  0.   +0.j  0.   +0.j  0.   +0.j  0.   +0.j  0.   +0.j  0.   +0.j  0.   +0.j  0.   +0.j  0.   +0.j  0.   +0.j  0.   +0.j]
 [ 0.   +0.j  0.038+0.j  0.   +0.j  0.   +0.j  0.   +0.j  0.   +0.j  0.   +0.j  0.051+0.j -0.015+0.j -0.004+0.j  0.006+0.j -0.002+0.j  0.   +0.j  0.   +0.j  0.   +0.j  0.   +0.j  0.   +0.j  0.   +0.j  0.   +0.j  0.   +0.j  0.   +0.j  0.   +0.j  0.   +0.j  0.   +0.j]
 [ 0.   +0.j -0.012+0.j  0.   +0.j  0.   +0.j  0.   +0.j  0.   +0.j  0.   +0.j -0.015+0.j  0.005+0.j  0.002+0.j -0.002+0.j  0.001+0.j  0.   +0.j  0.   +0.j  0.   +0.j  0.   +0.j  0.   +0.j  0.   +0.j  0.   +0.j  0.   +0.j  0.   +0.j  0.   +0.j  0.   +0.j  0.   +0.j]
 [ 0.   +0.j  0.   +0.j  0.   +0.j  0.   +0.j  0.   +0.j  0.   +0.j  0.   +0.j  0.   +0.j  0.   +0.j  0.   +0.j  0.   +0.j  0.   +0.j  0.5  +0.j  0.   +0.j  0.453+0.j  0.03 +0.j  0.007+0.j  0.038+0.j -0.012+0.j  0.   +0.j  0.   +0.j  0.   +0.j  0.   +0.j  0.   +0.j]
 [ 0.   +0.j  0.   +0.j  0.   +0.j  0.   +0.j  0.   +0.j  0.   +0.j  0.   +0.j  0.   +0.j  0.   +0.j  0.   +0.j  0.   +0.j  0.   +0.j  0.   +0.j  0.5  +0.j  0.   +0.j  0.   +0.j  0.   +0.j  0.   +0.j  0.   +0.j  0.453+0.j  0.03 +0.j  0.007+0.j  0.038+0.j -0.012+0.j]
 [ 0.   +0.j  0.   +0.j  0.   +0.j  0.   +0.j  0.   +0.j  0.   +0.j  0.   +0.j  0.   +0.j  0.   +0.j  0.   +0.j  0.   +0.j  0.   +0.j  0.453+0.j  0.   +0.j  0.495+0.j -0.022+0.j -0.006+0.j  0.051+0.j -0.015+0.j  0.   +0.j  0.   +0.j  0.   +0.j  0.   +0.j  0.   +0.j]
 [ 0.   +0.j  0.   +0.j  0.   +0.j  0.   +0.j  0.   +0.j  0.   +0.j  0.   +0.j  0.   +0.j  0.   +0.j  0.   +0.j  0.   +0.j  0.   +0.j  0.03 +0.j  0.   +0.j -0.022+0.j  0.998+0.j -0.   +0.j -0.015+0.j  0.005+0.j  0.   +0.j  0.   +0.j  0.   +0.j  0.   +0.j  0.   +0.j]
 [ 0.   +0.j  0.   +0.j  0.   +0.j  0.   +0.j  0.   +0.j  0.   +0.j  0.   +0.j  0.   +0.j  0.   +0.j  0.   +0.j  0.   +0.j  0.   +0.j  0.007+0.j  0.   +0.j -0.006+0.j -0.   +0.j  1.   +0.j -0.004+0.j  0.002+0.j  0.   +0.j  0.   +0.j  0.   +0.j  0.   +0.j  0.   +0.j]
 [ 0.   +0.j  0.   +0.j  0.   +0.j  0.   +0.j  0.   +0.j  0.   +0.j  0.   +0.j  0.   +0.j  0.   +0.j  0.   +0.j  0.   +0.j  0.   +0.j  0.038+0.j  0.   +0.j  0.051+0.j -0.015+0.j -0.004+0.j  0.006+0.j -0.002+0.j  0.   +0.j  0.   +0.j  0.   +0.j  0.   +0.j  0.   +0.j]
 [ 0.   +0.j  0.   +0.j  0.   +0.j  0.   +0.j  0.   +0.j  0.   +0.j  0.   +0.j  0.   +0.j  0.   +0.j  0.   +0.j  0.   +0.j  0.   +0.j -0.012+0.j  0.   +0.j -0.015+0.j  0.005+0.j  0.002+0.j -0.002+0.j  0.001+0.j  0.   +0.j  0.   +0.j  0.   +0.j  0.   +0.j  0.   +0.j]
 [ 0.   +0.j  0.   +0.j  0.   +0.j  0.   +0.j  0.   +0.j  0.   +0.j  0.   +0.j  0.   +0.j  0.   +0.j  0.   +0.j  0.   +0.j  0.   +0.j  0.   +0.j  0.453+0.j  0.   +0.j  0.   +0.j  0.   +0.j  0.   +0.j  0.   +0.j  0.495+0.j -0.022+0.j -0.006+0.j  0.051+0.j -0.015+0.j]
 [ 0.   +0.j  0.   +0.j  0.   +0.j  0.   +0.j  0.   +0.j  0.   +0.j  0.   +0.j  0.   +0.j  0.   +0.j  0.   +0.j  0.   +0.j  0.   +0.j  0.   +0.j  0.03 +0.j  0.   +0.j  0.   +0.j  0.   +0.j  0.   +0.j  0.   +0.j -0.022+0.j  0.998+0.j -0.   +0.j -0.015+0.j  0.005+0.j]
 [ 0.   +0.j  0.   +0.j  0.   +0.j  0.   +0.j  0.   +0.j  0.   +0.j  0.   +0.j  0.   +0.j  0.   +0.j  0.   +0.j  0.   +0.j  0.   +0.j  0.   +0.j  0.007+0.j  0.   +0.j  0.   +0.j  0.   +0.j  0.   +0.j  0.   +0.j -0.006+0.j -0.   +0.j  1.   +0.j -0.004+0.j  0.002+0.j]
 [ 0.   +0.j  0.   +0.j  0.   +0.j  0.   +0.j  0.   +0.j  0.   +0.j  0.   +0.j  0.   +0.j  0.   +0.j  0.   +0.j  0.   +0.j  0.   +0.j  0.   +0.j  0.038+0.j  0.   +0.j  0.   +0.j  0.   +0.j  0.   +0.j  0.   +0.j  0.051+0.j -0.015+0.j -0.004+0.j  0.006+0.j -0.002+0.j]
 [ 0.   +0.j  0.   +0.j  0.   +0.j  0.   +0.j  0.   +0.j  0.   +0.j  0.   +0.j  0.   +0.j  0.   +0.j  0.   +0.j  0.   +0.j  0.   +0.j  0.   +0.j -0.012+0.j  0.   +0.j  0.   +0.j  0.   +0.j  0.   +0.j  0.   +0.j -0.015+0.j  0.005+0.j  0.002+0.j -0.002+0.j  0.001+0.j]]
impurity occupation: (2.00000004157408+0j)
total occupation : (11.999999999999975+0j)
target_indices = [0, 1, 12, 13]
 Founds blocks : [[0], [1], [2], [3]]
  Symmetry: is_diagonal=True. Found 1 unique group(s) of blocks.
  Computing representative g_(0,0) via Scalar CF...
DEBUG: build ham time = 0.030000925064086914
DEBUG: build ham time = 0.02967095375061035

Thermally-averaged calculation finished.
Data saved to 'dump/A_5'
