-2.00000 0.00291 0.00291 0.00291 0.00291
-1.99600 0.00308 0.00308 0.00308 0.00308
-1.99200 0.00326 0.00326 0.00326 0.00326
-1.98800 0.00339 0.00339 0.00339 0.00339
-1.98400 0.00345 0.00345 0.00345 0.00345
-1.98000 0.00342 0.00342 0.00342 0.00342
-1.97600 0.00331 0.00331 0.00331 0.00331
-1.97200 0.00316 0.00316 0.00316 0.00316
-1.96800 0.00303 0.00303 0.00303 0.00303
-1.96400 0.00292 0.00292 0.00292 0.00292
-1.96000 0.00284 0.00284 0.00284 0.00284
-1.95600 0.00278 0.00278 0.00278 0.00278
-1.95200 0.00275 0.00275 0.00275 0.00275
-1.94800 0.00274 0.00274 0.00274 0.00274
-1.94400 0.00275 0.00275 0.00275 0.00275
-1.94000 0.00278 0.00278 0.00278 0.00278
-1.93600 0.00282 0.00282 0.00282 0.00282
-1.93200 0.00289 0.00289 0.00289 0.00289
-1.92800 0.00298 0.00298 0.00298 0.00298
-1.92400 0.00311 0.00311 0.00311 0.00311
-1.92000 0.00326 0.00326 0.00326 0.00326
-1.91600 0.00346 0.00346 0.00346 0.00346
-1.91200 0.00369 0.00369 0.00369 0.00369
-1.90800 0.00394 0.00394 0.00394 0.00394
-1.90400 0.00416 0.00416 0.00416 0.00416
-1.90000 0.00430 0.00430 0.00430 0.00430
-1.89600 0.00431 0.00431 0.00431 0.00431
-1.89200 0.00420 0.00420 0.00420 0.00420
-1.88800 0.00401 0.00401 0.00401 0.00401
-1.88400 0.00382 0.00382 0.00382 0.00382
-1.88000 0.00365 0.00365 0.00365 0.00365
-1.87600 0.00352 0.00352 0.00352 0.00352
-1.87200 0.00343 0.00343 0.00343 0.00343
-1.86800 0.00337 0.00337 0.00337 0.00337
-1.86400 0.00335 0.00335 0.00335 0.00335
-1.86000 0.00336 0.00336 0.00336 0.00336
-1.85600 0.00340 0.00340 0.00340 0.00340
-1.85200 0.00347 0.00347 0.00347 0.00347
-1.84800 0.00357 0.00357 0.00357 0.00357
-1.84400 0.00371 0.00371 0.00371 0.00371
-1.84000 0.00389 0.00389 0.00389 0.00389
-1.83600 0.00413 0.00413 0.00413 0.00413
-1.83200 0.00443 0.00443 0.00443 0.00443
-1.82800 0.00478 0.00478 0.00478 0.00478
-1.82400 0.00518 0.00518 0.00518 0.00518
-1.82000 0.00556 0.00556 0.00556 0.00556
-1.81600 0.00583 0.00583 0.00583 0.00583
-1.81200 0.00590 0.00590 0.00590 0.00590
-1.80800 0.00576 0.00576 0.00576 0.00576
-1.80400 0.00548 0.00548 0.00548 0.00548
-1.80000 0.00516 0.00516 0.00516 0.00516
-1.79600 0.00488 0.00488 0.00488 0.00488
-1.79200 0.00466 0.00466 0.00466 0.00466
-1.78800 0.00450 0.00450 0.00450 0.00450
-1.78400 0.00442 0.00442 0.00442 0.00442
-1.78000 0.00439 0.00439 0.00439 0.00439
-1.77600 0.00441 0.00441 0.00441 0.00441
-1.77200 0.00449 0.00449 0.00449 0.00449
-1.76800 0.00463 0.00463 0.00463 0.00463
-1.76400 0.00483 0.00483 0.00483 0.00483
-1.76000 0.00511 0.00511 0.00511 0.00511
-1.75600 0.00547 0.00547 0.00547 0.00547
-1.75200 0.00594 0.00594 0.00594 0.00594
-1.74800 0.00650 0.00650 0.00650 0.00650
-1.74400 0.00714 0.00714 0.00714 0.00714
-1.74000 0.00776 0.00776 0.00776 0.00776
-1.73600 0.00822 0.00822 0.00822 0.00822
-1.73200 0.00835 0.00835 0.00835 0.00835
-1.72800 0.00814 0.00814 0.00814 0.00814
-1.72400 0.00768 0.00768 0.00768 0.00768
-1.72000 0.00714 0.00714 0.00714 0.00714
-1.71600 0.00664 0.00664 0.00664 0.00664
-1.71200 0.00625 0.00625 0.00625 0.00625
-1.70800 0.00596 0.00596 0.00596 0.00596
-1.70400 0.00579 0.00579 0.00579 0.00579
-1.70000 0.00571 0.00571 0.00571 0.00571
-1.69600 0.00572 0.00572 0.00572 0.00572
-1.69200 0.00581 0.00581 0.00581 0.00581
-1.68800 0.00600 0.00600 0.00600 0.00600
-1.68400 0.00629 0.00629 0.00629 0.00629
-1.68000 0.00670 0.00670 0.00670 0.00670
-1.67600 0.00723 0.00723 0.00723 0.00723
-1.67200 0.00791 0.00791 0.00791 0.00791
-1.66800 0.00871 0.00871 0.00871 0.00871
-1.66400 0.00954 0.00954 0.00954 0.00954
-1.66000 0.01024 0.01024 0.01024 0.01024
-1.65600 0.01059 0.01059 0.01059 0.01059
-1.65200 0.01047 0.01047 0.01047 0.01047
-1.64800 0.00997 0.00997 0.00997 0.00997
-1.64400 0.00928 0.00928 0.00928 0.00928
-1.64000 0.00860 0.00860 0.00860 0.00860
-1.63600 0.00804 0.00804 0.00804 0.00804
-1.63200 0.00763 0.00763 0.00763 0.00763
-1.62800 0.00736 0.00736 0.00736 0.00736
-1.62400 0.00723 0.00723 0.00723 0.00723
-1.62000 0.00723 0.00723 0.00723 0.00723
-1.61600 0.00735 0.00735 0.00735 0.00735
-1.61200 0.00759 0.00759 0.00759 0.00759
-1.60800 0.00797 0.00797 0.00797 0.00797
-1.60400 0.00851 0.00851 0.00851 0.00851
-1.60000 0.00924 0.00924 0.00924 0.00924
-1.59600 0.01018 0.01018 0.01018 0.01018
-1.59200 0.01135 0.01135 0.01135 0.01135
-1.58800 0.01270 0.01270 0.01270 0.01270
-1.58400 0.01406 0.01406 0.01406 0.01406
-1.58000 0.01514 0.01514 0.01514 0.01514
-1.57600 0.01557 0.01557 0.01557 0.01557
-1.57200 0.01523 0.01523 0.01523 0.01523
-1.56800 0.01429 0.01429 0.01429 0.01429
-1.56400 0.01311 0.01311 0.01311 0.01311
-1.56000 0.01199 0.01199 0.01199 0.01199
-1.55600 0.01107 0.01107 0.01107 0.01107
-1.55200 0.01041 0.01041 0.01041 0.01041
-1.54800 0.00999 0.00999 0.00999 0.00999
-1.54400 0.00979 0.00979 0.00979 0.00979
-1.54000 0.00980 0.00980 0.00980 0.00980
-1.53600 0.01001 0.01001 0.01001 0.01001
-1.53200 0.01045 0.01045 0.01045 0.01045
-1.52800 0.01112 0.01112 0.01112 0.01112
-1.52400 0.01207 0.01207 0.01207 0.01207
-1.52000 0.01331 0.01331 0.01331 0.01331
-1.51600 0.01482 0.01482 0.01482 0.01482
-1.51200 0.01649 0.01649 0.01649 0.01649
-1.50800 0.01802 0.01802 0.01802 0.01802
-1.50400 0.01897 0.01897 0.01897 0.01897
-1.50000 0.01899 0.01899 0.01899 0.01899
-1.49600 0.01810 0.01810 0.01810 0.01810
-1.49200 0.01668 0.01668 0.01668 0.01668
-1.48800 0.01516 0.01516 0.01516 0.01516
-1.48400 0.01382 0.01382 0.01382 0.01382
-1.48000 0.01278 0.01278 0.01278 0.01278
-1.47600 0.01203 0.01203 0.01203 0.01203
-1.47200 0.01157 0.01157 0.01157 0.01157
-1.46800 0.01137 0.01137 0.01137 0.01137
-1.46400 0.01141 0.01141 0.01141 0.01141
-1.46000 0.01168 0.01168 0.01168 0.01168
-1.45600 0.01222 0.01222 0.01222 0.01222
-1.45200 0.01303 0.01303 0.01303 0.01303
-1.44800 0.01415 0.01415 0.01415 0.01415
-1.44400 0.01559 0.01559 0.01559 0.01559
-1.44000 0.01729 0.01729 0.01729 0.01729
-1.43600 0.01903 0.01903 0.01903 0.01903
-1.43200 0.02043 0.02043 0.02043 0.02043
-1.42800 0.02101 0.02101 0.02101 0.02101
-1.42400 0.02056 0.02056 0.02056 0.02056
-1.42000 0.01931 0.01931 0.01931 0.01931
-1.41600 0.01773 0.01773 0.01773 0.01773
-1.41200 0.01622 0.01622 0.01622 0.01622
-1.40800 0.01498 0.01498 0.01498 0.01498
-1.40400 0.01407 0.01407 0.01407 0.01407
-1.40000 0.01349 0.01349 0.01349 0.01349
-1.39600 0.01321 0.01321 0.01321 0.01321
-1.39200 0.01321 0.01321 0.01321 0.01321
-1.38800 0.01349 0.01349 0.01349 0.01349
-1.38400 0.01405 0.01405 0.01405 0.01405
-1.38000 0.01494 0.01494 0.01494 0.01494
-1.37600 0.01618 0.01618 0.01618 0.01618
-1.37200 0.01783 0.01783 0.01783 0.01783
-1.36800 0.01985 0.01985 0.01985 0.01985
-1.36400 0.02213 0.02213 0.02213 0.02213
-1.36000 0.02428 0.02428 0.02428 0.02428
-1.35600 0.02574 0.02574 0.02574 0.02574
-1.35200 0.02598 0.02598 0.02598 0.02598
-1.34800 0.02497 0.02497 0.02497 0.02497
-1.34400 0.02317 0.02317 0.02317 0.02317
-1.34000 0.02119 0.02119 0.02119 0.02119
-1.33600 0.01944 0.01944 0.01944 0.01944
-1.33200 0.01810 0.01810 0.01810 0.01810
-1.32800 0.01719 0.01719 0.01719 0.01719
-1.32400 0.01672 0.01672 0.01672 0.01672
-1.32000 0.01665 0.01665 0.01665 0.01665
-1.31600 0.01699 0.01699 0.01699 0.01699
-1.31200 0.01773 0.01773 0.01773 0.01773
-1.30800 0.01893 0.01893 0.01893 0.01893
-1.30400 0.02061 0.02061 0.02061 0.02061
-1.30000 0.02278 0.02278 0.02278 0.02278
-1.29600 0.02533 0.02533 0.02533 0.02533
-1.29200 0.02789 0.02789 0.02789 0.02789
-1.28800 0.02983 0.02983 0.02983 0.02983
-1.28400 0.03046 0.03046 0.03046 0.03046
-1.28000 0.02952 0.02952 0.02952 0.02952
-1.27600 0.02744 0.02744 0.02744 0.02744
-1.27200 0.02492 0.02492 0.02492 0.02492
-1.26800 0.02255 0.02255 0.02255 0.02255
-1.26400 0.02059 0.02059 0.02059 0.02059
-1.26000 0.01910 0.01910 0.01910 0.01910
-1.25600 0.01807 0.01807 0.01807 0.01807
-1.25200 0.01745 0.01745 0.01745 0.01745
-1.24800 0.01718 0.01718 0.01718 0.01718
-1.24400 0.01726 0.01726 0.01726 0.01726
-1.24000 0.01768 0.01768 0.01768 0.01768
-1.23600 0.01845 0.01845 0.01845 0.01845
-1.23200 0.01963 0.01963 0.01963 0.01963
-1.22800 0.02124 0.02124 0.02124 0.02124
-1.22400 0.02330 0.02330 0.02330 0.02330
-1.22000 0.02572 0.02572 0.02572 0.02572
-1.21600 0.02819 0.02819 0.02819 0.02819
-1.21200 0.03014 0.03014 0.03014 0.03014
-1.20800 0.03094 0.03094 0.03094 0.03094
-1.20400 0.03032 0.03032 0.03032 0.03032
-1.20000 0.02864 0.02864 0.02864 0.02864
-1.19600 0.02657 0.02657 0.02657 0.02657
-1.19200 0.02464 0.02464 0.02464 0.02464
-1.18800 0.02312 0.02312 0.02312 0.02312
-1.18400 0.02211 0.02211 0.02211 0.02211
-1.18000 0.02159 0.02159 0.02159 0.02159
-1.17600 0.02156 0.02156 0.02156 0.02156
-1.17200 0.02199 0.02199 0.02199 0.02199
-1.16800 0.02292 0.02292 0.02292 0.02292
-1.16400 0.02438 0.02438 0.02438 0.02438
-1.16000 0.02642 0.02642 0.02642 0.02642
-1.15600 0.02908 0.02908 0.02908 0.02908
-1.15200 0.03227 0.03227 0.03227 0.03227
-1.14800 0.03567 0.03567 0.03567 0.03567
-1.14400 0.03860 0.03860 0.03860 0.03860
-1.14000 0.04016 0.04016 0.04016 0.04016
-1.13600 0.03981 0.03981 0.03981 0.03981
-1.13200 0.03784 0.03784 0.03784 0.03784
-1.12800 0.03508 0.03508 0.03508 0.03508
-1.12400 0.03235 0.03235 0.03235 0.03235
-1.12000 0.03011 0.03011 0.03011 0.03011
-1.11600 0.02851 0.02851 0.02851 0.02851
-1.11200 0.02757 0.02757 0.02757 0.02757
-1.10800 0.02725 0.02725 0.02725 0.02725
-1.10400 0.02753 0.02753 0.02753 0.02753
-1.10000 0.02841 0.02841 0.02841 0.02841
-1.09600 0.02992 0.02992 0.02992 0.02992
-1.09200 0.03213 0.03213 0.03213 0.03213
-1.08800 0.03513 0.03513 0.03513 0.03513
-1.08400 0.03896 0.03896 0.03896 0.03896
-1.08000 0.04351 0.04351 0.04351 0.04351
-1.07600 0.04833 0.04833 0.04833 0.04833
-1.07200 0.05247 0.05247 0.05247 0.05247
-1.06800 0.05476 0.05476 0.05476 0.05476
-1.06400 0.05454 0.05454 0.05454 0.05454
-1.06000 0.05224 0.05224 0.05224 0.05224
-1.05600 0.04907 0.04907 0.04907 0.04907
-1.05200 0.04610 0.04610 0.04610 0.04610
-1.04800 0.04397 0.04397 0.04397 0.04397
-1.04400 0.04295 0.04295 0.04295 0.04295
-1.04000 0.04309 0.04309 0.04309 0.04309
-1.03600 0.04444 0.04444 0.04444 0.04444
-1.03200 0.04705 0.04705 0.04705 0.04705
-1.02800 0.05101 0.05101 0.05101 0.05101
-1.02400 0.05631 0.05631 0.05631 0.05631
-1.02000 0.06272 0.06272 0.06272 0.06272
-1.01600 0.06949 0.06949 0.06949 0.06949
-1.01200 0.07514 0.07514 0.07514 0.07514
-1.00800 0.07796 0.07796 0.07796 0.07796
-1.00400 0.07713 0.07713 0.07713 0.07713
-1.00000 0.07348 0.07348 0.07348 0.07348
-0.99600 0.06879 0.06879 0.06879 0.06879
-0.99200 0.06460 0.06460 0.06460 0.06460
-0.98800 0.06179 0.06179 0.06179 0.06179
-0.98400 0.06069 0.06069 0.06069 0.06069
-0.98000 0.06142 0.06142 0.06142 0.06142
-0.97600 0.06408 0.06408 0.06408 0.06408
-0.97200 0.06879 0.06879 0.06879 0.06879
-0.96800 0.07567 0.07567 0.07567 0.07567
-0.96400 0.08471 0.08471 0.08471 0.08471
-0.96000 0.09537 0.09537 0.09537 0.09537
-0.95600 0.10612 0.10612 0.10612 0.10612
-0.95200 0.11426 0.11426 0.11426 0.11426
-0.94800 0.11688 0.11688 0.11688 0.11688
-0.94400 0.11302 0.11302 0.11302 0.11302
-0.94000 0.10445 0.10445 0.10445 0.10445
-0.93600 0.09422 0.09422 0.09422 0.09422
-0.93200 0.08467 0.08467 0.08467 0.08467
-0.92800 0.07694 0.07694 0.07694 0.07694
-0.92400 0.07133 0.07133 0.07133 0.07133
-0.92000 0.06776 0.06776 0.06776 0.06776
-0.91600 0.06605 0.06605 0.06605 0.06605
-0.91200 0.06609 0.06609 0.06609 0.06609
-0.90800 0.06783 0.06783 0.06783 0.06783
-0.90400 0.07136 0.07136 0.07136 0.07136
-0.90000 0.07682 0.07682 0.07682 0.07682
-0.89600 0.08442 0.08442 0.08442 0.08442
-0.89200 0.09419 0.09419 0.09419 0.09419
-0.88800 0.10577 0.10577 0.10577 0.10577
-0.88400 0.11783 0.11783 0.11783 0.11783
-0.88000 0.12788 0.12788 0.12788 0.12788
-0.87600 0.13310 0.13310 0.13310 0.13310
-0.87200 0.13239 0.13239 0.13239 0.13239
-0.86800 0.12741 0.12741 0.12741 0.12741
-0.86400 0.12130 0.12130 0.12130 0.12130
-0.86000 0.11674 0.11674 0.11674 0.11674
-0.85600 0.11524 0.11524 0.11524 0.11524
-0.85200 0.11748 0.11748 0.11748 0.11748
-0.84800 0.12362 0.12362 0.12362 0.12362
-0.84400 0.13340 0.13340 0.13340 0.13340
-0.84000 0.14565 0.14565 0.14565 0.14565
-0.83600 0.15783 0.15783 0.15783 0.15783
-0.83200 0.16600 0.16600 0.16600 0.16600
-0.82800 0.16673 0.16673 0.16673 0.16673
-0.82400 0.15974 0.15974 0.15974 0.15974
-0.82000 0.14807 0.14807 0.14807 0.14807
-0.81600 0.13564 0.13564 0.13564 0.13564
-0.81200 0.12511 0.12511 0.12511 0.12511
-0.80800 0.11769 0.11769 0.11769 0.11769
-0.80400 0.11369 0.11369 0.11369 0.11369
-0.80000 0.11312 0.11312 0.11312 0.11312
-0.79600 0.11596 0.11596 0.11596 0.11596
-0.79200 0.12236 0.12236 0.12236 0.12236
-0.78800 0.13255 0.13255 0.13255 0.13255
-0.78400 0.14677 0.14677 0.14677 0.14677
-0.78000 0.16483 0.16483 0.16483 0.16483
-0.77600 0.18542 0.18542 0.18542 0.18542
-0.77200 0.20524 0.20524 0.20524 0.20524
-0.76800 0.21919 0.21919 0.21919 0.21919
-0.76400 0.22293 0.22293 0.22293 0.22293
-0.76000 0.21643 0.21643 0.21643 0.21643
-0.75600 0.20414 0.20414 0.20414 0.20414
-0.75200 0.19158 0.19158 0.19158 0.19158
-0.74800 0.18261 0.18261 0.18261 0.18261
-0.74400 0.17910 0.17910 0.17910 0.17910
-0.74000 0.18171 0.18171 0.18171 0.18171
-0.73600 0.19036 0.19036 0.19036 0.19036
-0.73200 0.20421 0.20421 0.20421 0.20421
-0.72800 0.22094 0.22094 0.22094 0.22094
-0.72400 0.23619 0.23619 0.23619 0.23619
-0.72000 0.24450 0.24450 0.24450 0.24450
-0.71600 0.24273 0.24273 0.24273 0.24273
-0.71200 0.23272 0.23272 0.23272 0.23272
-0.70800 0.21975 0.21975 0.21975 0.21975
-0.70400 0.20888 0.20888 0.20888 0.20888
-0.70000 0.20321 0.20321 0.20321 0.20321
-0.69600 0.20417 0.20417 0.20417 0.20417
-0.69200 0.21230 0.21230 0.21230 0.21230
-0.68800 0.22747 0.22747 0.22747 0.22747
-0.68400 0.24851 0.24851 0.24851 0.24851
-0.68000 0.27207 0.27207 0.27207 0.27207
-0.67600 0.29189 0.29189 0.29189 0.29189
-0.67200 0.30039 0.30039 0.30039 0.30039
-0.66800 0.29354 0.29354 0.29354 0.29354
-0.66400 0.27424 0.27424 0.27424 0.27424
-0.66000 0.24975 0.24975 0.24975 0.24975
-0.65600 0.22657 0.22657 0.22657 0.22657
-0.65200 0.20829 0.20829 0.20829 0.20829
-0.64800 0.19618 0.19618 0.19618 0.19618
-0.64400 0.19042 0.19042 0.19042 0.19042
-0.64000 0.19086 0.19086 0.19086 0.19086
-0.63600 0.19744 0.19744 0.19744 0.19744
-0.63200 0.21001 0.21001 0.21001 0.21001
-0.62800 0.22802 0.22802 0.22802 0.22802
-0.62400 0.24959 0.24959 0.24959 0.24959
-0.62000 0.27075 0.27075 0.27075 0.27075
-0.61600 0.28597 0.28597 0.28597 0.28597
-0.61200 0.29138 0.29138 0.29138 0.29138
-0.60800 0.28824 0.28824 0.28824 0.28824
-0.60400 0.28222 0.28222 0.28222 0.28222
-0.60000 0.27948 0.27948 0.27948 0.27948
-0.59600 0.28405 0.28405 0.28405 0.28405
-0.59200 0.29750 0.29750 0.29750 0.29750
-0.58800 0.31889 0.31889 0.31889 0.31889
-0.58400 0.34406 0.34406 0.34406 0.34406
-0.58000 0.36506 0.36506 0.36506 0.36506
-0.57600 0.37234 0.37234 0.37234 0.37234
-0.57200 0.36092 0.36092 0.36092 0.36092
-0.56800 0.33444 0.33444 0.33444 0.33444
-0.56400 0.30178 0.30178 0.30178 0.30178
-0.56000 0.27078 0.27078 0.27078 0.27078
-0.55600 0.24565 0.24565 0.24565 0.24565
-0.55200 0.22777 0.22777 0.22777 0.22777
-0.54800 0.21708 0.21708 0.21708 0.21708
-0.54400 0.21312 0.21312 0.21312 0.21312
-0.54000 0.21525 0.21525 0.21525 0.21525
-0.53600 0.22251 0.22251 0.22251 0.22251
-0.53200 0.23312 0.23312 0.23312 0.23312
-0.52800 0.24418 0.24418 0.24418 0.24418
-0.52400 0.25250 0.25250 0.25250 0.25250
-0.52000 0.25683 0.25683 0.25683 0.25683
-0.51600 0.25915 0.25915 0.25915 0.25915
-0.51200 0.26334 0.26334 0.26334 0.26334
-0.50800 0.27302 0.27302 0.27302 0.27302
-0.50400 0.29048 0.29048 0.29048 0.29048
-0.50000 0.31660 0.31660 0.31660 0.31660
-0.49600 0.35044 0.35044 0.35044 0.35044
-0.49200 0.38811 0.38811 0.38811 0.38811
-0.48800 0.42218 0.42218 0.42218 0.42218
-0.48400 0.44425 0.44425 0.44425 0.44425
-0.48000 0.45116 0.45116 0.45116 0.45116
-0.47600 0.44833 0.44833 0.44833 0.44833
-0.47200 0.44552 0.44552 0.44552 0.44552
-0.46800 0.45017 0.45017 0.45017 0.45017
-0.46400 0.46377 0.46377 0.46377 0.46377
-0.46000 0.48106 0.48106 0.48106 0.48106
-0.45600 0.49138 0.49138 0.49138 0.49138
-0.45200 0.48427 0.48427 0.48427 0.48427
-0.44800 0.45743 0.45743 0.45743 0.45743
-0.44400 0.41838 0.41838 0.41838 0.41838
-0.44000 0.37778 0.37778 0.37778 0.37778
-0.43600 0.34327 0.34327 0.34327 0.34327
-0.43200 0.31822 0.31822 0.31822 0.31822
-0.42800 0.30319 0.30319 0.30319 0.30319
-0.42400 0.29713 0.29713 0.29713 0.29713
-0.42000 0.29775 0.29775 0.29775 0.29775
-0.41600 0.30141 0.30141 0.30141 0.30141
-0.41200 0.30389 0.30389 0.30389 0.30389
-0.40800 0.30275 0.30275 0.30275 0.30275
-0.40400 0.29925 0.29925 0.29925 0.29925
-0.40000 0.29713 0.29713 0.29713 0.29713
-0.39600 0.29991 0.29991 0.29991 0.29991
-0.39200 0.30900 0.30900 0.30900 0.30900
-0.38800 0.32309 0.32309 0.32309 0.32309
-0.38400 0.33785 0.33785 0.33785 0.33785
-0.38000 0.34712 0.34712 0.34712 0.34712
-0.37600 0.34660 0.34660 0.34660 0.34660
-0.37200 0.33751 0.33751 0.33751 0.33751
-0.36800 0.32557 0.32557 0.32557 0.32557
-0.36400 0.31697 0.31697 0.31697 0.31697
-0.36000 0.31576 0.31576 0.31576 0.31576
-0.35600 0.32394 0.32394 0.32394 0.32394
-0.35200 0.34196 0.34196 0.34196 0.34196
-0.34800 0.36864 0.36864 0.36864 0.36864
-0.34400 0.39998 0.39998 0.39998 0.39998
-0.34000 0.42813 0.42813 0.42813 0.42813
-0.33600 0.44311 0.44311 0.44311 0.44311
-0.33200 0.43889 0.43889 0.43889 0.43889
-0.32800 0.41839 0.41839 0.41839 0.41839
-0.32400 0.39072 0.39072 0.39072 0.39072
-0.32000 0.36428 0.36428 0.36428 0.36428
-0.31600 0.34331 0.34331 0.34331 0.34331
-0.31200 0.32877 0.32877 0.32877 0.32877
-0.30800 0.32058 0.32058 0.32058 0.32058
-0.30400 0.31913 0.31913 0.31913 0.31913
-0.30000 0.32540 0.32540 0.32540 0.32540
-0.29600 0.34060 0.34060 0.34060 0.34060
-0.29200 0.36598 0.36598 0.36598 0.36598
-0.28800 0.40265 0.40265 0.40265 0.40265
-0.28400 0.45108 0.45108 0.45108 0.45108
-0.28000 0.50995 0.50995 0.50995 0.50995
-0.27600 0.57449 0.57449 0.57449 0.57449
-0.27200 0.63515 0.63515 0.63515 0.63515
-0.26800 0.67846 0.67846 0.67846 0.67846
-0.26400 0.69195 0.69195 0.69195 0.69195
-0.26000 0.67276 0.67276 0.67276 0.67276
-0.25600 0.63129 0.63129 0.63129 0.63129
-0.25200 0.58384 0.58384 0.58384 0.58384
-0.24800 0.54324 0.54324 0.54324 0.54324
-0.24400 0.51614 0.51614 0.51614 0.51614
-0.24000 0.50486 0.50486 0.50486 0.50486
-0.23600 0.50884 0.50884 0.50884 0.50884
-0.23200 0.52465 0.52465 0.52465 0.52465
-0.22800 0.54473 0.54473 0.54473 0.54473
-0.22400 0.55771 0.55771 0.55771 0.55771
-0.22000 0.55312 0.55312 0.55312 0.55312
-0.21600 0.52884 0.52884 0.52884 0.52884
-0.21200 0.49233 0.49233 0.49233 0.49233
-0.20800 0.45405 0.45405 0.45405 0.45405
-0.20400 0.42135 0.42135 0.42135 0.42135
-0.20000 0.39742 0.39742 0.39742 0.39742
-0.19600 0.38288 0.38288 0.38288 0.38288
-0.19200 0.37737 0.37737 0.37737 0.37737
-0.18800 0.38044 0.38044 0.38044 0.38044
-0.18400 0.39200 0.39200 0.39200 0.39200
-0.18000 0.41244 0.41244 0.41244 0.41244
-0.17600 0.44274 0.44274 0.44274 0.44274
-0.17200 0.48452 0.48452 0.48452 0.48452
-0.16800 0.54000 0.54000 0.54000 0.54000
-0.16400 0.61187 0.61187 0.61187 0.61187
-0.16000 0.70263 0.70263 0.70263 0.70263
-0.15600 0.81278 0.81278 0.81278 0.81278
-0.15200 0.93744 0.93744 0.93744 0.93744
-0.14800 1.06235 1.06235 1.06235 1.06235
-0.14400 1.16442 1.16442 1.16442 1.16442
-0.14000 1.22382 1.22382 1.22382 1.22382
-0.13600 1.24054 1.24054 1.24054 1.24054
-0.13200 1.23384 1.23384 1.23384 1.23384
-0.12800 1.22273 1.22273 1.22273 1.22273
-0.12400 1.20972 1.20972 1.20972 1.20972
-0.12000 1.18192 1.18192 1.18192 1.18192
-0.11600 1.12685 1.12685 1.12685 1.12685
-0.11200 1.04748 1.04748 1.04748 1.04748
-0.10800 0.96017 0.96017 0.96017 0.96017
-0.10400 0.88169 0.88169 0.88169 0.88169
-0.10000 0.82167 0.82167 0.82167 0.82167
-0.09600 0.78324 0.78324 0.78324 0.78324
-0.09200 0.76636 0.76636 0.76636 0.76636
-0.08800 0.77022 0.77022 0.77022 0.77022
-0.08400 0.79450 0.79450 0.79450 0.79450
-0.08000 0.84001 0.84001 0.84001 0.84001
-0.07600 0.90892 0.90892 0.90892 0.90892
-0.07200 1.00501 1.00501 1.00501 1.00501
-0.06800 1.13396 1.13396 1.13396 1.13396
-0.06400 1.30338 1.30338 1.30338 1.30338
-0.06000 1.52248 1.52248 1.52248 1.52248
-0.05600 1.80012 1.80012 1.80012 1.80012
-0.05200 2.13947 2.13947 2.13947 2.13947
-0.04800 2.52658 2.52658 2.52658 2.52658
-0.04400 2.91362 2.91362 2.91362 2.91362
-0.04000 3.21123 3.21123 3.21123 3.21123
-0.03600 3.32020 3.32020 3.32020 3.32020
-0.03200 3.20212 3.20212 3.20212 3.20212
-0.02800 2.91409 2.91409 2.91409 2.91409
-0.02400 2.55957 2.55957 2.55957 2.55957
-0.02000 2.22174 2.22174 2.22174 2.22174
-0.01600 1.94189 1.94189 1.94189 1.94189
-0.01200 1.73123 1.73123 1.73123 1.73123
-0.00800 1.58725 1.58725 1.58725 1.58725
-0.00400 1.50399 1.50399 1.50399 1.50399
0.00000 1.47674 1.47674 1.47674 1.47674
0.00400 1.50377 1.50377 1.50377 1.50377
0.00800 1.58680 1.58680 1.58680 1.58680
0.01200 1.73053 1.73053 1.73053 1.73053
0.01600 1.94094 1.94094 1.94094 1.94094
0.02000 2.22062 2.22062 2.22062 2.22062
0.02400 2.55852 2.55852 2.55852 2.55852
0.02800 2.91363 2.91363 2.91363 2.91363
0.03200 3.20305 3.20305 3.20305 3.20305
0.03600 3.32309 3.32309 3.32309 3.32309
0.04000 3.21590 3.21590 3.21590 3.21590
0.04400 2.91914 2.91914 2.91914 2.91914
0.04800 2.53194 2.53194 2.53194 2.53194
0.05200 2.14404 2.14404 2.14404 2.14404
0.05600 1.80371 1.80371 1.80371 1.80371
0.06000 1.52511 1.52511 1.52511 1.52511
0.06400 1.30516 1.30516 1.30516 1.30516
0.06800 1.13501 1.13501 1.13501 1.13501
0.07200 1.00542 1.00542 1.00542 1.00542
0.07600 0.90874 0.90874 0.90874 0.90874
0.08000 0.83928 0.83928 0.83928 0.83928
0.08400 0.79321 0.79321 0.79321 0.79321
0.08800 0.76832 0.76832 0.76832 0.76832
0.09200 0.76379 0.76379 0.76379 0.76379
0.09600 0.77982 0.77982 0.77982 0.77982
0.10000 0.81712 0.81712 0.81712 0.81712
0.10400 0.87547 0.87547 0.87547 0.87547
0.10800 0.95130 0.95130 0.95130 0.95130
0.11200 1.03438 1.03438 1.03438 1.03438
0.11600 1.10753 1.10753 1.10753 1.10753
0.12000 1.15478 1.15478 1.15478 1.15478
0.12400 1.17462 1.17462 1.17462 1.17462
0.12800 1.18178 1.18178 1.18178 1.18178
0.13200 1.19253 1.19253 1.19253 1.19253
0.13600 1.20890 1.20890 1.20890 1.20890
0.14000 1.21427 1.21427 1.21427 1.21427
0.14400 1.18394 1.18394 1.18394 1.18394
0.14800 1.10596 1.10596 1.10596 1.10596
0.15200 0.99220 0.99220 0.99220 0.99220
0.15600 0.86699 0.86699 0.86699 0.86699
0.16000 0.75008 0.75008 0.75008 0.75008
0.16400 0.65085 0.65085 0.65085 0.65085
0.16800 0.57105 0.57105 0.57105 0.57105
0.17200 0.50896 0.50896 0.50896 0.50896
0.17600 0.46193 0.46193 0.46193 0.46193
0.18000 0.42754 0.42754 0.42754 0.42754
0.18400 0.40396 0.40396 0.40396 0.40396
0.18800 0.39003 0.39003 0.39003 0.39003
0.19200 0.38523 0.38523 0.38523 0.38523
0.19600 0.38956 0.38956 0.38956 0.38956
0.20000 0.40340 0.40340 0.40340 0.40340
0.20400 0.42704 0.42704 0.42704 0.42704
0.20800 0.45981 0.45981 0.45981 0.45981
0.21200 0.49833 0.49833 0.49833 0.49833
0.21600 0.53486 0.53486 0.53486 0.53486
0.22000 0.55813 0.55813 0.55813 0.55813
0.22400 0.55964 0.55964 0.55964 0.55964
0.22800 0.54086 0.54086 0.54086 0.54086
0.23200 0.51234 0.51234 0.51234 0.51234
0.23600 0.48598 0.48598 0.48598 0.48598
0.24000 0.46971 0.46971 0.46971 0.46971
0.24400 0.46734 0.46734 0.46734 0.46734
0.24800 0.47993 0.47993 0.47993 0.47993
0.25200 0.50648 0.50648 0.50648 0.50648
0.25600 0.54315 0.54315 0.54315 0.54315
0.26000 0.58237 0.58237 0.58237 0.58237
0.26400 0.61383 0.61383 0.61383 0.61383
0.26800 0.62840 0.62840 0.62840 0.62840
0.27200 0.62106 0.62106 0.62106 0.62106
0.27600 0.59170 0.59170 0.59170 0.59170
0.28000 0.54596 0.54596 0.54596 0.54596
0.28400 0.49395 0.49395 0.49395 0.49395
0.28800 0.44537 0.44537 0.44537 0.44537
0.29200 0.40575 0.40575 0.40575 0.40575
0.29600 0.37663 0.37663 0.37663 0.37663
0.30000 0.35722 0.35722 0.35722 0.35722
0.30400 0.34632 0.34632 0.34632 0.34632
0.30800 0.34355 0.34355 0.34355 0.34355
0.31200 0.34939 0.34939 0.34939 0.34939
0.31600 0.36438 0.36438 0.36438 0.36438
0.32000 0.38783 0.38783 0.38783 0.38783
0.32400 0.41645 0.41645 0.41645 0.41645
0.32800 0.44360 0.44360 0.44360 0.44360
0.33200 0.46107 0.46107 0.46107 0.46107
0.33600 0.46390 0.46390 0.46390 0.46390
0.34000 0.45310 0.45310 0.45310 0.45310
0.34400 0.43259 0.43259 0.43259 0.43259
0.34800 0.40597 0.40597 0.40597 0.40597
0.35200 0.37701 0.37701 0.37701 0.37701
0.35600 0.35035 0.35035 0.35035 0.35035
0.36000 0.33002 0.33002 0.33002 0.33002
0.36400 0.31822 0.31822 0.31822 0.31822
0.36800 0.31519 0.31519 0.31519 0.31519
0.37200 0.31921 0.31921 0.31921 0.31921
0.37600 0.32637 0.32637 0.32637 0.32637
0.38000 0.33088 0.33088 0.33088 0.33088
0.38400 0.32769 0.32769 0.32769 0.32769
0.38800 0.31614 0.31614 0.31614 0.31614
0.39200 0.30037 0.30037 0.30037 0.30037
0.39600 0.28577 0.28577 0.28577 0.28577
0.40000 0.27601 0.27601 0.27601 0.27601
0.40400 0.27225 0.27225 0.27225 0.27225
0.40800 0.27354 0.27354 0.27354 0.27354
0.41200 0.27731 0.27731 0.27731 0.27731
0.41600 0.28058 0.28058 0.28058 0.28058
0.42000 0.28209 0.28209 0.28209 0.28209
0.42400 0.28352 0.28352 0.28352 0.28352
0.42800 0.28835 0.28835 0.28835 0.28835
0.43200 0.29987 0.29987 0.29987 0.29987
0.43600 0.32037 0.32037 0.32037 0.32037
0.44000 0.35095 0.35095 0.35095 0.35095
0.44400 0.39092 0.39092 0.39092 0.39092
0.44800 0.43632 0.43632 0.43632 0.43632
0.45200 0.47830 0.47830 0.47830 0.47830
0.45600 0.50480 0.50480 0.50480 0.50480
0.46000 0.50774 0.50774 0.50774 0.50774
0.46400 0.49015 0.49015 0.49015 0.49015
0.46800 0.46382 0.46382 0.46382 0.46382
0.47200 0.44057 0.44057 0.44057 0.44057
0.47600 0.42659 0.42659 0.42659 0.42659
0.48000 0.42166 0.42166 0.42166 0.42166
0.48400 0.42004 0.42004 0.42004 0.42004
0.48800 0.41313 0.41313 0.41313 0.41313
0.49200 0.39479 0.39479 0.39479 0.39479
0.49600 0.36599 0.36599 0.36599 0.36599
0.50000 0.33327 0.33327 0.33327 0.33327
0.50400 0.30338 0.30338 0.30338 0.30338
0.50800 0.28031 0.28031 0.28031 0.28031
0.51200 0.26540 0.26540 0.26540 0.26540
0.51600 0.25835 0.25835 0.25835 0.25835
0.52000 0.25769 0.25769 0.25769 0.25769
0.52400 0.26054 0.26054 0.26054 0.26054
0.52800 0.26286 0.26286 0.26286 0.26286
0.53200 0.26101 0.26101 0.26101 0.26101
0.53600 0.25431 0.25431 0.25431 0.25431
0.54000 0.24554 0.24554 0.24554 0.24554
0.54400 0.23866 0.23866 0.23866 0.23866
0.54800 0.23677 0.23677 0.23677 0.23677
0.55200 0.24171 0.24171 0.24171 0.24171
0.55600 0.25446 0.25446 0.25446 0.25446
0.56000 0.27542 0.27542 0.27542 0.27542
0.56400 0.30385 0.30385 0.30385 0.30385
0.56800 0.33665 0.33665 0.33665 0.33665
0.57200 0.36691 0.36691 0.36691 0.36691
0.57600 0.38483 0.38483 0.38483 0.38483
0.58000 0.38314 0.38314 0.38314 0.38314
0.58400 0.36314 0.36314 0.36314 0.36314
0.58800 0.33364 0.33364 0.33364 0.33364
0.59200 0.30429 0.30429 0.30429 0.30429
0.59600 0.28117 0.28117 0.28117 0.28117
0.60000 0.26668 0.26668 0.26668 0.26668
0.60400 0.26078 0.26078 0.26078 0.26078
0.60800 0.26157 0.26157 0.26157 0.26157
0.61200 0.26523 0.26523 0.26523 0.26523
0.61600 0.26634 0.26634 0.26634 0.26634
0.62000 0.26021 0.26021 0.26021 0.26021
0.62400 0.24621 0.24621 0.24621 0.24621
0.62800 0.22787 0.22787 0.22787 0.22787
0.63200 0.20987 0.20987 0.20987 0.20987
0.63600 0.19543 0.19543 0.19543 0.19543
0.64000 0.18604 0.18604 0.18604 0.18604
0.64400 0.18220 0.18220 0.18220 0.18220
0.64800 0.18409 0.18409 0.18409 0.18409
0.65200 0.19192 0.19192 0.19192 0.19192
0.65600 0.20593 0.20593 0.20593 0.20593
0.66000 0.22604 0.22604 0.22604 0.22604
0.66400 0.25104 0.25104 0.25104 0.25104
0.66800 0.27726 0.27726 0.27726 0.27726
0.67200 0.29795 0.29795 0.29795 0.29795
0.67600 0.30547 0.30547 0.30547 0.30547
0.68000 0.29657 0.29657 0.29657 0.29657
0.68400 0.27531 0.27531 0.27531 0.27531
0.68800 0.24957 0.24957 0.24957 0.24957
0.69200 0.22594 0.22594 0.22594 0.22594
0.69600 0.20791 0.20791 0.20791 0.20791
0.70000 0.19669 0.19669 0.19669 0.19669
0.70400 0.19242 0.19242 0.19242 0.19242
0.70800 0.19483 0.19483 0.19483 0.19483
0.71200 0.20323 0.20323 0.20323 0.20323
0.71600 0.21597 0.21597 0.21597 0.21597
0.72000 0.22959 0.22959 0.22959 0.22959
0.72400 0.23883 0.23883 0.23883 0.23883
0.72800 0.23888 0.23888 0.23888 0.23888
0.73200 0.22903 0.22903 0.22903 0.22903
0.73600 0.21324 0.21324 0.21324 0.21324
0.74000 0.19692 0.19692 0.19692 0.19692
0.74400 0.18400 0.18400 0.18400 0.18400
0.74800 0.17641 0.17641 0.17641 0.17641
0.75200 0.17479 0.17479 0.17479 0.17479
0.75600 0.17907 0.17907 0.17907 0.17907
0.76000 0.18847 0.18847 0.18847 0.18847
0.76400 0.20090 0.20090 0.20090 0.20090
0.76800 0.21228 0.21228 0.21228 0.21228
0.77200 0.21720 0.21720 0.21720 0.21720
0.77600 0.21189 0.21189 0.21189 0.21189
0.78000 0.19722 0.19722 0.19722 0.19722
0.78400 0.17778 0.17778 0.17778 0.17778
0.78800 0.15832 0.15832 0.15832 0.15832
0.79200 0.14171 0.14171 0.14171 0.14171
0.79600 0.12897 0.12897 0.12897 0.12897
0.80000 0.12021 0.12021 0.12021 0.12021
0.80400 0.11523 0.11523 0.11523 0.11523
0.80800 0.11382 0.11382 0.11382 0.11382
0.81200 0.11593 0.11593 0.11593 0.11593
0.81600 0.12157 0.12157 0.12157 0.12157
0.82000 0.13065 0.13065 0.13065 0.13065
0.82400 0.14250 0.14250 0.14250 0.14250
0.82800 0.15525 0.15525 0.15525 0.15525
0.83200 0.16542 0.16542 0.16542 0.16542
0.83600 0.16902 0.16902 0.16902 0.16902
0.84000 0.16423 0.16423 0.16423 0.16423
0.84400 0.15307 0.15307 0.15307 0.15307
0.84800 0.13962 0.13962 0.13962 0.13962
0.85200 0.12737 0.12737 0.12737 0.12737
0.85600 0.11820 0.11820 0.11820 0.11820
0.86000 0.11276 0.11276 0.11276 0.11276
0.86400 0.11105 0.11105 0.11105 0.11105
0.86800 0.11264 0.11264 0.11264 0.11264
0.87200 0.11651 0.11651 0.11651 0.11651
0.87600 0.12073 0.12073 0.12073 0.12073
0.88000 0.12258 0.12258 0.12258 0.12258
0.88400 0.11982 0.11982 0.11982 0.11982
0.88800 0.11237 0.11237 0.11237 0.11237
0.89200 0.10224 0.10224 0.10224 0.10224
0.89600 0.09185 0.09185 0.09185 0.09185
0.90000 0.08276 0.08276 0.08276 0.08276
0.90400 0.07561 0.07561 0.07561 0.07561
0.90800 0.07046 0.07046 0.07046 0.07046
0.91200 0.06722 0.06722 0.06722 0.06722
0.91600 0.06577 0.06577 0.06577 0.06577
0.92000 0.06605 0.06605 0.06605 0.06605
0.92400 0.06812 0.06812 0.06812 0.06812
0.92800 0.07210 0.07210 0.07210 0.07210
0.93200 0.07816 0.07816 0.07816 0.07816
0.93600 0.08629 0.08629 0.08629 0.08629
0.94000 0.09598 0.09598 0.09598 0.09598
0.94400 0.10575 0.10575 0.10575 0.10575
0.94800 0.11296 0.11296 0.11296 0.11296
0.95200 0.11475 0.11475 0.11475 0.11475
0.95600 0.11016 0.11016 0.11016 0.11016
0.96000 0.10093 0.10093 0.10093 0.10093
0.96400 0.09005 0.09005 0.09005 0.09005
0.96800 0.07984 0.07984 0.07984 0.07984
0.97200 0.07143 0.07143 0.07143 0.07143
0.97600 0.06513 0.06513 0.06513 0.06513
0.98000 0.06088 0.06088 0.06088 0.06088
0.98400 0.05853 0.05853 0.05853 0.05853
0.98800 0.05796 0.05796 0.05796 0.05796
0.99200 0.05912 0.05912 0.05912 0.05912
0.99600 0.06194 0.06194 0.06194 0.06194
1.00000 0.06620 0.06620 0.06620 0.06620
1.00400 0.07125 0.07125 0.07125 0.07125
1.00800 0.07571 0.07571 0.07571 0.07571
1.01200 0.07775 0.07775 0.07775 0.07775
1.01600 0.07610 0.07610 0.07610 0.07610
1.02000 0.07109 0.07109 0.07109 0.07109
1.02400 0.06436 0.06436 0.06436 0.06436
1.02800 0.05756 0.05756 0.05756 0.05756
1.03200 0.05169 0.05169 0.05169 0.05169
1.03600 0.04711 0.04711 0.04711 0.04711
1.04000 0.04387 0.04387 0.04387 0.04387
1.04400 0.04187 0.04187 0.04187 0.04187
1.04800 0.04104 0.04104 0.04104 0.04104
1.05200 0.04132 0.04132 0.04132 0.04132
1.05600 0.04267 0.04267 0.04267 0.04267
1.06000 0.04494 0.04494 0.04494 0.04494
1.06400 0.04772 0.04772 0.04772 0.04772
1.06800 0.05019 0.05019 0.05019 0.05019
1.07200 0.05124 0.05124 0.05124 0.05124
1.07600 0.05010 0.05010 0.05010 0.05010
1.08000 0.04694 0.04694 0.04694 0.04694
1.08400 0.04272 0.04272 0.04272 0.04272
1.08800 0.03844 0.03844 0.03844 0.03844
1.09200 0.03470 0.03470 0.03470 0.03470
1.09600 0.03169 0.03169 0.03169 0.03169
1.10000 0.02945 0.02945 0.02945 0.02945
1.10400 0.02788 0.02788 0.02788 0.02788
1.10800 0.02694 0.02694 0.02694 0.02694
1.11200 0.02658 0.02658 0.02658 0.02658
1.11600 0.02679 0.02679 0.02679 0.02679
1.12000 0.02759 0.02759 0.02759 0.02759
1.12400 0.02904 0.02904 0.02904 0.02904
1.12800 0.03114 0.03114 0.03114 0.03114
1.13200 0.03383 0.03383 0.03383 0.03383
1.13600 0.03678 0.03678 0.03678 0.03678
1.14000 0.03930 0.03930 0.03930 0.03930
1.14400 0.04047 0.04047 0.04047 0.04047
1.14800 0.03971 0.03971 0.03971 0.03971
1.15200 0.03723 0.03723 0.03723 0.03723
1.15600 0.03388 0.03388 0.03388 0.03388
1.16000 0.03049 0.03049 0.03049 0.03049
1.16400 0.02755 0.02755 0.02755 0.02755
1.16800 0.02522 0.02522 0.02522 0.02522
1.17200 0.02351 0.02351 0.02351 0.02351
1.17600 0.02237 0.02237 0.02237 0.02237
1.18000 0.02174 0.02174 0.02174 0.02174
1.18400 0.02161 0.02161 0.02161 0.02161
1.18800 0.02196 0.02196 0.02196 0.02196
1.19200 0.02281 0.02281 0.02281 0.02281
1.19600 0.02418 0.02418 0.02418 0.02418
1.20000 0.02603 0.02603 0.02603 0.02603
1.20400 0.02816 0.02816 0.02816 0.02816
1.20800 0.03012 0.03012 0.03012 0.03012
1.21200 0.03123 0.03123 0.03123 0.03123
1.21600 0.03095 0.03095 0.03095 0.03095
1.22000 0.02931 0.02931 0.02931 0.02931
1.22400 0.02688 0.02688 0.02688 0.02688
1.22800 0.02430 0.02430 0.02430 0.02430
1.23200 0.02201 0.02201 0.02201 0.02201
1.23600 0.02015 0.02015 0.02015 0.02015
1.24000 0.01875 0.01875 0.01875 0.01875
1.24400 0.01777 0.01777 0.01777 0.01777
1.24800 0.01716 0.01716 0.01716 0.01716
1.25200 0.01689 0.01689 0.01689 0.01689
1.25600 0.01696 0.01696 0.01696 0.01696
1.26000 0.01737 0.01737 0.01737 0.01737
1.26400 0.01815 0.01815 0.01815 0.01815
1.26800 0.01934 0.01934 0.01934 0.01934
1.27200 0.02097 0.02097 0.02097 0.02097
1.27600 0.02298 0.02298 0.02298 0.02298
1.28000 0.02515 0.02515 0.02515 0.02515
1.28400 0.02701 0.02701 0.02701 0.02701
1.28800 0.02794 0.02794 0.02794 0.02794
1.29200 0.02752 0.02752 0.02752 0.02752
1.29600 0.02593 0.02593 0.02593 0.02593
1.30000 0.02375 0.02375 0.02375 0.02375
1.30400 0.02156 0.02156 0.02156 0.02156
1.30800 0.01970 0.01970 0.01970 0.01970
1.31200 0.01828 0.01828 0.01828 0.01828
1.31600 0.01731 0.01731 0.01731 0.01731
1.32000 0.01678 0.01678 0.01678 0.01678
1.32400 0.01666 0.01666 0.01666 0.01666
1.32800 0.01694 0.01694 0.01694 0.01694
1.33200 0.01764 0.01764 0.01764 0.01764
1.33600 0.01880 0.01880 0.01880 0.01880
1.34000 0.02043 0.02043 0.02043 0.02043
1.34400 0.02244 0.02244 0.02244 0.02244
1.34800 0.02461 0.02461 0.02461 0.02461
1.35200 0.02640 0.02640 0.02640 0.02640
1.35600 0.02718 0.02718 0.02718 0.02718
1.36000 0.02655 0.02655 0.02655 0.02655
1.36400 0.02473 0.02473 0.02473 0.02473
1.36800 0.02234 0.02234 0.02234 0.02234
1.37200 0.01995 0.01995 0.01995 0.01995
1.37600 0.01788 0.01788 0.01788 0.01788
1.38000 0.01624 0.01624 0.01624 0.01624
1.38400 0.01500 0.01500 0.01500 0.01500
1.38800 0.01414 0.01414 0.01414 0.01414
1.39200 0.01360 0.01360 0.01360 0.01360
1.39600 0.01335 0.01335 0.01335 0.01335
1.40000 0.01340 0.01340 0.01340 0.01340
1.40400 0.01373 0.01373 0.01373 0.01373
1.40800 0.01438 0.01438 0.01438 0.01438
1.41200 0.01536 0.01536 0.01536 0.01536
1.41600 0.01667 0.01667 0.01667 0.01667
1.42000 0.01819 0.01819 0.01819 0.01819
1.42400 0.01967 0.01967 0.01967 0.01967
1.42800 0.02067 0.02067 0.02067 0.02067
1.43200 0.02076 0.02076 0.02076 0.02076
1.43600 0.01986 0.01986 0.01986 0.01986
1.44000 0.01830 0.01830 0.01830 0.01830
1.44400 0.01655 0.01655 0.01655 0.01655
1.44800 0.01495 0.01495 0.01495 0.01495
1.45200 0.01363 0.01363 0.01363 0.01363
1.45600 0.01263 0.01263 0.01263 0.01263
1.46000 0.01193 0.01193 0.01193 0.01193
1.46400 0.01150 0.01150 0.01150 0.01150
1.46800 0.01131 0.01131 0.01131 0.01131
1.47200 0.01136 0.01136 0.01136 0.01136
1.47600 0.01166 0.01166 0.01166 0.01166
1.48000 0.01222 0.01222 0.01222 0.01222
1.48400 0.01308 0.01308 0.01308 0.01308
1.48800 0.01423 0.01423 0.01423 0.01423
1.49200 0.01563 0.01563 0.01563 0.01563
1.49600 0.01710 0.01710 0.01710 0.01710
1.50000 0.01828 0.01828 0.01828 0.01828
1.50400 0.01875 0.01875 0.01875 0.01875
1.50800 0.01827 0.01827 0.01827 0.01827
1.51200 0.01700 0.01700 0.01700 0.01700
1.51600 0.01539 0.01539 0.01539 0.01539
1.52000 0.01380 0.01380 0.01380 0.01380
1.52400 0.01243 0.01243 0.01243 0.01243
1.52800 0.01134 0.01134 0.01134 0.01134
1.53200 0.01053 0.01053 0.01053 0.01053
1.53600 0.00996 0.00996 0.00996 0.00996
1.54000 0.00961 0.00961 0.00961 0.00961
1.54400 0.00946 0.00946 0.00946 0.00946
1.54800 0.00950 0.00950 0.00950 0.00950
1.55200 0.00973 0.00973 0.00973 0.00973
1.55600 0.01018 0.01018 0.01018 0.01018
1.56000 0.01086 0.01086 0.01086 0.01086
1.56400 0.01178 0.01178 0.01178 0.01178
1.56800 0.01289 0.01289 0.01289 0.01289
1.57200 0.01404 0.01404 0.01404 0.01404
1.57600 0.01494 0.01494 0.01494 0.01494
1.58000 0.01524 0.01524 0.01524 0.01524
1.58400 0.01478 0.01478 0.01478 0.01478
1.58800 0.01372 0.01372 0.01372 0.01372
1.59200 0.01241 0.01241 0.01241 0.01241
1.59600 0.01113 0.01113 0.01113 0.01113
1.60000 0.01004 0.01004 0.01004 0.01004
1.60400 0.00917 0.00917 0.00917 0.00917
1.60800 0.00851 0.00851 0.00851 0.00851
1.61200 0.00805 0.00805 0.00805 0.00805
1.61600 0.00774 0.00774 0.00774 0.00774
1.62000 0.00759 0.00759 0.00759 0.00759
1.62400 0.00758 0.00758 0.00758 0.00758
1.62800 0.00772 0.00772 0.00772 0.00772
1.63200 0.00801 0.00801 0.00801 0.00801
1.63600 0.00847 0.00847 0.00847 0.00847
1.64000 0.00908 0.00908 0.00908 0.00908
1.64400 0.00978 0.00978 0.00978 0.00978
1.64800 0.01044 0.01044 0.01044 0.01044
1.65200 0.01084 0.01084 0.01084 0.01084
1.65600 0.01078 0.01078 0.01078 0.01078
1.66000 0.01026 0.01026 0.01026 0.01026
1.66400 0.00945 0.00945 0.00945 0.00945
1.66800 0.00856 0.00856 0.00856 0.00856
1.67200 0.00776 0.00776 0.00776 0.00776
1.67600 0.00708 0.00708 0.00708 0.00708
1.68000 0.00655 0.00655 0.00655 0.00655
1.68400 0.00614 0.00614 0.00614 0.00614
1.68800 0.00583 0.00583 0.00583 0.00583
1.69200 0.00562 0.00562 0.00562 0.00562
1.69600 0.00549 0.00549 0.00549 0.00549
1.70000 0.00544 0.00544 0.00544 0.00544
1.70400 0.00546 0.00546 0.00546 0.00546
1.70800 0.00556 0.00556 0.00556 0.00556
1.71200 0.00574 0.00574 0.00574 0.00574
1.71600 0.00602 0.00602 0.00602 0.00602
1.72000 0.00641 0.00641 0.00641 0.00641
1.72400 0.00688 0.00688 0.00688 0.00688
1.72800 0.00738 0.00738 0.00738 0.00738
1.73200 0.00778 0.00778 0.00778 0.00778
1.73600 0.00795 0.00795 0.00795 0.00795
1.74000 0.00778 0.00778 0.00778 0.00778
1.74400 0.00733 0.00733 0.00733 0.00733
1.74800 0.00675 0.00675 0.00675 0.00675
1.75200 0.00617 0.00617 0.00617 0.00617
1.75600 0.00566 0.00566 0.00566 0.00566
1.76000 0.00525 0.00525 0.00525 0.00525
1.76400 0.00493 0.00493 0.00493 0.00493
1.76800 0.00469 0.00469 0.00469 0.00469
1.77200 0.00452 0.00452 0.00452 0.00452
1.77600 0.00441 0.00441 0.00441 0.00441
1.78000 0.00436 0.00436 0.00436 0.00436
1.78400 0.00435 0.00435 0.00435 0.00435
1.78800 0.00441 0.00441 0.00441 0.00441
1.79200 0.00452 0.00452 0.00452 0.00452
1.79600 0.00471 0.00471 0.00471 0.00471
1.80000 0.00496 0.00496 0.00496 0.00496
1.80400 0.00527 0.00527 0.00527 0.00527
1.80800 0.00561 0.00561 0.00561 0.00561
1.81200 0.00588 0.00588 0.00588 0.00588
1.81600 0.00599 0.00599 0.00599 0.00599
1.82000 0.00588 0.00588 0.00588 0.00588
1.82400 0.00557 0.00557 0.00557 0.00557
1.82800 0.00516 0.00516 0.00516 0.00516
1.83200 0.00476 0.00476 0.00476 0.00476
1.83600 0.00440 0.00440 0.00440 0.00440
1.84000 0.00411 0.00411 0.00411 0.00411
1.84400 0.00387 0.00387 0.00387 0.00387
1.84800 0.00369 0.00369 0.00369 0.00369
1.85200 0.00356 0.00356 0.00356 0.00356
1.85600 0.00346 0.00346 0.00346 0.00346
1.86000 0.00340 0.00340 0.00340 0.00340
1.86400 0.00336 0.00336 0.00336 0.00336
1.86800 0.00336 0.00336 0.00336 0.00336
1.87200 0.00338 0.00338 0.00338 0.00338
1.87600 0.00344 0.00344 0.00344 0.00344
1.88000 0.00354 0.00354 0.00354 0.00354
1.88400 0.00368 0.00368 0.00368 0.00368
1.88800 0.00386 0.00386 0.00386 0.00386
1.89200 0.00406 0.00406 0.00406 0.00406
1.89600 0.00424 0.00424 0.00424 0.00424
1.90000 0.00434 0.00434 0.00434 0.00434
1.90400 0.00430 0.00430 0.00430 0.00430
1.90800 0.00413 0.00413 0.00413 0.00413
1.91200 0.00390 0.00390 0.00390 0.00390
1.91600 0.00365 0.00365 0.00365 0.00365
1.92000 0.00342 0.00342 0.00342 0.00342
1.92400 0.00323 0.00323 0.00323 0.00323
1.92800 0.00308 0.00308 0.00308 0.00308
1.93200 0.00297 0.00297 0.00297 0.00297
1.93600 0.00288 0.00288 0.00288 0.00288
1.94000 0.00282 0.00282 0.00282 0.00282
1.94400 0.00277 0.00277 0.00277 0.00277
1.94800 0.00275 0.00275 0.00275 0.00275
1.95200 0.00275 0.00275 0.00275 0.00275
1.95600 0.00277 0.00277 0.00277 0.00277
1.96000 0.00281 0.00281 0.00281 0.00281
1.96400 0.00288 0.00288 0.00288 0.00288
1.96800 0.00298 0.00298 0.00298 0.00298
1.97200 0.00310 0.00310 0.00310 0.00310
1.97600 0.00323 0.00323 0.00323 0.00323
1.98000 0.00333 0.00333 0.00333 0.00333
1.98400 0.00336 0.00336 0.00336 0.00336
1.98800 0.00330 0.00330 0.00330 0.00330
1.99200 0.00318 0.00318 0.00318 0.00318
1.99600 0.00301 0.00301 0.00301 0.00301
2.00000 0.00285 0.00285 0.00285 0.00285
