-2.00000 0.00245 0.00245 0.00245 0.00245
-1.99600 0.00248 0.00248 0.00248 0.00248
-1.99200 0.00253 0.00253 0.00253 0.00253
-1.98800 0.00260 0.00260 0.00260 0.00260
-1.98400 0.00269 0.00269 0.00269 0.00269
-1.98000 0.00281 0.00281 0.00281 0.00281
-1.97600 0.00295 0.00295 0.00295 0.00295
-1.97200 0.00313 0.00313 0.00313 0.00313
-1.96800 0.00333 0.00333 0.00333 0.00333
-1.96400 0.00352 0.00352 0.00352 0.00352
-1.96000 0.00367 0.00367 0.00367 0.00367
-1.95600 0.00372 0.00372 0.00372 0.00372
-1.95200 0.00367 0.00367 0.00367 0.00367
-1.94800 0.00354 0.00354 0.00354 0.00354
-1.94400 0.00338 0.00338 0.00338 0.00338
-1.94000 0.00323 0.00323 0.00323 0.00323
-1.93600 0.00311 0.00311 0.00311 0.00311
-1.93200 0.00302 0.00302 0.00302 0.00302
-1.92800 0.00296 0.00296 0.00296 0.00296
-1.92400 0.00293 0.00293 0.00293 0.00293
-1.92000 0.00293 0.00293 0.00293 0.00293
-1.91600 0.00294 0.00294 0.00294 0.00294
-1.91200 0.00298 0.00298 0.00298 0.00298
-1.90800 0.00305 0.00305 0.00305 0.00305
-1.90400 0.00313 0.00313 0.00313 0.00313
-1.90000 0.00326 0.00326 0.00326 0.00326
-1.89600 0.00341 0.00341 0.00341 0.00341
-1.89200 0.00361 0.00361 0.00361 0.00361
-1.88800 0.00386 0.00386 0.00386 0.00386
-1.88400 0.00414 0.00414 0.00414 0.00414
-1.88000 0.00442 0.00442 0.00442 0.00442
-1.87600 0.00464 0.00464 0.00464 0.00464
-1.87200 0.00473 0.00473 0.00473 0.00473
-1.86800 0.00467 0.00467 0.00467 0.00467
-1.86400 0.00449 0.00449 0.00449 0.00449
-1.86000 0.00426 0.00426 0.00426 0.00426
-1.85600 0.00404 0.00404 0.00404 0.00404
-1.85200 0.00386 0.00386 0.00386 0.00386
-1.84800 0.00373 0.00373 0.00373 0.00373
-1.84400 0.00364 0.00364 0.00364 0.00364
-1.84000 0.00360 0.00360 0.00360 0.00360
-1.83600 0.00359 0.00359 0.00359 0.00359
-1.83200 0.00362 0.00362 0.00362 0.00362
-1.82800 0.00368 0.00368 0.00368 0.00368
-1.82400 0.00377 0.00377 0.00377 0.00377
-1.82000 0.00390 0.00390 0.00390 0.00390
-1.81600 0.00408 0.00408 0.00408 0.00408
-1.81200 0.00432 0.00432 0.00432 0.00432
-1.80800 0.00462 0.00462 0.00462 0.00462
-1.80400 0.00500 0.00500 0.00500 0.00500
-1.80000 0.00544 0.00544 0.00544 0.00544
-1.79600 0.00591 0.00591 0.00591 0.00591
-1.79200 0.00633 0.00633 0.00633 0.00633
-1.78800 0.00658 0.00658 0.00658 0.00658
-1.78400 0.00657 0.00657 0.00657 0.00657
-1.78000 0.00633 0.00633 0.00633 0.00633
-1.77600 0.00597 0.00597 0.00597 0.00597
-1.77200 0.00559 0.00559 0.00559 0.00559
-1.76800 0.00527 0.00527 0.00527 0.00527
-1.76400 0.00502 0.00502 0.00502 0.00502
-1.76000 0.00485 0.00485 0.00485 0.00485
-1.75600 0.00476 0.00476 0.00476 0.00476
-1.75200 0.00474 0.00474 0.00474 0.00474
-1.74800 0.00477 0.00477 0.00477 0.00477
-1.74400 0.00487 0.00487 0.00487 0.00487
-1.74000 0.00504 0.00504 0.00504 0.00504
-1.73600 0.00528 0.00528 0.00528 0.00528
-1.73200 0.00561 0.00561 0.00561 0.00561
-1.72800 0.00604 0.00604 0.00604 0.00604
-1.72400 0.00659 0.00659 0.00659 0.00659
-1.72000 0.00723 0.00723 0.00723 0.00723
-1.71600 0.00790 0.00790 0.00790 0.00790
-1.71200 0.00849 0.00849 0.00849 0.00849
-1.70800 0.00882 0.00882 0.00882 0.00882
-1.70400 0.00877 0.00877 0.00877 0.00877
-1.70000 0.00839 0.00839 0.00839 0.00839
-1.69600 0.00784 0.00784 0.00784 0.00784
-1.69200 0.00729 0.00729 0.00729 0.00729
-1.68800 0.00682 0.00682 0.00682 0.00682
-1.68400 0.00647 0.00647 0.00647 0.00647
-1.68000 0.00623 0.00623 0.00623 0.00623
-1.67600 0.00610 0.00610 0.00610 0.00610
-1.67200 0.00607 0.00607 0.00607 0.00607
-1.66800 0.00614 0.00614 0.00614 0.00614
-1.66400 0.00630 0.00630 0.00630 0.00630
-1.66000 0.00655 0.00655 0.00655 0.00655
-1.65600 0.00693 0.00693 0.00693 0.00693
-1.65200 0.00744 0.00744 0.00744 0.00744
-1.64800 0.00810 0.00810 0.00810 0.00810
-1.64400 0.00893 0.00893 0.00893 0.00893
-1.64000 0.00991 0.00991 0.00991 0.00991
-1.63600 0.01092 0.01092 0.01092 0.01092
-1.63200 0.01178 0.01178 0.01178 0.01178
-1.62800 0.01221 0.01221 0.01221 0.01221
-1.62400 0.01208 0.01208 0.01208 0.01208
-1.62000 0.01147 0.01147 0.01147 0.01147
-1.61600 0.01065 0.01065 0.01065 0.01065
-1.61200 0.00983 0.00983 0.00983 0.00983
-1.60800 0.00916 0.00916 0.00916 0.00916
-1.60400 0.00868 0.00868 0.00868 0.00868
-1.60000 0.00838 0.00838 0.00838 0.00838
-1.59600 0.00825 0.00825 0.00825 0.00825
-1.59200 0.00829 0.00829 0.00829 0.00829
-1.58800 0.00848 0.00848 0.00848 0.00848
-1.58400 0.00885 0.00885 0.00885 0.00885
-1.58000 0.00941 0.00941 0.00941 0.00941
-1.57600 0.01019 0.01019 0.01019 0.01019
-1.57200 0.01122 0.01122 0.01122 0.01122
-1.56800 0.01248 0.01248 0.01248 0.01248
-1.56400 0.01393 0.01393 0.01393 0.01393
-1.56000 0.01534 0.01534 0.01534 0.01534
-1.55600 0.01636 0.01636 0.01636 0.01636
-1.55200 0.01665 0.01665 0.01665 0.01665
-1.54800 0.01611 0.01611 0.01611 0.01611
-1.54400 0.01499 0.01499 0.01499 0.01499
-1.54000 0.01369 0.01369 0.01369 0.01369
-1.53600 0.01250 0.01250 0.01250 0.01250
-1.53200 0.01154 0.01154 0.01154 0.01154
-1.52800 0.01084 0.01084 0.01084 0.01084
-1.52400 0.01039 0.01039 0.01039 0.01039
-1.52000 0.01018 0.01018 0.01018 0.01018
-1.51600 0.01017 0.01017 0.01017 0.01017
-1.51200 0.01038 0.01038 0.01038 0.01038
-1.50800 0.01080 0.01080 0.01080 0.01080
-1.50400 0.01147 0.01147 0.01147 0.01147
-1.50000 0.01241 0.01241 0.01241 0.01241
-1.49600 0.01366 0.01366 0.01366 0.01366
-1.49200 0.01522 0.01522 0.01522 0.01522
-1.48800 0.01702 0.01702 0.01702 0.01702
-1.48400 0.01878 0.01878 0.01878 0.01878
-1.48000 0.02009 0.02009 0.02009 0.02009
-1.47600 0.02047 0.02047 0.02047 0.02047
-1.47200 0.01980 0.01980 0.01980 0.01980
-1.46800 0.01838 0.01838 0.01838 0.01838
-1.46400 0.01669 0.01669 0.01669 0.01669
-1.46000 0.01511 0.01511 0.01511 0.01511
-1.45600 0.01382 0.01382 0.01382 0.01382
-1.45200 0.01285 0.01285 0.01285 0.01285
-1.44800 0.01219 0.01219 0.01219 0.01219
-1.44400 0.01181 0.01181 0.01181 0.01181
-1.44000 0.01167 0.01167 0.01167 0.01167
-1.43600 0.01176 0.01176 0.01176 0.01176
-1.43200 0.01209 0.01209 0.01209 0.01209
-1.42800 0.01268 0.01268 0.01268 0.01268
-1.42400 0.01355 0.01355 0.01355 0.01355
-1.42000 0.01474 0.01474 0.01474 0.01474
-1.41600 0.01624 0.01624 0.01624 0.01624
-1.41200 0.01800 0.01800 0.01800 0.01800
-1.40800 0.01979 0.01979 0.01979 0.01979
-1.40400 0.02117 0.02117 0.02117 0.02117
-1.40000 0.02170 0.02170 0.02170 0.02170
-1.39600 0.02119 0.02119 0.02119 0.02119
-1.39200 0.01991 0.01991 0.01991 0.01991
-1.38800 0.01835 0.01835 0.01835 0.01835
-1.38400 0.01689 0.01689 0.01689 0.01689
-1.38000 0.01572 0.01572 0.01572 0.01572
-1.37600 0.01491 0.01491 0.01491 0.01491
-1.37200 0.01445 0.01445 0.01445 0.01445
-1.36800 0.01432 0.01432 0.01432 0.01432
-1.36400 0.01450 0.01450 0.01450 0.01450
-1.36000 0.01502 0.01502 0.01502 0.01502
-1.35600 0.01589 0.01589 0.01589 0.01589
-1.35200 0.01715 0.01715 0.01715 0.01715
-1.34800 0.01885 0.01885 0.01885 0.01885
-1.34400 0.02095 0.02095 0.02095 0.02095
-1.34000 0.02334 0.02334 0.02334 0.02334
-1.33600 0.02561 0.02561 0.02561 0.02561
-1.33200 0.02717 0.02717 0.02717 0.02717
-1.32800 0.02745 0.02745 0.02745 0.02745
-1.32400 0.02638 0.02638 0.02638 0.02638
-1.32000 0.02445 0.02445 0.02445 0.02445
-1.31600 0.02229 0.02229 0.02229 0.02229
-1.31200 0.02036 0.02036 0.02036 0.02036
-1.30800 0.01885 0.01885 0.01885 0.01885
-1.30400 0.01779 0.01779 0.01779 0.01779
-1.30000 0.01717 0.01717 0.01717 0.01717
-1.29600 0.01695 0.01695 0.01695 0.01695
-1.29200 0.01712 0.01712 0.01712 0.01712
-1.28800 0.01769 0.01769 0.01769 0.01769
-1.28400 0.01868 0.01868 0.01868 0.01868
-1.28000 0.02013 0.02013 0.02013 0.02013
-1.27600 0.02208 0.02208 0.02208 0.02208
-1.27200 0.02449 0.02449 0.02449 0.02449
-1.26800 0.02715 0.02715 0.02715 0.02715
-1.26400 0.02956 0.02956 0.02956 0.02956
-1.26000 0.03102 0.03102 0.03102 0.03102
-1.25600 0.03095 0.03095 0.03095 0.03095
-1.25200 0.02943 0.02943 0.02943 0.02943
-1.24800 0.02707 0.02707 0.02707 0.02707
-1.24400 0.02457 0.02457 0.02457 0.02457
-1.24000 0.02237 0.02237 0.02237 0.02237
-1.23600 0.02063 0.02063 0.02063 0.02063
-1.23200 0.01938 0.01938 0.01938 0.01938
-1.22800 0.01857 0.01857 0.01857 0.01857
-1.22400 0.01814 0.01814 0.01814 0.01814
-1.22000 0.01808 0.01808 0.01808 0.01808
-1.21600 0.01836 0.01836 0.01836 0.01836
-1.21200 0.01900 0.01900 0.01900 0.01900
-1.20800 0.02004 0.02004 0.02004 0.02004
-1.20400 0.02151 0.02151 0.02151 0.02151
-1.20000 0.02347 0.02347 0.02347 0.02347
-1.19600 0.02591 0.02591 0.02591 0.02591
-1.19200 0.02870 0.02870 0.02870 0.02870
-1.18800 0.03144 0.03144 0.03144 0.03144
-1.18400 0.03345 0.03345 0.03345 0.03345
-1.18000 0.03406 0.03406 0.03406 0.03406
-1.17600 0.03314 0.03314 0.03314 0.03314
-1.17200 0.03117 0.03117 0.03117 0.03117
-1.16800 0.02891 0.02891 0.02891 0.02891
-1.16400 0.02690 0.02690 0.02690 0.02690
-1.16000 0.02540 0.02540 0.02540 0.02540
-1.15600 0.02448 0.02448 0.02448 0.02448
-1.15200 0.02413 0.02413 0.02413 0.02413
-1.14800 0.02434 0.02434 0.02434 0.02434
-1.14400 0.02512 0.02512 0.02512 0.02512
-1.14000 0.02649 0.02649 0.02649 0.02649
-1.13600 0.02852 0.02852 0.02852 0.02852
-1.13200 0.03125 0.03125 0.03125 0.03125
-1.12800 0.03464 0.03464 0.03464 0.03464
-1.12400 0.03844 0.03844 0.03844 0.03844
-1.12000 0.04202 0.04202 0.04202 0.04202
-1.11600 0.04438 0.04438 0.04438 0.04438
-1.11200 0.04472 0.04472 0.04472 0.04472
-1.10800 0.04302 0.04302 0.04302 0.04302
-1.10400 0.04009 0.04009 0.04009 0.04009
-1.10000 0.03692 0.03692 0.03692 0.03692
-1.09600 0.03417 0.03417 0.03417 0.03417
-1.09200 0.03212 0.03212 0.03212 0.03212
-1.08800 0.03081 0.03081 0.03081 0.03081
-1.08400 0.03023 0.03023 0.03023 0.03023
-1.08000 0.03032 0.03032 0.03032 0.03032
-1.07600 0.03108 0.03108 0.03108 0.03108
-1.07200 0.03253 0.03253 0.03253 0.03253
-1.06800 0.03475 0.03475 0.03475 0.03475
-1.06400 0.03783 0.03783 0.03783 0.03783
-1.06000 0.04186 0.04186 0.04186 0.04186
-1.05600 0.04680 0.04680 0.04680 0.04680
-1.05200 0.05233 0.05233 0.05233 0.05233
-1.04800 0.05761 0.05761 0.05761 0.05761
-1.04400 0.06132 0.06132 0.06132 0.06132
-1.04000 0.06231 0.06231 0.06231 0.06231
-1.03600 0.06053 0.06053 0.06053 0.06053
-1.03200 0.05708 0.05708 0.05708 0.05708
-1.02800 0.05337 0.05337 0.05337 0.05337
-1.02400 0.05037 0.05037 0.05037 0.05037
-1.02000 0.04851 0.04851 0.04851 0.04851
-1.01600 0.04795 0.04795 0.04795 0.04795
-1.01200 0.04871 0.04871 0.04871 0.04871
-1.00800 0.05087 0.05087 0.05087 0.05087
-1.00400 0.05451 0.05451 0.05451 0.05451
-1.00000 0.05978 0.05978 0.05978 0.05978
-0.99600 0.06681 0.06681 0.06681 0.06681
-0.99200 0.07547 0.07547 0.07547 0.07547
-0.98800 0.08509 0.08509 0.08509 0.08509
-0.98400 0.09399 0.09399 0.09399 0.09399
-0.98000 0.09972 0.09972 0.09972 0.09972
-0.97600 0.10035 0.10035 0.10035 0.10035
-0.97200 0.09603 0.09603 0.09603 0.09603
-0.96800 0.08893 0.08893 0.08893 0.08893
-0.96400 0.08153 0.08153 0.08153 0.08153
-0.96000 0.07543 0.07543 0.07543 0.07543
-0.95600 0.07134 0.07134 0.07134 0.07134
-0.95200 0.06943 0.06943 0.06943 0.06943
-0.94800 0.06971 0.06971 0.06971 0.06971
-0.94400 0.07220 0.07220 0.07220 0.07220
-0.94000 0.07686 0.07686 0.07686 0.07686
-0.93600 0.08356 0.08356 0.08356 0.08356
-0.93200 0.09170 0.09170 0.09170 0.09170
-0.92800 0.09986 0.09986 0.09986 0.09986
-0.92400 0.10575 0.10575 0.10575 0.10575
-0.92000 0.10725 0.10725 0.10725 0.10725
-0.91600 0.10404 0.10404 0.10404 0.10404
-0.91200 0.09788 0.09788 0.09788 0.09788
-0.90800 0.09119 0.09119 0.09119 0.09119
-0.90400 0.08573 0.08573 0.08573 0.08573
-0.90000 0.08235 0.08235 0.08235 0.08235
-0.89600 0.08134 0.08134 0.08134 0.08134
-0.89200 0.08282 0.08282 0.08282 0.08282
-0.88800 0.08687 0.08687 0.08687 0.08687
-0.88400 0.09363 0.09363 0.09363 0.09363
-0.88000 0.10317 0.10317 0.10317 0.10317
-0.87600 0.11518 0.11518 0.11518 0.11518
-0.87200 0.12841 0.12841 0.12841 0.12841
-0.86800 0.14021 0.14021 0.14021 0.14021
-0.86400 0.14699 0.14699 0.14699 0.14699
-0.86000 0.14630 0.14630 0.14630 0.14630
-0.85600 0.13893 0.13893 0.13893 0.13893
-0.85200 0.12822 0.12822 0.12822 0.12822
-0.84800 0.11754 0.11754 0.11754 0.11754
-0.84400 0.10895 0.10895 0.10895 0.10895
-0.84000 0.10324 0.10324 0.10324 0.10324
-0.83600 0.10059 0.10059 0.10059 0.10059
-0.83200 0.10097 0.10097 0.10097 0.10097
-0.82800 0.10442 0.10442 0.10442 0.10442
-0.82400 0.11109 0.11109 0.11109 0.11109
-0.82000 0.12129 0.12129 0.12129 0.12129
-0.81600 0.13527 0.13527 0.13527 0.13527
-0.81200 0.15292 0.15292 0.15292 0.15292
-0.80800 0.17306 0.17306 0.17306 0.17306
-0.80400 0.19255 0.19255 0.19255 0.19255
-0.80000 0.20632 0.20632 0.20632 0.20632
-0.79600 0.20970 0.20970 0.20970 0.20970
-0.79200 0.20211 0.20211 0.20211 0.20211
-0.78800 0.18764 0.18764 0.18764 0.18764
-0.78400 0.17173 0.17173 0.17173 0.17173
-0.78000 0.15828 0.15828 0.15828 0.15828
-0.77600 0.14909 0.14909 0.14909 0.14909
-0.77200 0.14475 0.14475 0.14475 0.14475
-0.76800 0.14530 0.14530 0.14530 0.14530
-0.76400 0.15066 0.15066 0.15066 0.15066
-0.76000 0.16057 0.16057 0.16057 0.16057
-0.75600 0.17414 0.17414 0.17414 0.17414
-0.75200 0.18917 0.18917 0.18917 0.18917
-0.74800 0.20180 0.20180 0.20180 0.20180
-0.74400 0.20773 0.20773 0.20773 0.20773
-0.74000 0.20524 0.20524 0.20524 0.20524
-0.73600 0.19674 0.19674 0.19674 0.19674
-0.73200 0.18682 0.18682 0.18682 0.18682
-0.72800 0.17934 0.17934 0.17934 0.17934
-0.72400 0.17654 0.17654 0.17654 0.17654
-0.72000 0.17944 0.17944 0.17944 0.17944
-0.71600 0.18851 0.18851 0.18851 0.18851
-0.71200 0.20386 0.20386 0.20386 0.20386
-0.70800 0.22488 0.22488 0.22488 0.22488
-0.70400 0.24931 0.24931 0.24931 0.24931
-0.70000 0.27226 0.27226 0.27226 0.27226
-0.69600 0.28676 0.28676 0.28676 0.28676
-0.69200 0.28766 0.28766 0.28766 0.28766
-0.68800 0.27589 0.27589 0.27589 0.27589
-0.68400 0.25777 0.25777 0.25777 0.25777
-0.68000 0.24024 0.24024 0.24024 0.24024
-0.67600 0.22783 0.22783 0.22783 0.22783
-0.67200 0.22263 0.22263 0.22263 0.22263
-0.66800 0.22525 0.22525 0.22525 0.22525
-0.66400 0.23548 0.23548 0.23548 0.23548
-0.66000 0.25204 0.25204 0.25204 0.25204
-0.65600 0.27170 0.27170 0.27170 0.27170
-0.65200 0.28851 0.28851 0.28851 0.28851
-0.64800 0.29536 0.29536 0.29536 0.29536
-0.64400 0.28840 0.28840 0.28840 0.28840
-0.64000 0.27025 0.27025 0.27025 0.27025
-0.63600 0.24757 0.24757 0.24757 0.24757
-0.63200 0.22639 0.22639 0.22639 0.22639
-0.62800 0.21007 0.21007 0.21007 0.21007
-0.62400 0.19981 0.19981 0.19981 0.19981
-0.62000 0.19585 0.19585 0.19585 0.19585
-0.61600 0.19818 0.19818 0.19818 0.19818
-0.61200 0.20690 0.20690 0.20690 0.20690
-0.60800 0.22215 0.22215 0.22215 0.22215
-0.60400 0.24383 0.24383 0.24383 0.24383
-0.60000 0.27070 0.27070 0.27070 0.27070
-0.59600 0.29918 0.29918 0.29918 0.29918
-0.59200 0.32284 0.32284 0.32284 0.32284
-0.58800 0.33476 0.33476 0.33476 0.33476
-0.58400 0.33259 0.33259 0.33259 0.33259
-0.58000 0.32099 0.32099 0.32099 0.32099
-0.57600 0.30799 0.30799 0.30799 0.30799
-0.57200 0.30018 0.30018 0.30018 0.30018
-0.56800 0.30102 0.30102 0.30102 0.30102
-0.56400 0.31119 0.31119 0.31119 0.31119
-0.56000 0.32868 0.32868 0.32868 0.32868
-0.55600 0.34820 0.34820 0.34820 0.34820
-0.55200 0.36144 0.36144 0.36144 0.36144
-0.54800 0.36072 0.36072 0.36072 0.36072
-0.54400 0.34460 0.34460 0.34460 0.34460
-0.54000 0.31898 0.31898 0.31898 0.31898
-0.53600 0.29202 0.29202 0.29202 0.29202
-0.53200 0.26960 0.26960 0.26960 0.26960
-0.52800 0.25436 0.25436 0.25436 0.25436
-0.52400 0.24683 0.24683 0.24683 0.24683
-0.52000 0.24622 0.24622 0.24622 0.24622
-0.51600 0.25056 0.25056 0.25056 0.25056
-0.51200 0.25655 0.25655 0.25655 0.25655
-0.50800 0.26020 0.26020 0.26020 0.26020
-0.50400 0.25905 0.25905 0.25905 0.25905
-0.50000 0.25413 0.25413 0.25413 0.25413
-0.49600 0.24900 0.24900 0.24900 0.24900
-0.49200 0.24731 0.24731 0.24731 0.24731
-0.48800 0.25154 0.25154 0.25154 0.25154
-0.48400 0.26315 0.26315 0.26315 0.26315
-0.48000 0.28311 0.28311 0.28311 0.28311
-0.47600 0.31191 0.31191 0.31191 0.31191
-0.47200 0.34907 0.34907 0.34907 0.34907
-0.46800 0.39172 0.39172 0.39172 0.39172
-0.46400 0.43330 0.43330 0.43330 0.43330
-0.46000 0.46462 0.46462 0.46462 0.46462
-0.45600 0.47947 0.47947 0.47947 0.47947
-0.45200 0.48047 0.48047 0.48047 0.48047
-0.44800 0.47742 0.47742 0.47742 0.47742
-0.44400 0.47998 0.47998 0.47998 0.47998
-0.44000 0.49233 0.49233 0.49233 0.49233
-0.43600 0.51129 0.51129 0.51129 0.51129
-0.43200 0.52678 0.52678 0.52678 0.52678
-0.42800 0.52617 0.52617 0.52617 0.52617
-0.42400 0.50301 0.50301 0.50301 0.50301
-0.42000 0.46226 0.46226 0.46226 0.46226
-0.41600 0.41544 0.41544 0.41544 0.41544
-0.41200 0.37246 0.37246 0.37246 0.37246
-0.40800 0.33835 0.33835 0.33835 0.33835
-0.40400 0.31417 0.31417 0.31417 0.31417
-0.40000 0.29863 0.29863 0.29863 0.29863
-0.39600 0.28887 0.28887 0.28887 0.28887
-0.39200 0.28126 0.28126 0.28126 0.28126
-0.38800 0.27295 0.27295 0.27295 0.27295
-0.38400 0.26356 0.26356 0.26356 0.26356
-0.38000 0.25504 0.25504 0.25504 0.25504
-0.37600 0.24993 0.24993 0.24993 0.24993
-0.37200 0.25002 0.25002 0.25002 0.25002
-0.36800 0.25623 0.25623 0.25623 0.25623
-0.36400 0.26871 0.26871 0.26871 0.26871
-0.36000 0.28663 0.28663 0.28663 0.28663
-0.35600 0.30744 0.30744 0.30744 0.30744
-0.35200 0.32655 0.32655 0.32655 0.32655
-0.34800 0.33886 0.33886 0.33886 0.33886
-0.34400 0.34249 0.34249 0.34249 0.34249
-0.34000 0.34075 0.34075 0.34075 0.34075
-0.33600 0.33981 0.33981 0.33981 0.33981
-0.33200 0.34508 0.34508 0.34508 0.34508
-0.32800 0.35991 0.35991 0.35991 0.35991
-0.32400 0.38569 0.38569 0.38569 0.38569
-0.32000 0.42182 0.42182 0.42182 0.42182
-0.31600 0.46463 0.46463 0.46463 0.46463
-0.31200 0.50627 0.50627 0.50627 0.50627
-0.30800 0.53633 0.53633 0.53633 0.53633
-0.30400 0.54751 0.54751 0.54751 0.54751
-0.30000 0.54007 0.54007 0.54007 0.54007
-0.29600 0.51896 0.51896 0.51896 0.51896
-0.29200 0.48923 0.48923 0.48923 0.48923
-0.28800 0.45588 0.45588 0.45588 0.45588
-0.28400 0.42462 0.42462 0.42462 0.42462
-0.28000 0.40044 0.40044 0.40044 0.40044
-0.27600 0.38617 0.38617 0.38617 0.38617
-0.27200 0.38269 0.38269 0.38269 0.38269
-0.26800 0.38965 0.38965 0.38965 0.38965
-0.26400 0.40622 0.40622 0.40622 0.40622
-0.26000 0.43174 0.43174 0.43174 0.43174
-0.25600 0.46608 0.46608 0.46608 0.46608
-0.25200 0.50841 0.50841 0.50841 0.50841
-0.24800 0.55444 0.55444 0.55444 0.55444
-0.24400 0.59441 0.59441 0.59441 0.59441
-0.24000 0.61602 0.61602 0.61602 0.61602
-0.23600 0.61305 0.61305 0.61305 0.61305
-0.23200 0.59103 0.59103 0.59103 0.59103
-0.22800 0.56223 0.56223 0.56223 0.56223
-0.22400 0.53700 0.53700 0.53700 0.53700
-0.22000 0.52095 0.52095 0.52095 0.52095
-0.21600 0.51690 0.51690 0.51690 0.51690
-0.21200 0.52683 0.52683 0.52683 0.52683
-0.20800 0.55168 0.55168 0.55168 0.55168
-0.20400 0.58992 0.58992 0.58992 0.58992
-0.20000 0.63528 0.63528 0.63528 0.63528
-0.19600 0.67526 0.67526 0.67526 0.67526
-0.19200 0.69414 0.69414 0.69414 0.69414
-0.18800 0.68281 0.68281 0.68281 0.68281
-0.18400 0.64623 0.64623 0.64623 0.64623
-0.18000 0.59883 0.59883 0.59883 0.59883
-0.17600 0.55413 0.55413 0.55413 0.55413
-0.17200 0.51971 0.51971 0.51971 0.51971
-0.16800 0.49833 0.49833 0.49833 0.49833
-0.16400 0.49037 0.49037 0.49037 0.49037
-0.16000 0.49563 0.49563 0.49563 0.49563
-0.15600 0.51426 0.51426 0.51426 0.51426
-0.15200 0.54702 0.54702 0.54702 0.54702
-0.14800 0.59543 0.59543 0.59543 0.59543
-0.14400 0.66155 0.66155 0.66155 0.66155
-0.14000 0.74714 0.74714 0.74714 0.74714
-0.13600 0.85190 0.85190 0.85190 0.85190
-0.13200 0.97024 0.97024 0.97024 0.97024
-0.12800 1.08845 1.08845 1.08845 1.08845
-0.12400 1.18749 1.18749 1.18749 1.18749
-0.12000 1.25530 1.25530 1.25530 1.25530
-0.11600 1.29713 1.29713 1.29713 1.29713
-0.11200 1.32785 1.32785 1.32785 1.32785
-0.10800 1.35305 1.35305 1.35305 1.35305
-0.10400 1.36070 1.36070 1.36070 1.36070
-0.10000 1.33273 1.33273 1.33273 1.33273
-0.09600 1.26573 1.26573 1.26573 1.26573
-0.09200 1.17702 1.17702 1.17702 1.17702
-0.08800 1.09063 1.09063 1.09063 1.09063
-0.08400 1.02375 1.02375 1.02375 1.02375
-0.08000 0.98429 0.98429 0.98429 0.98429
-0.07600 0.97470 0.97470 0.97470 0.97470
-0.07200 0.99576 0.99576 0.99576 0.99576
-0.06800 1.04880 1.04880 1.04880 1.04880
-0.06400 1.13681 1.13681 1.13681 1.13681
-0.06000 1.26486 1.26486 1.26486 1.26486
-0.05600 1.43992 1.43992 1.43992 1.43992
-0.05200 1.66950 1.66950 1.66950 1.66950
-0.04800 1.95773 1.95773 1.95773 1.95773
-0.04400 2.29634 2.29634 2.29634 2.29634
-0.04000 2.65012 2.65012 2.65012 2.65012
-0.03600 2.94608 2.94608 2.94608 2.94608
-0.03200 3.09209 3.09209 3.09209 3.09209
-0.02800 3.03642 3.03642 3.03642 3.03642
-0.02400 2.81326 2.81326 2.81326 2.81326
-0.02000 2.51309 2.51309 2.51309 2.51309
-0.01600 2.21903 2.21903 2.21903 2.21903
-0.01200 1.97748 1.97748 1.97748 1.97748
-0.00800 1.80482 1.80482 1.80482 1.80482
-0.00400 1.70274 1.70274 1.70274 1.70274
0.00000 1.66896 1.66896 1.66896 1.66896
0.00400 1.70223 1.70223 1.70223 1.70223
0.00800 1.80378 1.80378 1.80378 1.80378
0.01200 1.97596 1.97596 1.97596 1.97596
0.01600 2.21721 2.21721 2.21721 2.21721
0.02000 2.51147 2.51147 2.51147 2.51147
0.02400 2.81282 2.81282 2.81282 2.81282
0.02800 3.03846 3.03846 3.03846 3.03846
0.03200 3.09738 3.09738 3.09738 3.09738
0.03600 2.95398 2.95398 2.95398 2.95398
0.04000 2.65896 2.65896 2.65896 2.65896
0.04400 2.30456 2.30456 2.30456 2.30456
0.04800 1.96448 1.96448 1.96448 1.96448
0.05200 1.67453 1.67453 1.67453 1.67453
0.05600 1.44329 1.44329 1.44329 1.44329
0.06000 1.26675 1.26675 1.26675 1.26675
0.06400 1.13735 1.13735 1.13735 1.13735
0.06800 1.04807 1.04807 1.04807 1.04807
0.07200 0.99377 0.99377 0.99377 0.99377
0.07600 0.97135 0.97135 0.97135 0.97135
0.08000 0.97932 0.97932 0.97932 0.97932
0.08400 1.01667 1.01667 1.01667 1.01667
0.08800 1.08050 1.08050 1.08050 1.08050
0.09200 1.16225 1.16225 1.16225 1.16225
0.09600 1.24411 1.24411 1.24411 1.24411
0.10000 1.30222 1.30222 1.30222 1.30222
0.10400 1.32093 1.32093 1.32093 1.32093
0.10800 1.30634 1.30634 1.30634 1.30634
0.11200 1.27966 1.27966 1.27966 1.27966
0.11600 1.25680 1.25680 1.25680 1.25680
0.12000 1.23544 1.23544 1.23544 1.23544
0.12400 1.19791 1.19791 1.19791 1.19791
0.12800 1.12786 1.12786 1.12786 1.12786
0.13200 1.02653 1.02653 1.02653 1.02653
0.13600 0.91127 0.91127 0.91127 0.91127
0.14000 0.80092 0.80092 0.80092 0.80092
0.14400 0.70656 0.70656 0.70656 0.70656
0.14800 0.63168 0.63168 0.63168 0.63168
0.15200 0.57575 0.57575 0.57575 0.57575
0.15600 0.53697 0.53697 0.53697 0.53697
0.16000 0.51367 0.51367 0.51367 0.51367
0.16400 0.50483 0.50483 0.50483 0.50483
0.16800 0.51013 0.51013 0.51013 0.51013
0.17200 0.52964 0.52964 0.52964 0.52964
0.17600 0.56300 0.56300 0.56300 0.56300
0.18000 0.60769 0.60769 0.60769 0.60769
0.18400 0.65640 0.65640 0.65640 0.65640
0.18800 0.69542 0.69542 0.69542 0.69542
0.19200 0.70879 0.70879 0.70879 0.70879
0.19600 0.68906 0.68906 0.68906 0.68906
0.20000 0.64387 0.64387 0.64387 0.64387
0.20400 0.58939 0.58939 0.58939 0.58939
0.20800 0.53960 0.53960 0.53960 0.53960
0.21200 0.50209 0.50209 0.50209 0.50209
0.21600 0.47949 0.47949 0.47949 0.47949
0.22000 0.47188 0.47188 0.47188 0.47188
0.22400 0.47795 0.47795 0.47795 0.47795
0.22800 0.49510 0.49510 0.49510 0.49510
0.23200 0.51906 0.51906 0.51906 0.51906
0.23600 0.54349 0.54349 0.54349 0.54349
0.24000 0.55999 0.55999 0.55999 0.55999
0.24400 0.56065 0.56065 0.56065 0.56065
0.24800 0.54349 0.54349 0.54349 0.54349
0.25200 0.51437 0.51437 0.51437 0.51437
0.25600 0.48172 0.48172 0.48172 0.48172
0.26000 0.45120 0.45120 0.45120 0.45120
0.26400 0.42551 0.42551 0.42551 0.42551
0.26800 0.40667 0.40667 0.40667 0.40667
0.27200 0.39688 0.39688 0.39688 0.39688
0.27600 0.39794 0.39794 0.39794 0.39794
0.28000 0.41075 0.41075 0.41075 0.41075
0.28400 0.43495 0.43495 0.43495 0.43495
0.28800 0.46800 0.46800 0.46800 0.46800
0.29200 0.50422 0.50422 0.50422 0.50422
0.29600 0.53558 0.53558 0.53558 0.53558
0.30000 0.55564 0.55564 0.55564 0.55564
0.30400 0.56268 0.56268 0.56268 0.56268
0.30800 0.55708 0.55708 0.55708 0.55708
0.31200 0.53785 0.53785 0.53785 0.53785
0.31600 0.50511 0.50511 0.50511 0.50511
0.32000 0.46407 0.46407 0.46407 0.46407
0.32400 0.42313 0.42313 0.42313 0.42313
0.32800 0.38914 0.38914 0.38914 0.38914
0.33200 0.36533 0.36533 0.36533 0.36533
0.33600 0.35177 0.35177 0.35177 0.35177
0.34000 0.34602 0.34602 0.34602 0.34602
0.34400 0.34333 0.34333 0.34333 0.34333
0.34800 0.33767 0.33767 0.33767 0.33767
0.35200 0.32487 0.32487 0.32487 0.32487
0.35600 0.30549 0.30549 0.30549 0.30549
0.36000 0.28378 0.28378 0.28378 0.28378
0.36400 0.26419 0.26419 0.26419 0.26419
0.36800 0.24942 0.24942 0.24942 0.24942
0.37200 0.24046 0.24046 0.24046 0.24046
0.37600 0.23733 0.23733 0.23733 0.23733
0.38000 0.23945 0.23945 0.23945 0.23945
0.38400 0.24562 0.24562 0.24562 0.24562
0.38800 0.25389 0.25389 0.25389 0.25389
0.39200 0.26225 0.26225 0.26225 0.26225
0.39600 0.27004 0.27004 0.27004 0.27004
0.40000 0.27898 0.27898 0.27898 0.27898
0.40400 0.29219 0.29219 0.29219 0.29219
0.40800 0.31270 0.31270 0.31270 0.31270
0.41200 0.34266 0.34266 0.34266 0.34266
0.41600 0.38272 0.38272 0.38272 0.38272
0.42000 0.43103 0.43103 0.43103 0.43103
0.42400 0.48124 0.48124 0.48124 0.48124
0.42800 0.52200 0.52200 0.52200 0.52200
0.43200 0.54148 0.54148 0.54148 0.54148
0.43600 0.53633 0.53633 0.53633 0.53633
0.44000 0.51517 0.51517 0.51517 0.51517
0.44400 0.49145 0.49145 0.49145 0.49145
0.44800 0.47463 0.47463 0.47463 0.47463
0.45200 0.46664 0.46664 0.46664 0.46664
0.45600 0.46234 0.46234 0.46234 0.46234
0.46000 0.45255 0.45255 0.45255 0.45255
0.46400 0.43028 0.43028 0.43028 0.43028
0.46800 0.39617 0.39617 0.39617 0.39617
0.47200 0.35715 0.35715 0.35715 0.35715
0.47600 0.32064 0.32064 0.32064 0.32064
0.48000 0.29102 0.29102 0.29102 0.29102
0.48400 0.26984 0.26984 0.26984 0.26984
0.48800 0.25711 0.25711 0.25711 0.25711
0.49200 0.25217 0.25217 0.25217 0.25217
0.49600 0.25383 0.25383 0.25383 0.25383
0.50000 0.25997 0.25997 0.25997 0.25997
0.50400 0.26710 0.26710 0.26710 0.26710
0.50800 0.27112 0.27112 0.27112 0.27112
0.51200 0.26977 0.26977 0.26977 0.26977
0.51600 0.26458 0.26458 0.26458 0.26458
0.52000 0.25966 0.25966 0.25966 0.25966
0.52400 0.25906 0.25906 0.25906 0.25906
0.52800 0.26540 0.26540 0.26540 0.26540
0.53200 0.27987 0.27987 0.27987 0.27987
0.53600 0.30225 0.30225 0.30225 0.30225
0.54000 0.33010 0.33010 0.33010 0.33010
0.54400 0.35762 0.35762 0.35762 0.35762
0.54800 0.37608 0.37608 0.37608 0.37608
0.55200 0.37821 0.37821 0.37821 0.37821
0.55600 0.36411 0.36411 0.36411 0.36411
0.56000 0.34125 0.34125 0.34125 0.34125
0.56400 0.31878 0.31878 0.31878 0.31878
0.56800 0.30290 0.30290 0.30290 0.30290
0.57200 0.29630 0.29630 0.29630 0.29630
0.57600 0.29895 0.29895 0.29895 0.29895
0.58000 0.30835 0.30835 0.30835 0.30835
0.58400 0.31916 0.31916 0.31916 0.31916
0.58800 0.32379 0.32379 0.32379 0.32379
0.59200 0.31612 0.31612 0.31612 0.31612
0.59600 0.29600 0.29600 0.29600 0.29600
0.60000 0.26899 0.26899 0.26899 0.26899
0.60400 0.24169 0.24169 0.24169 0.24169
0.60800 0.21836 0.21836 0.21836 0.21836
0.61200 0.20074 0.20074 0.20074 0.20074
0.61600 0.18911 0.18911 0.18911 0.18911
0.62000 0.18327 0.18327 0.18327 0.18327
0.62400 0.18304 0.18304 0.18304 0.18304
0.62800 0.18842 0.18842 0.18842 0.18842
0.63200 0.19959 0.19959 0.19959 0.19959
0.63600 0.21657 0.21657 0.21657 0.21657
0.64000 0.23862 0.23862 0.23862 0.23862
0.64400 0.26307 0.26307 0.26307 0.26307
0.64800 0.28452 0.28452 0.28452 0.28452
0.65200 0.29601 0.29601 0.29601 0.29601
0.65600 0.29345 0.29345 0.29345 0.29345
0.66000 0.27922 0.27922 0.27922 0.27922
0.66400 0.26026 0.26026 0.26026 0.26026
0.66800 0.24327 0.24327 0.24327 0.24327
0.67200 0.23227 0.23227 0.23227 0.23227
0.67600 0.22898 0.22898 0.22898 0.22898
0.68000 0.23375 0.23375 0.23375 0.23375
0.68400 0.24583 0.24583 0.24583 0.24583
0.68800 0.26281 0.26281 0.26281 0.26281
0.69200 0.27969 0.27969 0.27969 0.27969
0.69600 0.28922 0.28922 0.28922 0.28922
0.70000 0.28543 0.28543 0.28543 0.28543
0.70400 0.26826 0.26826 0.26826 0.26826
0.70800 0.24339 0.24339 0.24339 0.24339
0.71200 0.21761 0.21761 0.21761 0.21761
0.71600 0.19541 0.19541 0.19541 0.19541
0.72000 0.17865 0.17865 0.17865 0.17865
0.72400 0.16772 0.16772 0.16772 0.16772
0.72800 0.16245 0.16245 0.16245 0.16245
0.73200 0.16261 0.16261 0.16261 0.16261
0.73600 0.16788 0.16788 0.16788 0.16788
0.74000 0.17764 0.17764 0.17764 0.17764
0.74400 0.19021 0.19021 0.19021 0.19021
0.74800 0.20223 0.20223 0.20223 0.20223
0.75200 0.20900 0.20900 0.20900 0.20900
0.75600 0.20702 0.20702 0.20702 0.20702
0.76000 0.19685 0.19685 0.19685 0.19685
0.76400 0.18257 0.18257 0.18257 0.18257
0.76800 0.16874 0.16874 0.16874 0.16874
0.77200 0.15831 0.15831 0.15831 0.15831
0.77600 0.15261 0.15261 0.15261 0.15261
0.78000 0.15207 0.15207 0.15207 0.15207
0.78400 0.15671 0.15671 0.15671 0.15671
0.78800 0.16605 0.16605 0.16605 0.16605
0.79200 0.17865 0.17865 0.17865 0.17865
0.79600 0.19133 0.19133 0.19133 0.19133
0.80000 0.19918 0.19918 0.19918 0.19918
0.80400 0.19779 0.19779 0.19779 0.19779
0.80800 0.18651 0.18651 0.18651 0.18651
0.81200 0.16899 0.16899 0.16899 0.16899
0.81600 0.15003 0.15003 0.15003 0.15003
0.82000 0.13297 0.13297 0.13297 0.13297
0.82400 0.11924 0.11924 0.11924 0.11924
0.82800 0.10910 0.10910 0.10910 0.10910
0.83200 0.10236 0.10236 0.10236 0.10236
0.83600 0.09875 0.09875 0.09875 0.09875
0.84000 0.09812 0.09812 0.09812 0.09812
0.84400 0.10043 0.10043 0.10043 0.10043
0.84800 0.10573 0.10573 0.10573 0.10573
0.85200 0.11394 0.11394 0.11394 0.11394
0.85600 0.12449 0.12449 0.12449 0.12449
0.86000 0.13566 0.13566 0.13566 0.13566
0.86400 0.14431 0.14431 0.14431 0.14431
0.86800 0.14686 0.14686 0.14686 0.14686
0.87200 0.14171 0.14171 0.14171 0.14171
0.87600 0.13065 0.13065 0.13065 0.13065
0.88000 0.11726 0.11726 0.11726 0.11726
0.88400 0.10456 0.10456 0.10456 0.10456
0.88800 0.09408 0.09408 0.09408 0.09408
0.89200 0.08630 0.08630 0.08630 0.08630
0.89600 0.08118 0.08118 0.08118 0.08118
0.90000 0.07858 0.07858 0.07858 0.07858
0.90400 0.07836 0.07836 0.07836 0.07836
0.90800 0.08046 0.08046 0.08046 0.08046
0.91200 0.08475 0.08475 0.08475 0.08475
0.91600 0.09082 0.09082 0.09082 0.09082
0.92000 0.09755 0.09755 0.09755 0.09755
0.92400 0.10291 0.10291 0.10291 0.10291
0.92800 0.10457 0.10457 0.10457 0.10457
0.93200 0.10144 0.10144 0.10144 0.10144
0.93600 0.09461 0.09461 0.09461 0.09461
0.94000 0.08640 0.08640 0.08640 0.08640
0.94400 0.07879 0.07879 0.07879 0.07879
0.94800 0.07285 0.07285 0.07285 0.07285
0.95200 0.06896 0.06896 0.06896 0.06896
0.95600 0.06720 0.06720 0.06720 0.06720
0.96000 0.06756 0.06756 0.06756 0.06756
0.96400 0.07003 0.07003 0.07003 0.07003
0.96800 0.07459 0.07459 0.07459 0.07459
0.97200 0.08094 0.08094 0.08094 0.08094
0.97600 0.08816 0.08816 0.08816 0.08816
0.98000 0.09439 0.09439 0.09439 0.09439
0.98400 0.09718 0.09718 0.09718 0.09718
0.98800 0.09490 0.09490 0.09490 0.09490
0.99200 0.08813 0.08813 0.08813 0.08813
0.99600 0.07907 0.07907 0.07907 0.07907
1.00000 0.06993 0.06993 0.06993 0.06993
1.00400 0.06199 0.06199 0.06199 0.06199
1.00800 0.05568 0.05568 0.05568 0.05568
1.01200 0.05102 0.05102 0.05102 0.05102
1.01600 0.04785 0.04785 0.04785 0.04785
1.02000 0.04606 0.04606 0.04606 0.04606
1.02400 0.04553 0.04553 0.04553 0.04553
1.02800 0.04624 0.04624 0.04624 0.04624
1.03200 0.04814 0.04814 0.04814 0.04814
1.03600 0.05110 0.05110 0.05110 0.05110
1.04000 0.05463 0.05463 0.05463 0.05463
1.04400 0.05780 0.05780 0.05780 0.05780
1.04800 0.05925 0.05925 0.05925 0.05925
1.05200 0.05805 0.05805 0.05805 0.05805
1.05600 0.05435 0.05435 0.05435 0.05435
1.06000 0.04933 0.04933 0.04933 0.04933
1.06400 0.04418 0.04418 0.04418 0.04418
1.06800 0.03964 0.03964 0.03964 0.03964
1.07200 0.03599 0.03599 0.03599 0.03599
1.07600 0.03322 0.03322 0.03322 0.03322
1.08000 0.03126 0.03126 0.03126 0.03126
1.08400 0.03003 0.03003 0.03003 0.03003
1.08800 0.02947 0.02947 0.02947 0.02947
1.09200 0.02956 0.02956 0.02956 0.02956
1.09600 0.03033 0.03033 0.03033 0.03033
1.10000 0.03181 0.03181 0.03181 0.03181
1.10400 0.03402 0.03402 0.03402 0.03402
1.10800 0.03690 0.03690 0.03690 0.03690
1.11200 0.04011 0.04011 0.04011 0.04011
1.11600 0.04291 0.04291 0.04291 0.04291
1.12000 0.04430 0.04430 0.04430 0.04430
1.12400 0.04358 0.04358 0.04358 0.04358
1.12800 0.04092 0.04092 0.04092 0.04092
1.13200 0.03723 0.03723 0.03723 0.03723
1.13600 0.03344 0.03344 0.03344 0.03344
1.14000 0.03013 0.03013 0.03013 0.03013
1.14400 0.02748 0.02748 0.02748 0.02748
1.14800 0.02551 0.02551 0.02551 0.02551
1.15200 0.02416 0.02416 0.02416 0.02416
1.15600 0.02338 0.02338 0.02338 0.02338
1.16000 0.02313 0.02313 0.02313 0.02313
1.16400 0.02339 0.02339 0.02339 0.02339
1.16800 0.02419 0.02419 0.02419 0.02419
1.17200 0.02555 0.02555 0.02555 0.02555
1.17600 0.02743 0.02743 0.02743 0.02743
1.18000 0.02964 0.02964 0.02964 0.02964
1.18400 0.03176 0.03176 0.03176 0.03176
1.18800 0.03306 0.03306 0.03306 0.03306
1.19200 0.03295 0.03295 0.03295 0.03295
1.19600 0.03134 0.03134 0.03134 0.03134
1.20000 0.02880 0.02880 0.02880 0.02880
1.20400 0.02603 0.02603 0.02603 0.02603
1.20800 0.02351 0.02351 0.02351 0.02351
1.21200 0.02144 0.02144 0.02144 0.02144
1.21600 0.01985 0.01985 0.01985 0.01985
1.22000 0.01870 0.01870 0.01870 0.01870
1.22400 0.01795 0.01795 0.01795 0.01795
1.22800 0.01754 0.01754 0.01754 0.01754
1.23200 0.01748 0.01748 0.01748 0.01748
1.23600 0.01774 0.01774 0.01774 0.01774
1.24000 0.01837 0.01837 0.01837 0.01837
1.24400 0.01940 0.01940 0.01940 0.01940
1.24800 0.02087 0.02087 0.02087 0.02087
1.25200 0.02278 0.02278 0.02278 0.02278
1.25600 0.02503 0.02503 0.02503 0.02503
1.26000 0.02729 0.02729 0.02729 0.02729
1.26400 0.02895 0.02895 0.02895 0.02895
1.26800 0.02938 0.02938 0.02938 0.02938
1.27200 0.02837 0.02837 0.02837 0.02837
1.27600 0.02632 0.02632 0.02632 0.02632
1.28000 0.02390 0.02390 0.02390 0.02390
1.28400 0.02164 0.02164 0.02164 0.02164
1.28800 0.01979 0.01979 0.01979 0.01979
1.29200 0.01840 0.01840 0.01840 0.01840
1.29600 0.01747 0.01747 0.01747 0.01747
1.30000 0.01696 0.01696 0.01696 0.01696
1.30400 0.01685 0.01685 0.01685 0.01685
1.30800 0.01712 0.01712 0.01712 0.01712
1.31200 0.01781 0.01781 0.01781 0.01781
1.31600 0.01895 0.01895 0.01895 0.01895
1.32000 0.02056 0.02056 0.02056 0.02056
1.32400 0.02260 0.02260 0.02260 0.02260
1.32800 0.02486 0.02486 0.02486 0.02486
1.33200 0.02689 0.02689 0.02689 0.02689
1.33600 0.02802 0.02802 0.02802 0.02802
1.34000 0.02774 0.02774 0.02774 0.02774
1.34400 0.02613 0.02613 0.02613 0.02613
1.34800 0.02376 0.02376 0.02376 0.02376
1.35200 0.02127 0.02127 0.02127 0.02127
1.35600 0.01906 0.01906 0.01906 0.01906
1.36000 0.01728 0.01728 0.01728 0.01728
1.36400 0.01595 0.01595 0.01595 0.01595
1.36800 0.01501 0.01501 0.01501 0.01501
1.37200 0.01443 0.01443 0.01443 0.01443
1.37600 0.01417 0.01417 0.01417 0.01417
1.38000 0.01423 0.01423 0.01423 0.01423
1.38400 0.01461 0.01461 0.01461 0.01461
1.38800 0.01534 0.01534 0.01534 0.01534
1.39200 0.01642 0.01642 0.01642 0.01642
1.39600 0.01784 0.01784 0.01784 0.01784
1.40000 0.01946 0.01946 0.01946 0.01946
1.40400 0.02096 0.02096 0.02096 0.02096
1.40800 0.02185 0.02185 0.02185 0.02185
1.41200 0.02172 0.02172 0.02172 0.02172
1.41600 0.02059 0.02059 0.02059 0.02059
1.42000 0.01886 0.01886 0.01886 0.01886
1.42400 0.01700 0.01700 0.01700 0.01700
1.42800 0.01533 0.01533 0.01533 0.01533
1.43200 0.01398 0.01398 0.01398 0.01398
1.43600 0.01296 0.01296 0.01296 0.01296
1.44000 0.01224 0.01224 0.01224 0.01224
1.44400 0.01179 0.01179 0.01179 0.01179
1.44800 0.01158 0.01158 0.01158 0.01158
1.45200 0.01161 0.01161 0.01161 0.01161
1.45600 0.01189 0.01189 0.01189 0.01189
1.46000 0.01242 0.01242 0.01242 0.01242
1.46400 0.01324 0.01324 0.01324 0.01324
1.46800 0.01438 0.01438 0.01438 0.01438
1.47200 0.01579 0.01579 0.01579 0.01579
1.47600 0.01735 0.01735 0.01735 0.01735
1.48000 0.01873 0.01873 0.01873 0.01873
1.48400 0.01948 0.01948 0.01948 0.01948
1.48800 0.01927 0.01927 0.01927 0.01927
1.49200 0.01815 0.01815 0.01815 0.01815
1.49600 0.01653 0.01653 0.01653 0.01653
1.50000 0.01484 0.01484 0.01484 0.01484
1.50400 0.01334 0.01334 0.01334 0.01334
1.50800 0.01213 0.01213 0.01213 0.01213
1.51200 0.01122 0.01122 0.01122 0.01122
1.51600 0.01057 0.01057 0.01057 0.01057
1.52000 0.01016 0.01016 0.01016 0.01016
1.52400 0.00997 0.00997 0.00997 0.00997
1.52800 0.00998 0.00998 0.00998 0.00998
1.53200 0.01020 0.01020 0.01020 0.01020
1.53600 0.01064 0.01064 0.01064 0.01064
1.54000 0.01133 0.01133 0.01133 0.01133
1.54400 0.01228 0.01228 0.01228 0.01228
1.54800 0.01346 0.01346 0.01346 0.01346
1.55200 0.01474 0.01474 0.01474 0.01474
1.55600 0.01583 0.01583 0.01583 0.01583
1.56000 0.01635 0.01635 0.01635 0.01635
1.56400 0.01606 0.01606 0.01606 0.01606
1.56800 0.01503 0.01503 0.01503 0.01503
1.57200 0.01364 0.01364 0.01364 0.01364
1.57600 0.01221 0.01221 0.01221 0.01221
1.58000 0.01096 0.01096 0.01096 0.01096
1.58400 0.00994 0.00994 0.00994 0.00994
1.58800 0.00916 0.00916 0.00916 0.00916
1.59200 0.00860 0.00860 0.00860 0.00860
1.59600 0.00822 0.00822 0.00822 0.00822
1.60000 0.00800 0.00800 0.00800 0.00800
1.60400 0.00793 0.00793 0.00793 0.00793
1.60800 0.00801 0.00801 0.00801 0.00801
1.61200 0.00826 0.00826 0.00826 0.00826
1.61600 0.00867 0.00867 0.00867 0.00867
1.62000 0.00926 0.00926 0.00926 0.00926
1.62400 0.00999 0.00999 0.00999 0.00999
1.62800 0.01076 0.01076 0.01076 0.01076
1.63200 0.01136 0.01136 0.01136 0.01136
1.63600 0.01156 0.01156 0.01156 0.01156
1.64000 0.01123 0.01123 0.01123 0.01123
1.64400 0.01048 0.01048 0.01048 0.01048
1.64800 0.00954 0.00954 0.00954 0.00954
1.65200 0.00862 0.00862 0.00862 0.00862
1.65600 0.00782 0.00782 0.00782 0.00782
1.66000 0.00717 0.00717 0.00717 0.00717
1.66400 0.00667 0.00667 0.00667 0.00667
1.66800 0.00630 0.00630 0.00630 0.00630
1.67200 0.00603 0.00603 0.00603 0.00603
1.67600 0.00586 0.00586 0.00586 0.00586
1.68000 0.00577 0.00577 0.00577 0.00577
1.68400 0.00575 0.00575 0.00575 0.00575
1.68800 0.00583 0.00583 0.00583 0.00583
1.69200 0.00599 0.00599 0.00599 0.00599
1.69600 0.00626 0.00626 0.00626 0.00626
1.70000 0.00664 0.00664 0.00664 0.00664
1.70400 0.00713 0.00713 0.00713 0.00713
1.70800 0.00768 0.00768 0.00768 0.00768
1.71200 0.00820 0.00820 0.00820 0.00820
1.71600 0.00851 0.00851 0.00851 0.00851
1.72000 0.00849 0.00849 0.00849 0.00849
1.72400 0.00811 0.00811 0.00811 0.00811
1.72800 0.00752 0.00752 0.00752 0.00752
1.73200 0.00687 0.00687 0.00687 0.00687
1.73600 0.00627 0.00627 0.00627 0.00627
1.74000 0.00577 0.00577 0.00577 0.00577
1.74400 0.00538 0.00538 0.00538 0.00538
1.74800 0.00509 0.00509 0.00509 0.00509
1.75200 0.00487 0.00487 0.00487 0.00487
1.75600 0.00473 0.00473 0.00473 0.00473
1.76000 0.00466 0.00466 0.00466 0.00466
1.76400 0.00464 0.00464 0.00464 0.00464
1.76800 0.00469 0.00469 0.00469 0.00469
1.77200 0.00480 0.00480 0.00480 0.00480
1.77600 0.00499 0.00499 0.00499 0.00499
1.78000 0.00526 0.00526 0.00526 0.00526
1.78400 0.00560 0.00560 0.00560 0.00560
1.78800 0.00598 0.00598 0.00598 0.00598
1.79200 0.00630 0.00630 0.00630 0.00630
1.79600 0.00646 0.00646 0.00646 0.00646
1.80000 0.00637 0.00637 0.00637 0.00637
1.80400 0.00605 0.00605 0.00605 0.00605
1.80800 0.00560 0.00560 0.00560 0.00560
1.81200 0.00515 0.00515 0.00515 0.00515
1.81600 0.00474 0.00474 0.00474 0.00474
1.82000 0.00440 0.00440 0.00440 0.00440
1.82400 0.00412 0.00412 0.00412 0.00412
1.82800 0.00391 0.00391 0.00391 0.00391
1.83200 0.00376 0.00376 0.00376 0.00376
1.83600 0.00364 0.00364 0.00364 0.00364
1.84000 0.00356 0.00356 0.00356 0.00356
1.84400 0.00351 0.00351 0.00351 0.00351
1.84800 0.00349 0.00349 0.00349 0.00349
1.85200 0.00350 0.00350 0.00350 0.00350
1.85600 0.00355 0.00355 0.00355 0.00355
1.86000 0.00364 0.00364 0.00364 0.00364
1.86400 0.00377 0.00377 0.00377 0.00377
1.86800 0.00394 0.00394 0.00394 0.00394
1.87200 0.00415 0.00415 0.00415 0.00415
1.87600 0.00437 0.00437 0.00437 0.00437
1.88000 0.00454 0.00454 0.00454 0.00454
1.88400 0.00458 0.00458 0.00458 0.00458
1.88800 0.00447 0.00447 0.00447 0.00447
1.89200 0.00425 0.00425 0.00425 0.00425
1.89600 0.00398 0.00398 0.00398 0.00398
1.90000 0.00371 0.00371 0.00371 0.00371
1.90400 0.00348 0.00348 0.00348 0.00348
1.90800 0.00330 0.00330 0.00330 0.00330
1.91200 0.00315 0.00315 0.00315 0.00315
1.91600 0.00303 0.00303 0.00303 0.00303
1.92000 0.00295 0.00295 0.00295 0.00295
1.92400 0.00289 0.00289 0.00289 0.00289
1.92800 0.00285 0.00285 0.00285 0.00285
1.93200 0.00283 0.00283 0.00283 0.00283
1.93600 0.00283 0.00283 0.00283 0.00283
1.94000 0.00286 0.00286 0.00286 0.00286
1.94400 0.00291 0.00291 0.00291 0.00291
1.94800 0.00298 0.00298 0.00298 0.00298
1.95200 0.00309 0.00309 0.00309 0.00309
1.95600 0.00322 0.00322 0.00322 0.00322
1.96000 0.00337 0.00337 0.00337 0.00337
1.96400 0.00348 0.00348 0.00348 0.00348
1.96800 0.00353 0.00353 0.00353 0.00353
1.97200 0.00349 0.00349 0.00349 0.00349
1.97600 0.00335 0.00335 0.00335 0.00335
1.98000 0.00318 0.00318 0.00318 0.00318
1.98400 0.00300 0.00300 0.00300 0.00300
1.98800 0.00284 0.00284 0.00284 0.00284
1.99200 0.00271 0.00271 0.00271 0.00271
1.99600 0.00260 0.00260 0.00260 0.00260
2.00000 0.00252 0.00252 0.00252 0.00252
