-2.00000 0.00159 0.00159 0.00159 0.00159 0.00159 0.00159 0.00159 0.00159 0.00159 0.00159
-1.99600 0.00161 0.00161 0.00161 0.00161 0.00161 0.00161 0.00161 0.00161 0.00161 0.00161
-1.99200 0.00162 0.00162 0.00162 0.00162 0.00162 0.00162 0.00162 0.00162 0.00162 0.00162
-1.98800 0.00163 0.00163 0.00163 0.00163 0.00163 0.00163 0.00163 0.00163 0.00163 0.00163
-1.98400 0.00164 0.00164 0.00164 0.00164 0.00164 0.00164 0.00164 0.00164 0.00164 0.00164
-1.98000 0.00165 0.00165 0.00165 0.00165 0.00165 0.00165 0.00165 0.00165 0.00165 0.00165
-1.97600 0.00167 0.00167 0.00167 0.00167 0.00167 0.00167 0.00167 0.00167 0.00167 0.00167
-1.97200 0.00168 0.00168 0.00168 0.00168 0.00168 0.00168 0.00168 0.00168 0.00168 0.00168
-1.96800 0.00169 0.00169 0.00169 0.00169 0.00169 0.00169 0.00169 0.00169 0.00169 0.00169
-1.96400 0.00171 0.00171 0.00171 0.00171 0.00171 0.00171 0.00171 0.00171 0.00171 0.00171
-1.96000 0.00172 0.00172 0.00172 0.00172 0.00172 0.00172 0.00172 0.00172 0.00172 0.00172
-1.95600 0.00174 0.00174 0.00174 0.00174 0.00174 0.00174 0.00174 0.00174 0.00174 0.00174
-1.95200 0.00175 0.00175 0.00175 0.00175 0.00175 0.00175 0.00175 0.00175 0.00175 0.00175
-1.94800 0.00177 0.00177 0.00177 0.00177 0.00177 0.00177 0.00177 0.00177 0.00177 0.00177
-1.94400 0.00178 0.00178 0.00178 0.00178 0.00178 0.00178 0.00178 0.00178 0.00178 0.00178
-1.94000 0.00180 0.00180 0.00180 0.00180 0.00180 0.00180 0.00180 0.00180 0.00180 0.00180
-1.93600 0.00181 0.00181 0.00181 0.00181 0.00181 0.00181 0.00181 0.00181 0.00181 0.00181
-1.93200 0.00183 0.00183 0.00183 0.00183 0.00183 0.00183 0.00183 0.00183 0.00183 0.00183
-1.92800 0.00185 0.00185 0.00185 0.00185 0.00185 0.00185 0.00185 0.00185 0.00185 0.00185
-1.92400 0.00186 0.00186 0.00186 0.00186 0.00186 0.00186 0.00186 0.00186 0.00186 0.00186
-1.92000 0.00188 0.00188 0.00188 0.00188 0.00188 0.00188 0.00188 0.00188 0.00188 0.00188
-1.91600 0.00190 0.00190 0.00190 0.00190 0.00190 0.00190 0.00190 0.00190 0.00190 0.00190
-1.91200 0.00192 0.00192 0.00192 0.00192 0.00192 0.00192 0.00192 0.00192 0.00192 0.00192
-1.90800 0.00194 0.00194 0.00194 0.00194 0.00194 0.00194 0.00194 0.00194 0.00194 0.00194
-1.90400 0.00196 0.00196 0.00196 0.00196 0.00196 0.00196 0.00196 0.00196 0.00196 0.00196
-1.90000 0.00198 0.00198 0.00198 0.00198 0.00198 0.00198 0.00198 0.00198 0.00198 0.00198
-1.89600 0.00200 0.00200 0.00200 0.00200 0.00200 0.00200 0.00200 0.00200 0.00200 0.00200
-1.89200 0.00203 0.00203 0.00203 0.00203 0.00203 0.00203 0.00203 0.00203 0.00203 0.00203
-1.88800 0.00205 0.00205 0.00205 0.00205 0.00205 0.00205 0.00205 0.00205 0.00205 0.00205
-1.88400 0.00207 0.00207 0.00207 0.00207 0.00207 0.00207 0.00207 0.00207 0.00207 0.00207
-1.88000 0.00210 0.00210 0.00210 0.00210 0.00210 0.00210 0.00210 0.00210 0.00210 0.00210
-1.87600 0.00212 0.00212 0.00212 0.00212 0.00212 0.00212 0.00212 0.00212 0.00212 0.00212
-1.87200 0.00215 0.00215 0.00215 0.00215 0.00215 0.00215 0.00215 0.00215 0.00215 0.00215
-1.86800 0.00218 0.00218 0.00218 0.00218 0.00218 0.00218 0.00218 0.00218 0.00218 0.00218
-1.86400 0.00221 0.00221 0.00221 0.00221 0.00221 0.00221 0.00221 0.00221 0.00221 0.00221
-1.86000 0.00224 0.00224 0.00224 0.00224 0.00224 0.00224 0.00224 0.00224 0.00224 0.00224
-1.85600 0.00227 0.00227 0.00227 0.00227 0.00227 0.00227 0.00227 0.00227 0.00227 0.00227
-1.85200 0.00230 0.00230 0.00230 0.00230 0.00230 0.00230 0.00230 0.00230 0.00230 0.00230
-1.84800 0.00233 0.00233 0.00233 0.00233 0.00233 0.00233 0.00233 0.00233 0.00233 0.00233
-1.84400 0.00237 0.00237 0.00237 0.00237 0.00237 0.00237 0.00237 0.00237 0.00237 0.00237
-1.84000 0.00241 0.00241 0.00241 0.00241 0.00241 0.00241 0.00241 0.00241 0.00241 0.00241
-1.83600 0.00244 0.00244 0.00244 0.00244 0.00244 0.00244 0.00244 0.00244 0.00244 0.00244
-1.83200 0.00249 0.00249 0.00249 0.00249 0.00249 0.00249 0.00249 0.00249 0.00249 0.00249
-1.82800 0.00253 0.00253 0.00253 0.00253 0.00253 0.00253 0.00253 0.00253 0.00253 0.00253
-1.82400 0.00257 0.00257 0.00257 0.00257 0.00257 0.00257 0.00257 0.00257 0.00257 0.00257
-1.82000 0.00262 0.00262 0.00262 0.00262 0.00262 0.00262 0.00262 0.00262 0.00262 0.00262
-1.81600 0.00267 0.00267 0.00267 0.00267 0.00267 0.00267 0.00267 0.00267 0.00267 0.00267
-1.81200 0.00272 0.00272 0.00272 0.00272 0.00272 0.00272 0.00272 0.00272 0.00272 0.00272
-1.80800 0.00277 0.00277 0.00277 0.00277 0.00277 0.00277 0.00277 0.00277 0.00277 0.00277
-1.80400 0.00283 0.00283 0.00283 0.00283 0.00283 0.00283 0.00283 0.00283 0.00283 0.00283
-1.80000 0.00289 0.00289 0.00289 0.00289 0.00289 0.00289 0.00289 0.00289 0.00289 0.00289
-1.79600 0.00295 0.00295 0.00295 0.00295 0.00295 0.00295 0.00295 0.00295 0.00295 0.00295
-1.79200 0.00301 0.00301 0.00301 0.00301 0.00301 0.00301 0.00301 0.00301 0.00301 0.00301
-1.78800 0.00308 0.00308 0.00308 0.00308 0.00308 0.00308 0.00308 0.00308 0.00308 0.00308
-1.78400 0.00316 0.00316 0.00316 0.00316 0.00316 0.00316 0.00316 0.00316 0.00316 0.00316
-1.78000 0.00324 0.00324 0.00324 0.00324 0.00324 0.00324 0.00324 0.00324 0.00324 0.00324
-1.77600 0.00332 0.00332 0.00332 0.00332 0.00332 0.00332 0.00332 0.00332 0.00332 0.00332
-1.77200 0.00341 0.00341 0.00341 0.00341 0.00341 0.00341 0.00341 0.00341 0.00341 0.00341
-1.76800 0.00351 0.00351 0.00351 0.00351 0.00351 0.00351 0.00351 0.00351 0.00351 0.00351
-1.76400 0.00361 0.00361 0.00361 0.00361 0.00361 0.00361 0.00361 0.00361 0.00361 0.00361
-1.76000 0.00372 0.00372 0.00372 0.00372 0.00372 0.00372 0.00372 0.00372 0.00372 0.00372
-1.75600 0.00384 0.00384 0.00384 0.00384 0.00384 0.00384 0.00384 0.00384 0.00384 0.00384
-1.75200 0.00397 0.00397 0.00397 0.00397 0.00397 0.00397 0.00397 0.00397 0.00397 0.00397
-1.74800 0.00410 0.00410 0.00410 0.00410 0.00410 0.00410 0.00410 0.00410 0.00410 0.00410
-1.74400 0.00425 0.00425 0.00425 0.00425 0.00425 0.00425 0.00425 0.00425 0.00425 0.00425
-1.74000 0.00441 0.00441 0.00441 0.00441 0.00441 0.00441 0.00441 0.00441 0.00441 0.00441
-1.73600 0.00459 0.00459 0.00459 0.00459 0.00459 0.00459 0.00459 0.00459 0.00459 0.00459
-1.73200 0.00478 0.00478 0.00478 0.00478 0.00478 0.00478 0.00478 0.00478 0.00478 0.00478
-1.72800 0.00498 0.00498 0.00498 0.00498 0.00498 0.00498 0.00498 0.00498 0.00498 0.00498
-1.72400 0.00521 0.00521 0.00521 0.00521 0.00521 0.00521 0.00521 0.00521 0.00521 0.00521
-1.72000 0.00546 0.00546 0.00546 0.00546 0.00546 0.00546 0.00546 0.00546 0.00546 0.00546
-1.71600 0.00573 0.00573 0.00573 0.00573 0.00573 0.00573 0.00573 0.00573 0.00573 0.00573
-1.71200 0.00604 0.00604 0.00604 0.00604 0.00604 0.00604 0.00604 0.00604 0.00604 0.00604
-1.70800 0.00637 0.00637 0.00637 0.00637 0.00637 0.00637 0.00637 0.00637 0.00637 0.00637
-1.70400 0.00675 0.00675 0.00675 0.00675 0.00675 0.00675 0.00675 0.00675 0.00675 0.00675
-1.70000 0.00717 0.00717 0.00717 0.00717 0.00717 0.00717 0.00717 0.00717 0.00717 0.00717
-1.69600 0.00763 0.00763 0.00763 0.00763 0.00763 0.00763 0.00763 0.00763 0.00763 0.00763
-1.69200 0.00816 0.00816 0.00816 0.00816 0.00816 0.00816 0.00816 0.00816 0.00816 0.00816
-1.68800 0.00876 0.00876 0.00876 0.00876 0.00876 0.00876 0.00876 0.00876 0.00876 0.00876
-1.68400 0.00945 0.00945 0.00945 0.00945 0.00945 0.00945 0.00945 0.00945 0.00945 0.00945
-1.68000 0.01023 0.01023 0.01023 0.01023 0.01023 0.01023 0.01023 0.01023 0.01023 0.01023
-1.67600 0.01114 0.01114 0.01114 0.01114 0.01114 0.01114 0.01114 0.01114 0.01114 0.01114
-1.67200 0.01219 0.01219 0.01219 0.01219 0.01219 0.01219 0.01219 0.01219 0.01219 0.01219
-1.66800 0.01341 0.01341 0.01341 0.01341 0.01341 0.01341 0.01341 0.01341 0.01341 0.01341
-1.66400 0.01485 0.01485 0.01485 0.01485 0.01485 0.01485 0.01485 0.01485 0.01485 0.01485
-1.66000 0.01657 0.01657 0.01657 0.01657 0.01657 0.01657 0.01657 0.01657 0.01657 0.01657
-1.65600 0.01862 0.01862 0.01862 0.01862 0.01862 0.01862 0.01862 0.01862 0.01862 0.01862
-1.65200 0.02110 0.02110 0.02110 0.02110 0.02110 0.02110 0.02110 0.02110 0.02110 0.02110
-1.64800 0.02413 0.02413 0.02413 0.02413 0.02413 0.02413 0.02413 0.02413 0.02413 0.02413
-1.64400 0.02786 0.02786 0.02786 0.02786 0.02786 0.02786 0.02786 0.02786 0.02786 0.02786
-1.64000 0.03250 0.03250 0.03250 0.03250 0.03250 0.03250 0.03250 0.03250 0.03250 0.03250
-1.63600 0.03832 0.03832 0.03832 0.03832 0.03832 0.03832 0.03832 0.03832 0.03832 0.03832
-1.63200 0.04568 0.04568 0.04568 0.04568 0.04568 0.04568 0.04568 0.04568 0.04568 0.04568
-1.62800 0.05498 0.05498 0.05498 0.05498 0.05498 0.05498 0.05498 0.05498 0.05498 0.05498
-1.62400 0.06665 0.06665 0.06665 0.06665 0.06665 0.06665 0.06665 0.06665 0.06665 0.06665
-1.62000 0.08093 0.08093 0.08093 0.08093 0.08093 0.08093 0.08093 0.08093 0.08093 0.08093
-1.61600 0.09744 0.09744 0.09744 0.09744 0.09744 0.09744 0.09744 0.09744 0.09744 0.09744
-1.61200 0.11449 0.11449 0.11449 0.11449 0.11449 0.11449 0.11449 0.11449 0.11449 0.11449
-1.60800 0.12849 0.12849 0.12849 0.12849 0.12849 0.12849 0.12849 0.12849 0.12849 0.12849
-1.60400 0.13490 0.13490 0.13490 0.13490 0.13490 0.13490 0.13490 0.13490 0.13490 0.13490
-1.60000 0.13112 0.13112 0.13112 0.13112 0.13112 0.13112 0.13112 0.13112 0.13112 0.13112
-1.59600 0.11872 0.11872 0.11872 0.11872 0.11872 0.11872 0.11872 0.11872 0.11872 0.11872
-1.59200 0.10208 0.10208 0.10208 0.10208 0.10208 0.10208 0.10208 0.10208 0.10208 0.10208
-1.58800 0.08520 0.08520 0.08520 0.08520 0.08520 0.08520 0.08520 0.08520 0.08520 0.08520
-1.58400 0.07027 0.07027 0.07027 0.07027 0.07027 0.07027 0.07027 0.07027 0.07027 0.07027
-1.58000 0.05793 0.05793 0.05793 0.05793 0.05793 0.05793 0.05793 0.05793 0.05793 0.05793
-1.57600 0.04806 0.04806 0.04806 0.04806 0.04806 0.04806 0.04806 0.04806 0.04806 0.04806
-1.57200 0.04024 0.04024 0.04024 0.04024 0.04024 0.04024 0.04024 0.04024 0.04024 0.04024
-1.56800 0.03407 0.03407 0.03407 0.03407 0.03407 0.03407 0.03407 0.03407 0.03407 0.03407
-1.56400 0.02916 0.02916 0.02916 0.02916 0.02916 0.02916 0.02916 0.02916 0.02916 0.02916
-1.56000 0.02523 0.02523 0.02523 0.02523 0.02523 0.02523 0.02523 0.02523 0.02523 0.02523
-1.55600 0.02205 0.02205 0.02205 0.02205 0.02205 0.02205 0.02205 0.02205 0.02205 0.02205
-1.55200 0.01945 0.01945 0.01945 0.01945 0.01945 0.01945 0.01945 0.01945 0.01945 0.01945
-1.54800 0.01731 0.01731 0.01731 0.01731 0.01731 0.01731 0.01731 0.01731 0.01731 0.01731
-1.54400 0.01553 0.01553 0.01553 0.01553 0.01553 0.01553 0.01553 0.01553 0.01553 0.01553
-1.54000 0.01404 0.01404 0.01404 0.01404 0.01404 0.01404 0.01404 0.01404 0.01404 0.01404
-1.53600 0.01278 0.01278 0.01278 0.01278 0.01278 0.01278 0.01278 0.01278 0.01278 0.01278
-1.53200 0.01170 0.01170 0.01170 0.01170 0.01170 0.01170 0.01170 0.01170 0.01170 0.01170
-1.52800 0.01078 0.01078 0.01078 0.01078 0.01078 0.01078 0.01078 0.01078 0.01078 0.01078
-1.52400 0.00998 0.00998 0.00998 0.00998 0.00998 0.00998 0.00998 0.00998 0.00998 0.00998
-1.52000 0.00929 0.00929 0.00929 0.00929 0.00929 0.00929 0.00929 0.00929 0.00929 0.00929
-1.51600 0.00868 0.00868 0.00868 0.00868 0.00868 0.00868 0.00868 0.00868 0.00868 0.00868
-1.51200 0.00815 0.00815 0.00815 0.00815 0.00815 0.00815 0.00815 0.00815 0.00815 0.00815
-1.50800 0.00769 0.00769 0.00769 0.00769 0.00769 0.00769 0.00769 0.00769 0.00769 0.00769
-1.50400 0.00727 0.00727 0.00727 0.00727 0.00727 0.00727 0.00727 0.00727 0.00727 0.00727
-1.50000 0.00690 0.00690 0.00690 0.00690 0.00690 0.00690 0.00690 0.00690 0.00690 0.00690
-1.49600 0.00658 0.00658 0.00658 0.00658 0.00658 0.00658 0.00658 0.00658 0.00658 0.00658
-1.49200 0.00628 0.00628 0.00628 0.00628 0.00628 0.00628 0.00628 0.00628 0.00628 0.00628
-1.48800 0.00602 0.00602 0.00602 0.00602 0.00602 0.00602 0.00602 0.00602 0.00602 0.00602
-1.48400 0.00578 0.00578 0.00578 0.00578 0.00578 0.00578 0.00578 0.00578 0.00578 0.00578
-1.48000 0.00556 0.00556 0.00556 0.00556 0.00556 0.00556 0.00556 0.00556 0.00556 0.00556
-1.47600 0.00537 0.00537 0.00537 0.00537 0.00537 0.00537 0.00537 0.00537 0.00537 0.00537
-1.47200 0.00519 0.00519 0.00519 0.00519 0.00519 0.00519 0.00519 0.00519 0.00519 0.00519
-1.46800 0.00503 0.00503 0.00503 0.00503 0.00503 0.00503 0.00503 0.00503 0.00503 0.00503
-1.46400 0.00489 0.00489 0.00489 0.00489 0.00489 0.00489 0.00489 0.00489 0.00489 0.00489
-1.46000 0.00475 0.00475 0.00475 0.00475 0.00475 0.00475 0.00475 0.00475 0.00475 0.00475
-1.45600 0.00463 0.00463 0.00463 0.00463 0.00463 0.00463 0.00463 0.00463 0.00463 0.00463
-1.45200 0.00452 0.00452 0.00452 0.00452 0.00452 0.00452 0.00452 0.00452 0.00452 0.00452
-1.44800 0.00441 0.00441 0.00441 0.00441 0.00441 0.00441 0.00441 0.00441 0.00441 0.00441
-1.44400 0.00432 0.00432 0.00432 0.00432 0.00432 0.00432 0.00432 0.00432 0.00432 0.00432
-1.44000 0.00423 0.00423 0.00423 0.00423 0.00423 0.00423 0.00423 0.00423 0.00423 0.00423
-1.43600 0.00415 0.00415 0.00415 0.00415 0.00415 0.00415 0.00415 0.00415 0.00415 0.00415
-1.43200 0.00408 0.00408 0.00408 0.00408 0.00408 0.00408 0.00408 0.00408 0.00408 0.00408
-1.42800 0.00401 0.00401 0.00401 0.00401 0.00401 0.00401 0.00401 0.00401 0.00401 0.00401
-1.42400 0.00395 0.00395 0.00395 0.00395 0.00395 0.00395 0.00395 0.00395 0.00395 0.00395
-1.42000 0.00389 0.00389 0.00389 0.00389 0.00389 0.00389 0.00389 0.00389 0.00389 0.00389
-1.41600 0.00384 0.00384 0.00384 0.00384 0.00384 0.00384 0.00384 0.00384 0.00384 0.00384
-1.41200 0.00379 0.00379 0.00379 0.00379 0.00379 0.00379 0.00379 0.00379 0.00379 0.00379
-1.40800 0.00374 0.00374 0.00374 0.00374 0.00374 0.00374 0.00374 0.00374 0.00374 0.00374
-1.40400 0.00370 0.00370 0.00370 0.00370 0.00370 0.00370 0.00370 0.00370 0.00370 0.00370
-1.40000 0.00366 0.00366 0.00366 0.00366 0.00366 0.00366 0.00366 0.00366 0.00366 0.00366
-1.39600 0.00362 0.00362 0.00362 0.00362 0.00362 0.00362 0.00362 0.00362 0.00362 0.00362
-1.39200 0.00359 0.00359 0.00359 0.00359 0.00359 0.00359 0.00359 0.00359 0.00359 0.00359
-1.38800 0.00356 0.00356 0.00356 0.00356 0.00356 0.00356 0.00356 0.00356 0.00356 0.00356
-1.38400 0.00353 0.00353 0.00353 0.00353 0.00353 0.00353 0.00353 0.00353 0.00353 0.00353
-1.38000 0.00350 0.00350 0.00350 0.00350 0.00350 0.00350 0.00350 0.00350 0.00350 0.00350
-1.37600 0.00348 0.00348 0.00348 0.00348 0.00348 0.00348 0.00348 0.00348 0.00348 0.00348
-1.37200 0.00346 0.00346 0.00346 0.00346 0.00346 0.00346 0.00346 0.00346 0.00346 0.00346
-1.36800 0.00344 0.00344 0.00344 0.00344 0.00344 0.00344 0.00344 0.00344 0.00344 0.00344
-1.36400 0.00342 0.00342 0.00342 0.00342 0.00342 0.00342 0.00342 0.00342 0.00342 0.00342
-1.36000 0.00340 0.00340 0.00340 0.00340 0.00340 0.00340 0.00340 0.00340 0.00340 0.00340
-1.35600 0.00339 0.00339 0.00339 0.00339 0.00339 0.00339 0.00339 0.00339 0.00339 0.00339
-1.35200 0.00337 0.00337 0.00337 0.00337 0.00337 0.00337 0.00337 0.00337 0.00337 0.00337
-1.34800 0.00336 0.00336 0.00336 0.00336 0.00336 0.00336 0.00336 0.00336 0.00336 0.00336
-1.34400 0.00335 0.00335 0.00335 0.00335 0.00335 0.00335 0.00335 0.00335 0.00335 0.00335
-1.34000 0.00334 0.00334 0.00334 0.00334 0.00334 0.00334 0.00334 0.00334 0.00334 0.00334
-1.33600 0.00333 0.00333 0.00333 0.00333 0.00333 0.00333 0.00333 0.00333 0.00333 0.00333
-1.33200 0.00332 0.00332 0.00332 0.00332 0.00332 0.00332 0.00332 0.00332 0.00332 0.00332
-1.32800 0.00332 0.00332 0.00332 0.00332 0.00332 0.00332 0.00332 0.00332 0.00332 0.00332
-1.32400 0.00331 0.00331 0.00331 0.00331 0.00331 0.00331 0.00331 0.00331 0.00331 0.00331
-1.32000 0.00331 0.00331 0.00331 0.00331 0.00331 0.00331 0.00331 0.00331 0.00331 0.00331
-1.31600 0.00330 0.00330 0.00330 0.00330 0.00330 0.00330 0.00330 0.00330 0.00330 0.00330
-1.31200 0.00330 0.00330 0.00330 0.00330 0.00330 0.00330 0.00330 0.00330 0.00330 0.00330
-1.30800 0.00330 0.00330 0.00330 0.00330 0.00330 0.00330 0.00330 0.00330 0.00330 0.00330
-1.30400 0.00330 0.00330 0.00330 0.00330 0.00330 0.00330 0.00330 0.00330 0.00330 0.00330
-1.30000 0.00329 0.00329 0.00329 0.00329 0.00329 0.00329 0.00329 0.00329 0.00329 0.00329
-1.29600 0.00329 0.00329 0.00329 0.00329 0.00329 0.00329 0.00329 0.00329 0.00329 0.00329
-1.29200 0.00330 0.00330 0.00330 0.00330 0.00330 0.00330 0.00330 0.00330 0.00330 0.00330
-1.28800 0.00330 0.00330 0.00330 0.00330 0.00330 0.00330 0.00330 0.00330 0.00330 0.00330
-1.28400 0.00330 0.00330 0.00330 0.00330 0.00330 0.00330 0.00330 0.00330 0.00330 0.00330
-1.28000 0.00330 0.00330 0.00330 0.00330 0.00330 0.00330 0.00330 0.00330 0.00330 0.00330
-1.27600 0.00330 0.00330 0.00330 0.00330 0.00330 0.00330 0.00330 0.00330 0.00330 0.00330
-1.27200 0.00331 0.00331 0.00331 0.00331 0.00331 0.00331 0.00331 0.00331 0.00331 0.00331
-1.26800 0.00331 0.00331 0.00331 0.00331 0.00331 0.00331 0.00331 0.00331 0.00331 0.00331
-1.26400 0.00332 0.00332 0.00332 0.00332 0.00332 0.00332 0.00332 0.00332 0.00332 0.00332
-1.26000 0.00332 0.00332 0.00332 0.00332 0.00332 0.00332 0.00332 0.00332 0.00332 0.00332
-1.25600 0.00333 0.00333 0.00333 0.00333 0.00333 0.00333 0.00333 0.00333 0.00333 0.00333
-1.25200 0.00334 0.00334 0.00334 0.00334 0.00334 0.00334 0.00334 0.00334 0.00334 0.00334
-1.24800 0.00334 0.00334 0.00334 0.00334 0.00334 0.00334 0.00334 0.00334 0.00334 0.00334
-1.24400 0.00335 0.00335 0.00335 0.00335 0.00335 0.00335 0.00335 0.00335 0.00335 0.00335
-1.24000 0.00336 0.00336 0.00336 0.00336 0.00336 0.00336 0.00336 0.00336 0.00336 0.00336
-1.23600 0.00336 0.00336 0.00336 0.00336 0.00336 0.00336 0.00336 0.00336 0.00336 0.00336
-1.23200 0.00337 0.00337 0.00337 0.00337 0.00337 0.00337 0.00337 0.00337 0.00337 0.00337
-1.22800 0.00338 0.00338 0.00338 0.00338 0.00338 0.00338 0.00338 0.00338 0.00338 0.00338
-1.22400 0.00339 0.00339 0.00339 0.00339 0.00339 0.00339 0.00339 0.00339 0.00339 0.00339
-1.22000 0.00340 0.00340 0.00340 0.00340 0.00340 0.00340 0.00340 0.00340 0.00340 0.00340
-1.21600 0.00341 0.00341 0.00341 0.00341 0.00341 0.00341 0.00341 0.00341 0.00341 0.00341
-1.21200 0.00342 0.00342 0.00342 0.00342 0.00342 0.00342 0.00342 0.00342 0.00342 0.00342
-1.20800 0.00343 0.00343 0.00343 0.00343 0.00343 0.00343 0.00343 0.00343 0.00343 0.00343
-1.20400 0.00344 0.00344 0.00344 0.00344 0.00344 0.00344 0.00344 0.00344 0.00344 0.00344
-1.20000 0.00346 0.00346 0.00346 0.00346 0.00346 0.00346 0.00346 0.00346 0.00346 0.00346
-1.19600 0.00347 0.00347 0.00347 0.00347 0.00347 0.00347 0.00347 0.00347 0.00347 0.00347
-1.19200 0.00348 0.00348 0.00348 0.00348 0.00348 0.00348 0.00348 0.00348 0.00348 0.00348
-1.18800 0.00349 0.00349 0.00349 0.00349 0.00349 0.00349 0.00349 0.00349 0.00349 0.00349
-1.18400 0.00351 0.00351 0.00351 0.00351 0.00351 0.00351 0.00351 0.00351 0.00351 0.00351
-1.18000 0.00352 0.00352 0.00352 0.00352 0.00352 0.00352 0.00352 0.00352 0.00352 0.00352
-1.17600 0.00353 0.00353 0.00353 0.00353 0.00353 0.00353 0.00353 0.00353 0.00353 0.00353
-1.17200 0.00355 0.00355 0.00355 0.00355 0.00355 0.00355 0.00355 0.00355 0.00355 0.00355
-1.16800 0.00356 0.00356 0.00356 0.00356 0.00356 0.00356 0.00356 0.00356 0.00356 0.00356
-1.16400 0.00358 0.00358 0.00358 0.00358 0.00358 0.00358 0.00358 0.00358 0.00358 0.00358
-1.16000 0.00359 0.00359 0.00359 0.00359 0.00359 0.00359 0.00359 0.00359 0.00359 0.00359
-1.15600 0.00361 0.00361 0.00361 0.00361 0.00361 0.00361 0.00361 0.00361 0.00361 0.00361
-1.15200 0.00362 0.00362 0.00362 0.00362 0.00362 0.00362 0.00362 0.00362 0.00362 0.00362
-1.14800 0.00364 0.00364 0.00364 0.00364 0.00364 0.00364 0.00364 0.00364 0.00364 0.00364
-1.14400 0.00365 0.00365 0.00365 0.00365 0.00365 0.00365 0.00365 0.00365 0.00365 0.00365
-1.14000 0.00367 0.00367 0.00367 0.00367 0.00367 0.00367 0.00367 0.00367 0.00367 0.00367
-1.13600 0.00369 0.00369 0.00369 0.00369 0.00369 0.00369 0.00369 0.00369 0.00369 0.00369
-1.13200 0.00371 0.00371 0.00371 0.00371 0.00371 0.00371 0.00371 0.00371 0.00371 0.00371
-1.12800 0.00372 0.00372 0.00372 0.00372 0.00372 0.00372 0.00372 0.00372 0.00372 0.00372
-1.12400 0.00374 0.00374 0.00374 0.00374 0.00374 0.00374 0.00374 0.00374 0.00374 0.00374
-1.12000 0.00376 0.00376 0.00376 0.00376 0.00376 0.00376 0.00376 0.00376 0.00376 0.00376
-1.11600 0.00378 0.00378 0.00378 0.00378 0.00378 0.00378 0.00378 0.00378 0.00378 0.00378
-1.11200 0.00380 0.00380 0.00380 0.00380 0.00380 0.00380 0.00380 0.00380 0.00380 0.00380
-1.10800 0.00381 0.00381 0.00381 0.00381 0.00381 0.00381 0.00381 0.00381 0.00381 0.00381
-1.10400 0.00383 0.00383 0.00383 0.00383 0.00383 0.00383 0.00383 0.00383 0.00383 0.00383
-1.10000 0.00385 0.00385 0.00385 0.00385 0.00385 0.00385 0.00385 0.00385 0.00385 0.00385
-1.09600 0.00387 0.00387 0.00387 0.00387 0.00387 0.00387 0.00387 0.00387 0.00387 0.00387
-1.09200 0.00389 0.00389 0.00389 0.00389 0.00389 0.00389 0.00389 0.00389 0.00389 0.00389
-1.08800 0.00391 0.00391 0.00391 0.00391 0.00391 0.00391 0.00391 0.00391 0.00391 0.00391
-1.08400 0.00393 0.00393 0.00393 0.00393 0.00393 0.00393 0.00393 0.00393 0.00393 0.00393
-1.08000 0.00396 0.00396 0.00396 0.00396 0.00396 0.00396 0.00396 0.00396 0.00396 0.00396
-1.07600 0.00398 0.00398 0.00398 0.00398 0.00398 0.00398 0.00398 0.00398 0.00398 0.00398
-1.07200 0.00400 0.00400 0.00400 0.00400 0.00400 0.00400 0.00400 0.00400 0.00400 0.00400
-1.06800 0.00402 0.00402 0.00402 0.00402 0.00402 0.00402 0.00402 0.00402 0.00402 0.00402
-1.06400 0.00404 0.00404 0.00404 0.00404 0.00404 0.00404 0.00404 0.00404 0.00404 0.00404
-1.06000 0.00407 0.00407 0.00407 0.00407 0.00407 0.00407 0.00407 0.00407 0.00407 0.00407
-1.05600 0.00409 0.00409 0.00409 0.00409 0.00409 0.00409 0.00409 0.00409 0.00409 0.00409
-1.05200 0.00411 0.00411 0.00411 0.00411 0.00411 0.00411 0.00411 0.00411 0.00411 0.00411
-1.04800 0.00414 0.00414 0.00414 0.00414 0.00414 0.00414 0.00414 0.00414 0.00414 0.00414
-1.04400 0.00416 0.00416 0.00416 0.00416 0.00416 0.00416 0.00416 0.00416 0.00416 0.00416
-1.04000 0.00418 0.00418 0.00418 0.00418 0.00418 0.00418 0.00418 0.00418 0.00418 0.00418
-1.03600 0.00421 0.00421 0.00421 0.00421 0.00421 0.00421 0.00421 0.00421 0.00421 0.00421
-1.03200 0.00423 0.00423 0.00423 0.00423 0.00423 0.00423 0.00423 0.00423 0.00423 0.00423
-1.02800 0.00426 0.00426 0.00426 0.00426 0.00426 0.00426 0.00426 0.00426 0.00426 0.00426
-1.02400 0.00428 0.00428 0.00428 0.00428 0.00428 0.00428 0.00428 0.00428 0.00428 0.00428
-1.02000 0.00431 0.00431 0.00431 0.00431 0.00431 0.00431 0.00431 0.00431 0.00431 0.00431
-1.01600 0.00434 0.00434 0.00434 0.00434 0.00434 0.00434 0.00434 0.00434 0.00434 0.00434
-1.01200 0.00436 0.00436 0.00436 0.00436 0.00436 0.00436 0.00436 0.00436 0.00436 0.00436
-1.00800 0.00439 0.00439 0.00439 0.00439 0.00439 0.00439 0.00439 0.00439 0.00439 0.00439
-1.00400 0.00442 0.00442 0.00442 0.00442 0.00442 0.00442 0.00442 0.00442 0.00442 0.00442
-1.00000 0.00444 0.00444 0.00444 0.00444 0.00444 0.00444 0.00444 0.00444 0.00444 0.00444
-0.99600 0.00447 0.00447 0.00447 0.00447 0.00447 0.00447 0.00447 0.00447 0.00447 0.00447
-0.99200 0.00450 0.00450 0.00450 0.00450 0.00450 0.00450 0.00450 0.00450 0.00450 0.00450
-0.98800 0.00453 0.00453 0.00453 0.00453 0.00453 0.00453 0.00453 0.00453 0.00453 0.00453
-0.98400 0.00456 0.00456 0.00456 0.00456 0.00456 0.00456 0.00456 0.00456 0.00456 0.00456
-0.98000 0.00459 0.00459 0.00459 0.00459 0.00459 0.00459 0.00459 0.00459 0.00459 0.00459
-0.97600 0.00462 0.00462 0.00462 0.00462 0.00462 0.00462 0.00462 0.00462 0.00462 0.00462
-0.97200 0.00465 0.00465 0.00465 0.00465 0.00465 0.00465 0.00465 0.00465 0.00465 0.00465
-0.96800 0.00468 0.00468 0.00468 0.00468 0.00468 0.00468 0.00468 0.00468 0.00468 0.00468
-0.96400 0.00471 0.00471 0.00471 0.00471 0.00471 0.00471 0.00471 0.00471 0.00471 0.00471
-0.96000 0.00474 0.00474 0.00474 0.00474 0.00474 0.00474 0.00474 0.00474 0.00474 0.00474
-0.95600 0.00477 0.00477 0.00477 0.00477 0.00477 0.00477 0.00477 0.00477 0.00477 0.00477
-0.95200 0.00480 0.00480 0.00480 0.00480 0.00480 0.00480 0.00480 0.00480 0.00480 0.00480
-0.94800 0.00483 0.00483 0.00483 0.00483 0.00483 0.00483 0.00483 0.00483 0.00483 0.00483
-0.94400 0.00487 0.00487 0.00487 0.00487 0.00487 0.00487 0.00487 0.00487 0.00487 0.00487
-0.94000 0.00490 0.00490 0.00490 0.00490 0.00490 0.00490 0.00490 0.00490 0.00490 0.00490
-0.93600 0.00493 0.00493 0.00493 0.00493 0.00493 0.00493 0.00493 0.00493 0.00493 0.00493
-0.93200 0.00497 0.00497 0.00497 0.00497 0.00497 0.00497 0.00497 0.00497 0.00497 0.00497
-0.92800 0.00500 0.00500 0.00500 0.00500 0.00500 0.00500 0.00500 0.00500 0.00500 0.00500
-0.92400 0.00504 0.00504 0.00504 0.00504 0.00504 0.00504 0.00504 0.00504 0.00504 0.00504
-0.92000 0.00507 0.00507 0.00507 0.00507 0.00507 0.00507 0.00507 0.00507 0.00507 0.00507
-0.91600 0.00511 0.00511 0.00511 0.00511 0.00511 0.00511 0.00511 0.00511 0.00511 0.00511
-0.91200 0.00515 0.00515 0.00515 0.00515 0.00515 0.00515 0.00515 0.00515 0.00515 0.00515
-0.90800 0.00518 0.00518 0.00518 0.00518 0.00518 0.00518 0.00518 0.00518 0.00518 0.00518
-0.90400 0.00522 0.00522 0.00522 0.00522 0.00522 0.00522 0.00522 0.00522 0.00522 0.00522
-0.90000 0.00526 0.00526 0.00526 0.00526 0.00526 0.00526 0.00526 0.00526 0.00526 0.00526
-0.89600 0.00530 0.00530 0.00530 0.00530 0.00530 0.00530 0.00530 0.00530 0.00530 0.00530
-0.89200 0.00533 0.00533 0.00533 0.00533 0.00533 0.00533 0.00533 0.00533 0.00533 0.00533
-0.88800 0.00537 0.00537 0.00537 0.00537 0.00537 0.00537 0.00537 0.00537 0.00537 0.00537
-0.88400 0.00541 0.00541 0.00541 0.00541 0.00541 0.00541 0.00541 0.00541 0.00541 0.00541
-0.88000 0.00545 0.00545 0.00545 0.00545 0.00545 0.00545 0.00545 0.00545 0.00545 0.00545
-0.87600 0.00549 0.00549 0.00549 0.00549 0.00549 0.00549 0.00549 0.00549 0.00549 0.00549
-0.87200 0.00553 0.00553 0.00553 0.00553 0.00553 0.00553 0.00553 0.00553 0.00553 0.00553
-0.86800 0.00558 0.00558 0.00558 0.00558 0.00558 0.00558 0.00558 0.00558 0.00558 0.00558
-0.86400 0.00562 0.00562 0.00562 0.00562 0.00562 0.00562 0.00562 0.00562 0.00562 0.00562
-0.86000 0.00566 0.00566 0.00566 0.00566 0.00566 0.00566 0.00566 0.00566 0.00566 0.00566
-0.85600 0.00570 0.00570 0.00570 0.00570 0.00570 0.00570 0.00570 0.00570 0.00570 0.00570
-0.85200 0.00575 0.00575 0.00575 0.00575 0.00575 0.00575 0.00575 0.00575 0.00575 0.00575
-0.84800 0.00579 0.00579 0.00579 0.00579 0.00579 0.00579 0.00579 0.00579 0.00579 0.00579
-0.84400 0.00584 0.00584 0.00584 0.00584 0.00584 0.00584 0.00584 0.00584 0.00584 0.00584
-0.84000 0.00588 0.00588 0.00588 0.00588 0.00588 0.00588 0.00588 0.00588 0.00588 0.00588
-0.83600 0.00593 0.00593 0.00593 0.00593 0.00593 0.00593 0.00593 0.00593 0.00593 0.00593
-0.83200 0.00598 0.00598 0.00598 0.00598 0.00598 0.00598 0.00598 0.00598 0.00598 0.00598
-0.82800 0.00602 0.00602 0.00602 0.00602 0.00602 0.00602 0.00602 0.00602 0.00602 0.00602
-0.82400 0.00607 0.00607 0.00607 0.00607 0.00607 0.00607 0.00607 0.00607 0.00607 0.00607
-0.82000 0.00612 0.00612 0.00612 0.00612 0.00612 0.00612 0.00612 0.00612 0.00612 0.00612
-0.81600 0.00617 0.00617 0.00617 0.00617 0.00617 0.00617 0.00617 0.00617 0.00617 0.00617
-0.81200 0.00622 0.00622 0.00622 0.00622 0.00622 0.00622 0.00622 0.00622 0.00622 0.00622
-0.80800 0.00627 0.00627 0.00627 0.00627 0.00627 0.00627 0.00627 0.00627 0.00627 0.00627
-0.80400 0.00632 0.00632 0.00632 0.00632 0.00632 0.00632 0.00632 0.00632 0.00632 0.00632
-0.80000 0.00637 0.00637 0.00637 0.00637 0.00637 0.00637 0.00637 0.00637 0.00637 0.00637
-0.79600 0.00643 0.00643 0.00643 0.00643 0.00643 0.00643 0.00643 0.00643 0.00643 0.00643
-0.79200 0.00648 0.00648 0.00648 0.00648 0.00648 0.00648 0.00648 0.00648 0.00648 0.00648
-0.78800 0.00653 0.00653 0.00653 0.00653 0.00653 0.00653 0.00653 0.00653 0.00653 0.00653
-0.78400 0.00659 0.00659 0.00659 0.00659 0.00659 0.00659 0.00659 0.00659 0.00659 0.00659
-0.78000 0.00664 0.00664 0.00664 0.00664 0.00664 0.00664 0.00664 0.00664 0.00664 0.00664
-0.77600 0.00670 0.00670 0.00670 0.00670 0.00670 0.00670 0.00670 0.00670 0.00670 0.00670
-0.77200 0.00676 0.00676 0.00676 0.00676 0.00676 0.00676 0.00676 0.00676 0.00676 0.00676
-0.76800 0.00681 0.00681 0.00681 0.00681 0.00681 0.00681 0.00681 0.00681 0.00681 0.00681
-0.76400 0.00687 0.00687 0.00687 0.00687 0.00687 0.00687 0.00687 0.00687 0.00687 0.00687
-0.76000 0.00693 0.00693 0.00693 0.00693 0.00693 0.00693 0.00693 0.00693 0.00693 0.00693
-0.75600 0.00699 0.00699 0.00699 0.00699 0.00699 0.00699 0.00699 0.00699 0.00699 0.00699
-0.75200 0.00705 0.00705 0.00705 0.00705 0.00705 0.00705 0.00705 0.00705 0.00705 0.00705
-0.74800 0.00712 0.00712 0.00712 0.00712 0.00712 0.00712 0.00712 0.00712 0.00712 0.00712
-0.74400 0.00718 0.00718 0.00718 0.00718 0.00718 0.00718 0.00718 0.00718 0.00718 0.00718
-0.74000 0.00724 0.00724 0.00724 0.00724 0.00724 0.00724 0.00724 0.00724 0.00724 0.00724
-0.73600 0.00731 0.00731 0.00731 0.00731 0.00731 0.00731 0.00731 0.00731 0.00731 0.00731
-0.73200 0.00737 0.00737 0.00737 0.00737 0.00737 0.00737 0.00737 0.00737 0.00737 0.00737
-0.72800 0.00744 0.00744 0.00744 0.00744 0.00744 0.00744 0.00744 0.00744 0.00744 0.00744
-0.72400 0.00751 0.00751 0.00751 0.00751 0.00751 0.00751 0.00751 0.00751 0.00751 0.00751
-0.72000 0.00758 0.00758 0.00758 0.00758 0.00758 0.00758 0.00758 0.00758 0.00758 0.00758
-0.71600 0.00765 0.00765 0.00765 0.00765 0.00765 0.00765 0.00765 0.00765 0.00765 0.00765
-0.71200 0.00772 0.00772 0.00772 0.00772 0.00772 0.00772 0.00772 0.00772 0.00772 0.00772
-0.70800 0.00779 0.00779 0.00779 0.00779 0.00779 0.00779 0.00779 0.00779 0.00779 0.00779
-0.70400 0.00786 0.00786 0.00786 0.00786 0.00786 0.00786 0.00786 0.00786 0.00786 0.00786
-0.70000 0.00793 0.00793 0.00793 0.00793 0.00793 0.00793 0.00793 0.00793 0.00793 0.00793
-0.69600 0.00801 0.00801 0.00801 0.00801 0.00801 0.00801 0.00801 0.00801 0.00801 0.00801
-0.69200 0.00809 0.00809 0.00809 0.00809 0.00809 0.00809 0.00809 0.00809 0.00809 0.00809
-0.68800 0.00816 0.00816 0.00816 0.00816 0.00816 0.00816 0.00816 0.00816 0.00816 0.00816
-0.68400 0.00824 0.00824 0.00824 0.00824 0.00824 0.00824 0.00824 0.00824 0.00824 0.00824
-0.68000 0.00832 0.00832 0.00832 0.00832 0.00832 0.00832 0.00832 0.00832 0.00832 0.00832
-0.67600 0.00840 0.00840 0.00840 0.00840 0.00840 0.00840 0.00840 0.00840 0.00840 0.00840
-0.67200 0.00848 0.00848 0.00848 0.00848 0.00848 0.00848 0.00848 0.00848 0.00848 0.00848
-0.66800 0.00857 0.00857 0.00857 0.00857 0.00857 0.00857 0.00857 0.00857 0.00857 0.00857
-0.66400 0.00865 0.00865 0.00865 0.00865 0.00865 0.00865 0.00865 0.00865 0.00865 0.00865
-0.66000 0.00874 0.00874 0.00874 0.00874 0.00874 0.00874 0.00874 0.00874 0.00874 0.00874
-0.65600 0.00882 0.00882 0.00882 0.00882 0.00882 0.00882 0.00882 0.00882 0.00882 0.00882
-0.65200 0.00891 0.00891 0.00891 0.00891 0.00891 0.00891 0.00891 0.00891 0.00891 0.00891
-0.64800 0.00900 0.00900 0.00900 0.00900 0.00900 0.00900 0.00900 0.00900 0.00900 0.00900
-0.64400 0.00909 0.00909 0.00909 0.00909 0.00909 0.00909 0.00909 0.00909 0.00909 0.00909
-0.64000 0.00919 0.00919 0.00919 0.00919 0.00919 0.00919 0.00919 0.00919 0.00919 0.00919
-0.63600 0.00928 0.00928 0.00928 0.00928 0.00928 0.00928 0.00928 0.00928 0.00928 0.00928
-0.63200 0.00938 0.00938 0.00938 0.00938 0.00938 0.00938 0.00938 0.00938 0.00938 0.00938
-0.62800 0.00947 0.00947 0.00947 0.00947 0.00947 0.00947 0.00947 0.00947 0.00947 0.00947
-0.62400 0.00957 0.00957 0.00957 0.00957 0.00957 0.00957 0.00957 0.00957 0.00957 0.00957
-0.62000 0.00967 0.00967 0.00967 0.00967 0.00967 0.00967 0.00967 0.00967 0.00967 0.00967
-0.61600 0.00978 0.00978 0.00978 0.00978 0.00978 0.00978 0.00978 0.00978 0.00978 0.00978
-0.61200 0.00988 0.00988 0.00988 0.00988 0.00988 0.00988 0.00988 0.00988 0.00988 0.00988
-0.60800 0.00999 0.00999 0.00999 0.00999 0.00999 0.00999 0.00999 0.00999 0.00999 0.00999
-0.60400 0.01009 0.01009 0.01009 0.01009 0.01009 0.01009 0.01009 0.01009 0.01009 0.01009
-0.60000 0.01020 0.01020 0.01020 0.01020 0.01020 0.01020 0.01020 0.01020 0.01020 0.01020
-0.59600 0.01032 0.01032 0.01032 0.01032 0.01032 0.01032 0.01032 0.01032 0.01032 0.01032
-0.59200 0.01043 0.01043 0.01043 0.01043 0.01043 0.01043 0.01043 0.01043 0.01043 0.01043
-0.58800 0.01054 0.01054 0.01054 0.01054 0.01054 0.01054 0.01054 0.01054 0.01054 0.01054
-0.58400 0.01066 0.01066 0.01066 0.01066 0.01066 0.01066 0.01066 0.01066 0.01066 0.01066
-0.58000 0.01078 0.01078 0.01078 0.01078 0.01078 0.01078 0.01078 0.01078 0.01078 0.01078
-0.57600 0.01090 0.01090 0.01090 0.01090 0.01090 0.01090 0.01090 0.01090 0.01090 0.01090
-0.57200 0.01102 0.01102 0.01102 0.01102 0.01102 0.01102 0.01102 0.01102 0.01102 0.01102
-0.56800 0.01115 0.01115 0.01115 0.01115 0.01115 0.01115 0.01115 0.01115 0.01115 0.01115
-0.56400 0.01128 0.01128 0.01128 0.01128 0.01128 0.01128 0.01128 0.01128 0.01128 0.01128
-0.56000 0.01141 0.01141 0.01141 0.01141 0.01141 0.01141 0.01141 0.01141 0.01141 0.01141
-0.55600 0.01154 0.01154 0.01154 0.01154 0.01154 0.01154 0.01154 0.01154 0.01154 0.01154
-0.55200 0.01168 0.01168 0.01168 0.01168 0.01168 0.01168 0.01168 0.01168 0.01168 0.01168
-0.54800 0.01181 0.01181 0.01181 0.01181 0.01181 0.01181 0.01181 0.01181 0.01181 0.01181
-0.54400 0.01195 0.01195 0.01195 0.01195 0.01195 0.01195 0.01195 0.01195 0.01195 0.01195
-0.54000 0.01210 0.01210 0.01210 0.01210 0.01210 0.01210 0.01210 0.01210 0.01210 0.01210
-0.53600 0.01224 0.01224 0.01224 0.01224 0.01224 0.01224 0.01224 0.01224 0.01224 0.01224
-0.53200 0.01239 0.01239 0.01239 0.01239 0.01239 0.01239 0.01239 0.01239 0.01239 0.01239
-0.52800 0.01254 0.01254 0.01254 0.01254 0.01254 0.01254 0.01254 0.01254 0.01254 0.01254
-0.52400 0.01269 0.01269 0.01269 0.01269 0.01269 0.01269 0.01269 0.01269 0.01269 0.01269
-0.52000 0.01285 0.01285 0.01285 0.01285 0.01285 0.01285 0.01285 0.01285 0.01285 0.01285
-0.51600 0.01301 0.01301 0.01301 0.01301 0.01301 0.01301 0.01301 0.01301 0.01301 0.01301
-0.51200 0.01317 0.01317 0.01317 0.01317 0.01317 0.01317 0.01317 0.01317 0.01317 0.01317
-0.50800 0.01334 0.01334 0.01334 0.01334 0.01334 0.01334 0.01334 0.01334 0.01334 0.01334
-0.50400 0.01351 0.01351 0.01351 0.01351 0.01351 0.01351 0.01351 0.01351 0.01351 0.01351
-0.50000 0.01368 0.01368 0.01368 0.01368 0.01368 0.01368 0.01368 0.01368 0.01368 0.01368
-0.49600 0.01386 0.01386 0.01386 0.01386 0.01386 0.01386 0.01386 0.01386 0.01386 0.01386
-0.49200 0.01404 0.01404 0.01404 0.01404 0.01404 0.01404 0.01404 0.01404 0.01404 0.01404
-0.48800 0.01422 0.01422 0.01422 0.01422 0.01422 0.01422 0.01422 0.01422 0.01422 0.01422
-0.48400 0.01441 0.01441 0.01441 0.01441 0.01441 0.01441 0.01441 0.01441 0.01441 0.01441
-0.48000 0.01460 0.01460 0.01460 0.01460 0.01460 0.01460 0.01460 0.01460 0.01460 0.01460
-0.47600 0.01479 0.01479 0.01479 0.01479 0.01479 0.01479 0.01479 0.01479 0.01479 0.01479
-0.47200 0.01499 0.01499 0.01499 0.01499 0.01499 0.01499 0.01499 0.01499 0.01499 0.01499
-0.46800 0.01519 0.01519 0.01519 0.01519 0.01519 0.01519 0.01519 0.01519 0.01519 0.01519
-0.46400 0.01540 0.01540 0.01540 0.01540 0.01540 0.01540 0.01540 0.01540 0.01540 0.01540
-0.46000 0.01561 0.01561 0.01561 0.01561 0.01561 0.01561 0.01561 0.01561 0.01561 0.01561
-0.45600 0.01583 0.01583 0.01583 0.01583 0.01583 0.01583 0.01583 0.01583 0.01583 0.01583
-0.45200 0.01605 0.01605 0.01605 0.01605 0.01605 0.01605 0.01605 0.01605 0.01605 0.01605
-0.44800 0.01628 0.01628 0.01628 0.01628 0.01628 0.01628 0.01628 0.01628 0.01628 0.01628
-0.44400 0.01651 0.01651 0.01651 0.01651 0.01651 0.01651 0.01651 0.01651 0.01651 0.01651
-0.44000 0.01674 0.01674 0.01674 0.01674 0.01674 0.01674 0.01674 0.01674 0.01674 0.01674
-0.43600 0.01698 0.01698 0.01698 0.01698 0.01698 0.01698 0.01698 0.01698 0.01698 0.01698
-0.43200 0.01723 0.01723 0.01723 0.01723 0.01723 0.01723 0.01723 0.01723 0.01723 0.01723
-0.42800 0.01748 0.01748 0.01748 0.01748 0.01748 0.01748 0.01748 0.01748 0.01748 0.01748
-0.42400 0.01774 0.01774 0.01774 0.01774 0.01774 0.01774 0.01774 0.01774 0.01774 0.01774
-0.42000 0.01800 0.01800 0.01800 0.01800 0.01800 0.01800 0.01800 0.01800 0.01800 0.01800
-0.41600 0.01827 0.01827 0.01827 0.01827 0.01827 0.01827 0.01827 0.01827 0.01827 0.01827
-0.41200 0.01855 0.01855 0.01855 0.01855 0.01855 0.01855 0.01855 0.01855 0.01855 0.01855
-0.40800 0.01883 0.01883 0.01883 0.01883 0.01883 0.01883 0.01883 0.01883 0.01883 0.01883
-0.40400 0.01912 0.01912 0.01912 0.01912 0.01912 0.01912 0.01912 0.01912 0.01912 0.01912
-0.40000 0.01942 0.01942 0.01942 0.01942 0.01942 0.01942 0.01942 0.01942 0.01942 0.01942
-0.39600 0.01972 0.01972 0.01972 0.01972 0.01972 0.01972 0.01972 0.01972 0.01972 0.01972
-0.39200 0.02003 0.02003 0.02003 0.02003 0.02003 0.02003 0.02003 0.02003 0.02003 0.02003
-0.38800 0.02035 0.02035 0.02035 0.02035 0.02035 0.02035 0.02035 0.02035 0.02035 0.02035
-0.38400 0.02068 0.02068 0.02068 0.02068 0.02068 0.02068 0.02068 0.02068 0.02068 0.02068
-0.38000 0.02102 0.02102 0.02102 0.02102 0.02102 0.02102 0.02102 0.02102 0.02102 0.02102
-0.37600 0.02136 0.02136 0.02136 0.02136 0.02136 0.02136 0.02136 0.02136 0.02136 0.02136
-0.37200 0.02171 0.02171 0.02171 0.02171 0.02171 0.02171 0.02171 0.02171 0.02171 0.02171
-0.36800 0.02207 0.02207 0.02207 0.02207 0.02207 0.02207 0.02207 0.02207 0.02207 0.02207
-0.36400 0.02244 0.02244 0.02244 0.02244 0.02244 0.02244 0.02244 0.02244 0.02244 0.02244
-0.36000 0.02283 0.02283 0.02283 0.02283 0.02283 0.02283 0.02283 0.02283 0.02283 0.02283
-0.35600 0.02322 0.02322 0.02322 0.02322 0.02322 0.02322 0.02322 0.02322 0.02322 0.02322
-0.35200 0.02362 0.02362 0.02362 0.02362 0.02362 0.02362 0.02362 0.02362 0.02362 0.02362
-0.34800 0.02403 0.02403 0.02403 0.02403 0.02403 0.02403 0.02403 0.02403 0.02403 0.02403
-0.34400 0.02445 0.02445 0.02445 0.02445 0.02445 0.02445 0.02445 0.02445 0.02445 0.02445
-0.34000 0.02489 0.02489 0.02489 0.02489 0.02489 0.02489 0.02489 0.02489 0.02489 0.02489
-0.33600 0.02534 0.02534 0.02534 0.02534 0.02534 0.02534 0.02534 0.02534 0.02534 0.02534
-0.33200 0.02580 0.02580 0.02580 0.02580 0.02580 0.02580 0.02580 0.02580 0.02580 0.02580
-0.32800 0.02627 0.02627 0.02627 0.02627 0.02627 0.02627 0.02627 0.02627 0.02627 0.02627
-0.32400 0.02676 0.02676 0.02676 0.02676 0.02676 0.02676 0.02676 0.02676 0.02676 0.02676
-0.32000 0.02726 0.02726 0.02726 0.02726 0.02726 0.02726 0.02726 0.02726 0.02726 0.02726
-0.31600 0.02777 0.02777 0.02777 0.02777 0.02777 0.02777 0.02777 0.02777 0.02777 0.02777
-0.31200 0.02830 0.02830 0.02830 0.02830 0.02830 0.02830 0.02830 0.02830 0.02830 0.02830
-0.30800 0.02885 0.02885 0.02885 0.02885 0.02885 0.02885 0.02885 0.02885 0.02885 0.02885
-0.30400 0.02941 0.02941 0.02941 0.02941 0.02941 0.02941 0.02941 0.02941 0.02941 0.02941
-0.30000 0.02999 0.02999 0.02999 0.02999 0.02999 0.02999 0.02999 0.02999 0.02999 0.02999
-0.29600 0.03059 0.03059 0.03059 0.03059 0.03059 0.03059 0.03059 0.03059 0.03059 0.03059
-0.29200 0.03121 0.03121 0.03121 0.03121 0.03121 0.03121 0.03121 0.03121 0.03121 0.03121
-0.28800 0.03184 0.03184 0.03184 0.03184 0.03184 0.03184 0.03184 0.03184 0.03184 0.03184
-0.28400 0.03250 0.03250 0.03250 0.03250 0.03250 0.03250 0.03250 0.03250 0.03250 0.03250
-0.28000 0.03318 0.03318 0.03318 0.03318 0.03318 0.03318 0.03318 0.03318 0.03318 0.03318
-0.27600 0.03388 0.03388 0.03388 0.03388 0.03388 0.03388 0.03388 0.03388 0.03388 0.03388
-0.27200 0.03460 0.03460 0.03460 0.03460 0.03460 0.03460 0.03460 0.03460 0.03460 0.03460
-0.26800 0.03535 0.03535 0.03535 0.03535 0.03535 0.03535 0.03535 0.03535 0.03535 0.03535
-0.26400 0.03612 0.03612 0.03612 0.03612 0.03612 0.03612 0.03612 0.03612 0.03612 0.03612
-0.26000 0.03692 0.03692 0.03692 0.03692 0.03692 0.03692 0.03692 0.03692 0.03692 0.03692
-0.25600 0.03775 0.03775 0.03775 0.03775 0.03775 0.03775 0.03775 0.03775 0.03775 0.03775
-0.25200 0.03860 0.03860 0.03860 0.03860 0.03860 0.03860 0.03860 0.03860 0.03860 0.03860
-0.24800 0.03949 0.03949 0.03949 0.03949 0.03949 0.03949 0.03949 0.03949 0.03949 0.03949
-0.24400 0.04041 0.04041 0.04041 0.04041 0.04041 0.04041 0.04041 0.04041 0.04041 0.04041
-0.24000 0.04136 0.04136 0.04136 0.04136 0.04136 0.04136 0.04136 0.04136 0.04136 0.04136
-0.23600 0.04235 0.04235 0.04235 0.04235 0.04235 0.04235 0.04235 0.04235 0.04235 0.04235
-0.23200 0.04337 0.04337 0.04337 0.04337 0.04337 0.04337 0.04337 0.04337 0.04337 0.04337
-0.22800 0.04443 0.04443 0.04443 0.04443 0.04443 0.04443 0.04443 0.04443 0.04443 0.04443
-0.22400 0.04554 0.04554 0.04554 0.04554 0.04554 0.04554 0.04554 0.04554 0.04554 0.04554
-0.22000 0.04668 0.04668 0.04668 0.04668 0.04668 0.04668 0.04668 0.04668 0.04668 0.04668
-0.21600 0.04787 0.04787 0.04787 0.04787 0.04787 0.04787 0.04787 0.04787 0.04787 0.04787
-0.21200 0.04911 0.04911 0.04911 0.04911 0.04911 0.04911 0.04911 0.04911 0.04911 0.04911
-0.20800 0.05040 0.05040 0.05040 0.05040 0.05040 0.05040 0.05040 0.05040 0.05040 0.05040
-0.20400 0.05175 0.05175 0.05175 0.05175 0.05175 0.05175 0.05175 0.05175 0.05175 0.05175
-0.20000 0.05315 0.05315 0.05315 0.05315 0.05315 0.05315 0.05315 0.05315 0.05315 0.05315
-0.19600 0.05460 0.05460 0.05460 0.05460 0.05460 0.05460 0.05460 0.05460 0.05460 0.05460
-0.19200 0.05613 0.05613 0.05613 0.05613 0.05613 0.05613 0.05613 0.05613 0.05613 0.05613
-0.18800 0.05771 0.05771 0.05771 0.05771 0.05771 0.05771 0.05771 0.05771 0.05771 0.05771
-0.18400 0.05937 0.05937 0.05937 0.05937 0.05937 0.05937 0.05937 0.05937 0.05937 0.05937
-0.18000 0.06111 0.06111 0.06111 0.06111 0.06111 0.06111 0.06111 0.06111 0.06111 0.06111
-0.17600 0.06292 0.06292 0.06292 0.06292 0.06292 0.06292 0.06292 0.06292 0.06292 0.06292
-0.17200 0.06481 0.06481 0.06481 0.06481 0.06481 0.06481 0.06481 0.06481 0.06481 0.06481
-0.16800 0.06680 0.06680 0.06680 0.06680 0.06680 0.06680 0.06680 0.06680 0.06680 0.06680
-0.16400 0.06888 0.06888 0.06888 0.06888 0.06888 0.06888 0.06888 0.06888 0.06888 0.06888
-0.16000 0.07107 0.07107 0.07107 0.07107 0.07107 0.07107 0.07107 0.07107 0.07107 0.07107
-0.15600 0.07336 0.07336 0.07336 0.07336 0.07336 0.07336 0.07336 0.07336 0.07336 0.07336
-0.15200 0.07577 0.07577 0.07577 0.07577 0.07577 0.07577 0.07577 0.07577 0.07577 0.07577
-0.14800 0.07830 0.07830 0.07830 0.07830 0.07830 0.07830 0.07830 0.07830 0.07830 0.07830
-0.14400 0.08097 0.08097 0.08097 0.08097 0.08097 0.08097 0.08097 0.08097 0.08097 0.08097
-0.14000 0.08377 0.08377 0.08377 0.08377 0.08377 0.08377 0.08377 0.08377 0.08377 0.08377
-0.13600 0.08673 0.08673 0.08673 0.08673 0.08673 0.08673 0.08673 0.08673 0.08673 0.08673
-0.13200 0.08986 0.08986 0.08986 0.08986 0.08986 0.08986 0.08986 0.08986 0.08986 0.08986
-0.12800 0.09316 0.09316 0.09316 0.09316 0.09316 0.09316 0.09316 0.09316 0.09316 0.09316
-0.12400 0.09665 0.09665 0.09665 0.09665 0.09665 0.09665 0.09665 0.09665 0.09665 0.09665
-0.12000 0.10035 0.10035 0.10035 0.10035 0.10035 0.10035 0.10035 0.10035 0.10035 0.10035
-0.11600 0.10427 0.10427 0.10427 0.10427 0.10427 0.10427 0.10427 0.10427 0.10427 0.10427
-0.11200 0.10843 0.10843 0.10843 0.10843 0.10843 0.10843 0.10843 0.10843 0.10843 0.10843
-0.10800 0.11285 0.11285 0.11285 0.11285 0.11285 0.11285 0.11285 0.11285 0.11285 0.11285
-0.10400 0.11755 0.11755 0.11755 0.11755 0.11755 0.11755 0.11755 0.11755 0.11755 0.11755
-0.10000 0.12256 0.12256 0.12256 0.12256 0.12256 0.12256 0.12256 0.12256 0.12256 0.12256
-0.09600 0.12790 0.12790 0.12790 0.12790 0.12790 0.12790 0.12790 0.12790 0.12790 0.12790
-0.09200 0.13361 0.13361 0.13361 0.13361 0.13361 0.13361 0.13361 0.13361 0.13361 0.13361
-0.08800 0.13972 0.13972 0.13972 0.13972 0.13972 0.13972 0.13972 0.13972 0.13972 0.13972
-0.08400 0.14626 0.14626 0.14626 0.14626 0.14626 0.14626 0.14626 0.14626 0.14626 0.14626
-0.08000 0.15329 0.15329 0.15329 0.15329 0.15329 0.15329 0.15329 0.15329 0.15329 0.15329
-0.07600 0.16085 0.16085 0.16085 0.16085 0.16085 0.16085 0.16085 0.16085 0.16085 0.16085
-0.07200 0.16899 0.16899 0.16899 0.16899 0.16899 0.16899 0.16899 0.16899 0.16899 0.16899
-0.06800 0.17777 0.17777 0.17777 0.17777 0.17777 0.17777 0.17777 0.17777 0.17777 0.17777
-0.06400 0.18727 0.18727 0.18727 0.18727 0.18727 0.18727 0.18727 0.18727 0.18727 0.18727
-0.06000 0.19757 0.19757 0.19757 0.19757 0.19757 0.19757 0.19757 0.19757 0.19757 0.19757
-0.05600 0.20875 0.20875 0.20875 0.20875 0.20875 0.20875 0.20875 0.20875 0.20875 0.20875
-0.05200 0.22093 0.22093 0.22093 0.22093 0.22093 0.22093 0.22093 0.22093 0.22093 0.22093
-0.04800 0.23421 0.23421 0.23421 0.23421 0.23421 0.23421 0.23421 0.23421 0.23421 0.23421
-0.04400 0.24875 0.24875 0.24875 0.24875 0.24875 0.24875 0.24875 0.24875 0.24875 0.24875
-0.04000 0.26470 0.26470 0.26470 0.26470 0.26470 0.26470 0.26470 0.26470 0.26470 0.26470
-0.03600 0.28225 0.28225 0.28225 0.28225 0.28225 0.28225 0.28225 0.28225 0.28225 0.28225
-0.03200 0.30162 0.30162 0.30162 0.30162 0.30162 0.30162 0.30162 0.30162 0.30162 0.30162
-0.02800 0.32307 0.32307 0.32307 0.32307 0.32307 0.32307 0.32307 0.32307 0.32307 0.32307
-0.02400 0.34691 0.34691 0.34691 0.34691 0.34691 0.34691 0.34691 0.34691 0.34691 0.34691
-0.02000 0.37350 0.37350 0.37350 0.37350 0.37350 0.37350 0.37350 0.37350 0.37350 0.37350
-0.01600 0.40326 0.40326 0.40326 0.40326 0.40326 0.40326 0.40326 0.40326 0.40326 0.40326
-0.01200 0.43674 0.43674 0.43674 0.43674 0.43674 0.43674 0.43674 0.43674 0.43674 0.43674
-0.00800 0.47455 0.47455 0.47455 0.47455 0.47455 0.47455 0.47455 0.47455 0.47455 0.47455
-0.00400 0.51747 0.51747 0.51747 0.51747 0.51747 0.51747 0.51747 0.51747 0.51747 0.51747
0.00000 0.56644 0.56644 0.56644 0.56644 0.56644 0.56644 0.56644 0.56644 0.56644 0.56644
0.00400 0.62263 0.62263 0.62263 0.62263 0.62263 0.62263 0.62263 0.62263 0.62263 0.62263
0.00800 0.68749 0.68749 0.68749 0.68749 0.68749 0.68749 0.68749 0.68749 0.68749 0.68749
0.01200 0.76285 0.76285 0.76285 0.76285 0.76285 0.76285 0.76285 0.76285 0.76285 0.76285
0.01600 0.85102 0.85102 0.85102 0.85102 0.85102 0.85102 0.85102 0.85102 0.85102 0.85102
0.02000 0.95495 0.95495 0.95495 0.95495 0.95495 0.95495 0.95495 0.95495 0.95495 0.95495
0.02400 1.07845 1.07845 1.07845 1.07845 1.07845 1.07845 1.07845 1.07845 1.07845 1.07845
0.02800 1.22649 1.22649 1.22649 1.22649 1.22649 1.22649 1.22649 1.22649 1.22649 1.22649
0.03200 1.40556 1.40556 1.40556 1.40556 1.40556 1.40556 1.40556 1.40556 1.40556 1.40556
0.03600 1.62426 1.62426 1.62426 1.62426 1.62426 1.62426 1.62426 1.62426 1.62426 1.62426
0.04000 1.89396 1.89396 1.89396 1.89396 1.89396 1.89396 1.89396 1.89396 1.89396 1.89396
0.04400 2.22975 2.22975 2.22975 2.22975 2.22975 2.22975 2.22975 2.22975 2.22975 2.22975
0.04800 2.65141 2.65141 2.65141 2.65141 2.65141 2.65141 2.65141 2.65141 2.65141 2.65141
0.05200 3.18413 3.18413 3.18413 3.18413 3.18413 3.18413 3.18413 3.18413 3.18413 3.18413
0.05600 3.85786 3.85786 3.85786 3.85786 3.85786 3.85786 3.85786 3.85786 3.85786 3.85786
0.06000 4.70268 4.70268 4.70268 4.70268 4.70268 4.70268 4.70268 4.70268 4.70268 4.70268
0.06400 5.73452 5.73452 5.73452 5.73452 5.73452 5.73452 5.73452 5.73452 5.73452 5.73452
0.06800 6.92303 6.92303 6.92303 6.92303 6.92303 6.92303 6.92303 6.92303 6.92303 6.92303
0.07200 8.14004 8.14004 8.14004 8.14004 8.14004 8.14004 8.14004 8.14004 8.14004 8.14004
0.07600 9.12348 9.12348 9.12348 9.12348 9.12348 9.12348 9.12348 9.12348 9.12348 9.12348
0.08000 9.54873 9.54873 9.54873 9.54873 9.54873 9.54873 9.54873 9.54873 9.54873 9.54873
0.08400 9.24153 9.24153 9.24153 9.24153 9.24153 9.24153 9.24153 9.24153 9.24153 9.24153
0.08800 8.33007 8.33007 8.33007 8.33007 8.33007 8.33007 8.33007 8.33007 8.33007 8.33007
0.09200 7.13093 7.13093 7.13093 7.13093 7.13093 7.13093 7.13093 7.13093 7.13093 7.13093
0.09600 5.92591 5.92591 5.92591 5.92591 5.92591 5.92591 5.92591 5.92591 5.92591 5.92591
0.10000 4.86454 4.86454 4.86454 4.86454 4.86454 4.86454 4.86454 4.86454 4.86454 4.86454
0.10400 3.98954 3.98954 3.98954 3.98954 3.98954 3.98954 3.98954 3.98954 3.98954 3.98954
0.10800 3.28987 3.28987 3.28987 3.28987 3.28987 3.28987 3.28987 3.28987 3.28987 3.28987
0.11200 2.73645 2.73645 2.73645 2.73645 2.73645 2.73645 2.73645 2.73645 2.73645 2.73645
0.11600 2.29881 2.29881 2.29881 2.29881 2.29881 2.29881 2.29881 2.29881 2.29881 2.29881
0.12000 1.95085 1.95085 1.95085 1.95085 1.95085 1.95085 1.95085 1.95085 1.95085 1.95085
0.12400 1.67194 1.67194 1.67194 1.67194 1.67194 1.67194 1.67194 1.67194 1.67194 1.67194
0.12800 1.44628 1.44628 1.44628 1.44628 1.44628 1.44628 1.44628 1.44628 1.44628 1.44628
0.13200 1.26192 1.26192 1.26192 1.26192 1.26192 1.26192 1.26192 1.26192 1.26192 1.26192
0.13600 1.10988 1.10988 1.10988 1.10988 1.10988 1.10988 1.10988 1.10988 1.10988 1.10988
0.14000 0.98335 0.98335 0.98335 0.98335 0.98335 0.98335 0.98335 0.98335 0.98335 0.98335
0.14400 0.87714 0.87714 0.87714 0.87714 0.87714 0.87714 0.87714 0.87714 0.87714 0.87714
0.14800 0.78728 0.78728 0.78728 0.78728 0.78728 0.78728 0.78728 0.78728 0.78728 0.78728
0.15200 0.71069 0.71069 0.71069 0.71069 0.71069 0.71069 0.71069 0.71069 0.71069 0.71069
0.15600 0.64496 0.64496 0.64496 0.64496 0.64496 0.64496 0.64496 0.64496 0.64496 0.64496
0.16000 0.58819 0.58819 0.58819 0.58819 0.58819 0.58819 0.58819 0.58819 0.58819 0.58819
0.16400 0.53889 0.53889 0.53889 0.53889 0.53889 0.53889 0.53889 0.53889 0.53889 0.53889
0.16800 0.49583 0.49583 0.49583 0.49583 0.49583 0.49583 0.49583 0.49583 0.49583 0.49583
0.17200 0.45804 0.45804 0.45804 0.45804 0.45804 0.45804 0.45804 0.45804 0.45804 0.45804
0.17600 0.42474 0.42474 0.42474 0.42474 0.42474 0.42474 0.42474 0.42474 0.42474 0.42474
0.18000 0.39526 0.39526 0.39526 0.39526 0.39526 0.39526 0.39526 0.39526 0.39526 0.39526
0.18400 0.36908 0.36908 0.36908 0.36908 0.36908 0.36908 0.36908 0.36908 0.36908 0.36908
0.18800 0.34574 0.34574 0.34574 0.34574 0.34574 0.34574 0.34574 0.34574 0.34574 0.34574
0.19200 0.32488 0.32488 0.32488 0.32488 0.32488 0.32488 0.32488 0.32488 0.32488 0.32488
0.19600 0.30617 0.30617 0.30617 0.30617 0.30617 0.30617 0.30617 0.30617 0.30617 0.30617
0.20000 0.28937 0.28937 0.28937 0.28937 0.28937 0.28937 0.28937 0.28937 0.28937 0.28937
0.20400 0.27424 0.27424 0.27424 0.27424 0.27424 0.27424 0.27424 0.27424 0.27424 0.27424
0.20800 0.26059 0.26059 0.26059 0.26059 0.26059 0.26059 0.26059 0.26059 0.26059 0.26059
0.21200 0.24826 0.24826 0.24826 0.24826 0.24826 0.24826 0.24826 0.24826 0.24826 0.24826
0.21600 0.23712 0.23712 0.23712 0.23712 0.23712 0.23712 0.23712 0.23712 0.23712 0.23712
0.22000 0.22703 0.22703 0.22703 0.22703 0.22703 0.22703 0.22703 0.22703 0.22703 0.22703
0.22400 0.21791 0.21791 0.21791 0.21791 0.21791 0.21791 0.21791 0.21791 0.21791 0.21791
0.22800 0.20965 0.20965 0.20965 0.20965 0.20965 0.20965 0.20965 0.20965 0.20965 0.20965
0.23200 0.20219 0.20219 0.20219 0.20219 0.20219 0.20219 0.20219 0.20219 0.20219 0.20219
0.23600 0.19545 0.19545 0.19545 0.19545 0.19545 0.19545 0.19545 0.19545 0.19545 0.19545
0.24000 0.18938 0.18938 0.18938 0.18938 0.18938 0.18938 0.18938 0.18938 0.18938 0.18938
0.24400 0.18393 0.18393 0.18393 0.18393 0.18393 0.18393 0.18393 0.18393 0.18393 0.18393
0.24800 0.17905 0.17905 0.17905 0.17905 0.17905 0.17905 0.17905 0.17905 0.17905 0.17905
0.25200 0.17471 0.17471 0.17471 0.17471 0.17471 0.17471 0.17471 0.17471 0.17471 0.17471
0.25600 0.17087 0.17087 0.17087 0.17087 0.17087 0.17087 0.17087 0.17087 0.17087 0.17087
0.26000 0.16752 0.16752 0.16752 0.16752 0.16752 0.16752 0.16752 0.16752 0.16752 0.16752
0.26400 0.16462 0.16462 0.16462 0.16462 0.16462 0.16462 0.16462 0.16462 0.16462 0.16462
0.26800 0.16216 0.16216 0.16216 0.16216 0.16216 0.16216 0.16216 0.16216 0.16216 0.16216
0.27200 0.16013 0.16013 0.16013 0.16013 0.16013 0.16013 0.16013 0.16013 0.16013 0.16013
0.27600 0.15851 0.15851 0.15851 0.15851 0.15851 0.15851 0.15851 0.15851 0.15851 0.15851
0.28000 0.15730 0.15730 0.15730 0.15730 0.15730 0.15730 0.15730 0.15730 0.15730 0.15730
0.28400 0.15649 0.15649 0.15649 0.15649 0.15649 0.15649 0.15649 0.15649 0.15649 0.15649
0.28800 0.15609 0.15609 0.15609 0.15609 0.15609 0.15609 0.15609 0.15609 0.15609 0.15609
0.29200 0.15610 0.15610 0.15610 0.15610 0.15610 0.15610 0.15610 0.15610 0.15610 0.15610
0.29600 0.15652 0.15652 0.15652 0.15652 0.15652 0.15652 0.15652 0.15652 0.15652 0.15652
0.30000 0.15737 0.15737 0.15737 0.15737 0.15737 0.15737 0.15737 0.15737 0.15737 0.15737
0.30400 0.15866 0.15866 0.15866 0.15866 0.15866 0.15866 0.15866 0.15866 0.15866 0.15866
0.30800 0.16042 0.16042 0.16042 0.16042 0.16042 0.16042 0.16042 0.16042 0.16042 0.16042
0.31200 0.16266 0.16266 0.16266 0.16266 0.16266 0.16266 0.16266 0.16266 0.16266 0.16266
0.31600 0.16541 0.16541 0.16541 0.16541 0.16541 0.16541 0.16541 0.16541 0.16541 0.16541
0.32000 0.16872 0.16872 0.16872 0.16872 0.16872 0.16872 0.16872 0.16872 0.16872 0.16872
0.32400 0.17262 0.17262 0.17262 0.17262 0.17262 0.17262 0.17262 0.17262 0.17262 0.17262
0.32800 0.17717 0.17717 0.17717 0.17717 0.17717 0.17717 0.17717 0.17717 0.17717 0.17717
0.33200 0.18243 0.18243 0.18243 0.18243 0.18243 0.18243 0.18243 0.18243 0.18243 0.18243
0.33600 0.18847 0.18847 0.18847 0.18847 0.18847 0.18847 0.18847 0.18847 0.18847 0.18847
0.34000 0.19538 0.19538 0.19538 0.19538 0.19538 0.19538 0.19538 0.19538 0.19538 0.19538
0.34400 0.20324 0.20324 0.20324 0.20324 0.20324 0.20324 0.20324 0.20324 0.20324 0.20324
0.34800 0.21220 0.21220 0.21220 0.21220 0.21220 0.21220 0.21220 0.21220 0.21220 0.21220
0.35200 0.22238 0.22238 0.22238 0.22238 0.22238 0.22238 0.22238 0.22238 0.22238 0.22238
0.35600 0.23395 0.23395 0.23395 0.23395 0.23395 0.23395 0.23395 0.23395 0.23395 0.23395
0.36000 0.24713 0.24713 0.24713 0.24713 0.24713 0.24713 0.24713 0.24713 0.24713 0.24713
0.36400 0.26214 0.26214 0.26214 0.26214 0.26214 0.26214 0.26214 0.26214 0.26214 0.26214
0.36800 0.27928 0.27928 0.27928 0.27928 0.27928 0.27928 0.27928 0.27928 0.27928 0.27928
0.37200 0.29892 0.29892 0.29892 0.29892 0.29892 0.29892 0.29892 0.29892 0.29892 0.29892
0.37600 0.32148 0.32148 0.32148 0.32148 0.32148 0.32148 0.32148 0.32148 0.32148 0.32148
0.38000 0.34751 0.34751 0.34751 0.34751 0.34751 0.34751 0.34751 0.34751 0.34751 0.34751
0.38400 0.37768 0.37768 0.37768 0.37768 0.37768 0.37768 0.37768 0.37768 0.37768 0.37768
0.38800 0.41282 0.41282 0.41282 0.41282 0.41282 0.41282 0.41282 0.41282 0.41282 0.41282
0.39200 0.45399 0.45399 0.45399 0.45399 0.45399 0.45399 0.45399 0.45399 0.45399 0.45399
0.39600 0.50253 0.50253 0.50253 0.50253 0.50253 0.50253 0.50253 0.50253 0.50253 0.50253
0.40000 0.56017 0.56017 0.56017 0.56017 0.56017 0.56017 0.56017 0.56017 0.56017 0.56017
0.40400 0.62913 0.62913 0.62913 0.62913 0.62913 0.62913 0.62913 0.62913 0.62913 0.62913
0.40800 0.71232 0.71232 0.71232 0.71232 0.71232 0.71232 0.71232 0.71232 0.71232 0.71232
0.41200 0.81359 0.81359 0.81359 0.81359 0.81359 0.81359 0.81359 0.81359 0.81359 0.81359
0.41600 0.93799 0.93799 0.93799 0.93799 0.93799 0.93799 0.93799 0.93799 0.93799 0.93799
0.42000 1.09227 1.09227 1.09227 1.09227 1.09227 1.09227 1.09227 1.09227 1.09227 1.09227
0.42400 1.28530 1.28530 1.28530 1.28530 1.28530 1.28530 1.28530 1.28530 1.28530 1.28530
0.42800 1.52865 1.52865 1.52865 1.52865 1.52865 1.52865 1.52865 1.52865 1.52865 1.52865
0.43200 1.83672 1.83672 1.83672 1.83672 1.83672 1.83672 1.83672 1.83672 1.83672 1.83672
0.43600 2.22580 2.22580 2.22580 2.22580 2.22580 2.22580 2.22580 2.22580 2.22580 2.22580
0.44000 2.71004 2.71004 2.71004 2.71004 2.71004 2.71004 2.71004 2.71004 2.71004 2.71004
0.44400 3.29058 3.29058 3.29058 3.29058 3.29058 3.29058 3.29058 3.29058 3.29058 3.29058
0.44800 3.93397 3.93397 3.93397 3.93397 3.93397 3.93397 3.93397 3.93397 3.93397 3.93397
0.45200 4.54430 4.54430 4.54430 4.54430 4.54430 4.54430 4.54430 4.54430 4.54430 4.54430
0.45600 4.96061 4.96061 4.96061 4.96061 4.96061 4.96061 4.96061 4.96061 4.96061 4.96061
0.46000 5.02878 5.02878 5.02878 5.02878 5.02878 5.02878 5.02878 5.02878 5.02878 5.02878
0.46400 4.71975 4.71975 4.71975 4.71975 4.71975 4.71975 4.71975 4.71975 4.71975 4.71975
0.46800 4.15580 4.15580 4.15580 4.15580 4.15580 4.15580 4.15580 4.15580 4.15580 4.15580
0.47200 3.50812 3.50812 3.50812 3.50812 3.50812 3.50812 3.50812 3.50812 3.50812 3.50812
0.47600 2.89803 2.89803 2.89803 2.89803 2.89803 2.89803 2.89803 2.89803 2.89803 2.89803
0.48000 2.37791 2.37791 2.37791 2.37791 2.37791 2.37791 2.37791 2.37791 2.37791 2.37791
0.48400 1.95567 1.95567 1.95567 1.95567 1.95567 1.95567 1.95567 1.95567 1.95567 1.95567
0.48800 1.62000 1.62000 1.62000 1.62000 1.62000 1.62000 1.62000 1.62000 1.62000 1.62000
0.49200 1.35463 1.35463 1.35463 1.35463 1.35463 1.35463 1.35463 1.35463 1.35463 1.35463
0.49600 1.14429 1.14429 1.14429 1.14429 1.14429 1.14429 1.14429 1.14429 1.14429 1.14429
0.50000 0.97641 0.97641 0.97641 0.97641 0.97641 0.97641 0.97641 0.97641 0.97641 0.97641
0.50400 0.84122 0.84122 0.84122 0.84122 0.84122 0.84122 0.84122 0.84122 0.84122 0.84122
0.50800 0.73130 0.73130 0.73130 0.73130 0.73130 0.73130 0.73130 0.73130 0.73130 0.73130
0.51200 0.64103 0.64103 0.64103 0.64103 0.64103 0.64103 0.64103 0.64103 0.64103 0.64103
0.51600 0.56621 0.56621 0.56621 0.56621 0.56621 0.56621 0.56621 0.56621 0.56621 0.56621
0.52000 0.50361 0.50361 0.50361 0.50361 0.50361 0.50361 0.50361 0.50361 0.50361 0.50361
0.52400 0.45080 0.45080 0.45080 0.45080 0.45080 0.45080 0.45080 0.45080 0.45080 0.45080
0.52800 0.40588 0.40588 0.40588 0.40588 0.40588 0.40588 0.40588 0.40588 0.40588 0.40588
0.53200 0.36740 0.36740 0.36740 0.36740 0.36740 0.36740 0.36740 0.36740 0.36740 0.36740
0.53600 0.33419 0.33419 0.33419 0.33419 0.33419 0.33419 0.33419 0.33419 0.33419 0.33419
0.54000 0.30536 0.30536 0.30536 0.30536 0.30536 0.30536 0.30536 0.30536 0.30536 0.30536
0.54400 0.28017 0.28017 0.28017 0.28017 0.28017 0.28017 0.28017 0.28017 0.28017 0.28017
0.54800 0.25805 0.25805 0.25805 0.25805 0.25805 0.25805 0.25805 0.25805 0.25805 0.25805
0.55200 0.23852 0.23852 0.23852 0.23852 0.23852 0.23852 0.23852 0.23852 0.23852 0.23852
0.55600 0.22119 0.22119 0.22119 0.22119 0.22119 0.22119 0.22119 0.22119 0.22119 0.22119
0.56000 0.20575 0.20575 0.20575 0.20575 0.20575 0.20575 0.20575 0.20575 0.20575 0.20575
0.56400 0.19193 0.19193 0.19193 0.19193 0.19193 0.19193 0.19193 0.19193 0.19193 0.19193
0.56800 0.17951 0.17951 0.17951 0.17951 0.17951 0.17951 0.17951 0.17951 0.17951 0.17951
0.57200 0.16831 0.16831 0.16831 0.16831 0.16831 0.16831 0.16831 0.16831 0.16831 0.16831
0.57600 0.15818 0.15818 0.15818 0.15818 0.15818 0.15818 0.15818 0.15818 0.15818 0.15818
0.58000 0.14898 0.14898 0.14898 0.14898 0.14898 0.14898 0.14898 0.14898 0.14898 0.14898
0.58400 0.14060 0.14060 0.14060 0.14060 0.14060 0.14060 0.14060 0.14060 0.14060 0.14060
0.58800 0.13295 0.13295 0.13295 0.13295 0.13295 0.13295 0.13295 0.13295 0.13295 0.13295
0.59200 0.12594 0.12594 0.12594 0.12594 0.12594 0.12594 0.12594 0.12594 0.12594 0.12594
0.59600 0.11951 0.11951 0.11951 0.11951 0.11951 0.11951 0.11951 0.11951 0.11951 0.11951
0.60000 0.11359 0.11359 0.11359 0.11359 0.11359 0.11359 0.11359 0.11359 0.11359 0.11359
0.60400 0.10812 0.10812 0.10812 0.10812 0.10812 0.10812 0.10812 0.10812 0.10812 0.10812
0.60800 0.10307 0.10307 0.10307 0.10307 0.10307 0.10307 0.10307 0.10307 0.10307 0.10307
0.61200 0.09839 0.09839 0.09839 0.09839 0.09839 0.09839 0.09839 0.09839 0.09839 0.09839
0.61600 0.09405 0.09405 0.09405 0.09405 0.09405 0.09405 0.09405 0.09405 0.09405 0.09405
0.62000 0.09001 0.09001 0.09001 0.09001 0.09001 0.09001 0.09001 0.09001 0.09001 0.09001
0.62400 0.08624 0.08624 0.08624 0.08624 0.08624 0.08624 0.08624 0.08624 0.08624 0.08624
0.62800 0.08273 0.08273 0.08273 0.08273 0.08273 0.08273 0.08273 0.08273 0.08273 0.08273
0.63200 0.07944 0.07944 0.07944 0.07944 0.07944 0.07944 0.07944 0.07944 0.07944 0.07944
0.63600 0.07636 0.07636 0.07636 0.07636 0.07636 0.07636 0.07636 0.07636 0.07636 0.07636
0.64000 0.07348 0.07348 0.07348 0.07348 0.07348 0.07348 0.07348 0.07348 0.07348 0.07348
0.64400 0.07076 0.07076 0.07076 0.07076 0.07076 0.07076 0.07076 0.07076 0.07076 0.07076
0.64800 0.06821 0.06821 0.06821 0.06821 0.06821 0.06821 0.06821 0.06821 0.06821 0.06821
0.65200 0.06581 0.06581 0.06581 0.06581 0.06581 0.06581 0.06581 0.06581 0.06581 0.06581
0.65600 0.06355 0.06355 0.06355 0.06355 0.06355 0.06355 0.06355 0.06355 0.06355 0.06355
0.66000 0.06141 0.06141 0.06141 0.06141 0.06141 0.06141 0.06141 0.06141 0.06141 0.06141
0.66400 0.05939 0.05939 0.05939 0.05939 0.05939 0.05939 0.05939 0.05939 0.05939 0.05939
0.66800 0.05748 0.05748 0.05748 0.05748 0.05748 0.05748 0.05748 0.05748 0.05748 0.05748
0.67200 0.05567 0.05567 0.05567 0.05567 0.05567 0.05567 0.05567 0.05567 0.05567 0.05567
0.67600 0.05395 0.05395 0.05395 0.05395 0.05395 0.05395 0.05395 0.05395 0.05395 0.05395
0.68000 0.05232 0.05232 0.05232 0.05232 0.05232 0.05232 0.05232 0.05232 0.05232 0.05232
0.68400 0.05077 0.05077 0.05077 0.05077 0.05077 0.05077 0.05077 0.05077 0.05077 0.05077
0.68800 0.04930 0.04930 0.04930 0.04930 0.04930 0.04930 0.04930 0.04930 0.04930 0.04930
0.69200 0.04790 0.04790 0.04790 0.04790 0.04790 0.04790 0.04790 0.04790 0.04790 0.04790
0.69600 0.04656 0.04656 0.04656 0.04656 0.04656 0.04656 0.04656 0.04656 0.04656 0.04656
0.70000 0.04529 0.04529 0.04529 0.04529 0.04529 0.04529 0.04529 0.04529 0.04529 0.04529
0.70400 0.04408 0.04408 0.04408 0.04408 0.04408 0.04408 0.04408 0.04408 0.04408 0.04408
0.70800 0.04292 0.04292 0.04292 0.04292 0.04292 0.04292 0.04292 0.04292 0.04292 0.04292
0.71200 0.04181 0.04181 0.04181 0.04181 0.04181 0.04181 0.04181 0.04181 0.04181 0.04181
0.71600 0.04075 0.04075 0.04075 0.04075 0.04075 0.04075 0.04075 0.04075 0.04075 0.04075
0.72000 0.03973 0.03973 0.03973 0.03973 0.03973 0.03973 0.03973 0.03973 0.03973 0.03973
0.72400 0.03876 0.03876 0.03876 0.03876 0.03876 0.03876 0.03876 0.03876 0.03876 0.03876
0.72800 0.03783 0.03783 0.03783 0.03783 0.03783 0.03783 0.03783 0.03783 0.03783 0.03783
0.73200 0.03694 0.03694 0.03694 0.03694 0.03694 0.03694 0.03694 0.03694 0.03694 0.03694
0.73600 0.03608 0.03608 0.03608 0.03608 0.03608 0.03608 0.03608 0.03608 0.03608 0.03608
0.74000 0.03526 0.03526 0.03526 0.03526 0.03526 0.03526 0.03526 0.03526 0.03526 0.03526
0.74400 0.03447 0.03447 0.03447 0.03447 0.03447 0.03447 0.03447 0.03447 0.03447 0.03447
0.74800 0.03371 0.03371 0.03371 0.03371 0.03371 0.03371 0.03371 0.03371 0.03371 0.03371
0.75200 0.03299 0.03299 0.03299 0.03299 0.03299 0.03299 0.03299 0.03299 0.03299 0.03299
0.75600 0.03228 0.03228 0.03228 0.03228 0.03228 0.03228 0.03228 0.03228 0.03228 0.03228
0.76000 0.03161 0.03161 0.03161 0.03161 0.03161 0.03161 0.03161 0.03161 0.03161 0.03161
0.76400 0.03096 0.03096 0.03096 0.03096 0.03096 0.03096 0.03096 0.03096 0.03096 0.03096
0.76800 0.03034 0.03034 0.03034 0.03034 0.03034 0.03034 0.03034 0.03034 0.03034 0.03034
0.77200 0.02973 0.02973 0.02973 0.02973 0.02973 0.02973 0.02973 0.02973 0.02973 0.02973
0.77600 0.02915 0.02915 0.02915 0.02915 0.02915 0.02915 0.02915 0.02915 0.02915 0.02915
0.78000 0.02859 0.02859 0.02859 0.02859 0.02859 0.02859 0.02859 0.02859 0.02859 0.02859
0.78400 0.02805 0.02805 0.02805 0.02805 0.02805 0.02805 0.02805 0.02805 0.02805 0.02805
0.78800 0.02753 0.02753 0.02753 0.02753 0.02753 0.02753 0.02753 0.02753 0.02753 0.02753
0.79200 0.02703 0.02703 0.02703 0.02703 0.02703 0.02703 0.02703 0.02703 0.02703 0.02703
0.79600 0.02654 0.02654 0.02654 0.02654 0.02654 0.02654 0.02654 0.02654 0.02654 0.02654
0.80000 0.02607 0.02607 0.02607 0.02607 0.02607 0.02607 0.02607 0.02607 0.02607 0.02607
0.80400 0.02562 0.02562 0.02562 0.02562 0.02562 0.02562 0.02562 0.02562 0.02562 0.02562
0.80800 0.02518 0.02518 0.02518 0.02518 0.02518 0.02518 0.02518 0.02518 0.02518 0.02518
0.81200 0.02476 0.02476 0.02476 0.02476 0.02476 0.02476 0.02476 0.02476 0.02476 0.02476
0.81600 0.02435 0.02435 0.02435 0.02435 0.02435 0.02435 0.02435 0.02435 0.02435 0.02435
0.82000 0.02395 0.02395 0.02395 0.02395 0.02395 0.02395 0.02395 0.02395 0.02395 0.02395
0.82400 0.02357 0.02357 0.02357 0.02357 0.02357 0.02357 0.02357 0.02357 0.02357 0.02357
0.82800 0.02320 0.02320 0.02320 0.02320 0.02320 0.02320 0.02320 0.02320 0.02320 0.02320
0.83200 0.02284 0.02284 0.02284 0.02284 0.02284 0.02284 0.02284 0.02284 0.02284 0.02284
0.83600 0.02249 0.02249 0.02249 0.02249 0.02249 0.02249 0.02249 0.02249 0.02249 0.02249
0.84000 0.02216 0.02216 0.02216 0.02216 0.02216 0.02216 0.02216 0.02216 0.02216 0.02216
0.84400 0.02183 0.02183 0.02183 0.02183 0.02183 0.02183 0.02183 0.02183 0.02183 0.02183
0.84800 0.02152 0.02152 0.02152 0.02152 0.02152 0.02152 0.02152 0.02152 0.02152 0.02152
0.85200 0.02121 0.02121 0.02121 0.02121 0.02121 0.02121 0.02121 0.02121 0.02121 0.02121
0.85600 0.02092 0.02092 0.02092 0.02092 0.02092 0.02092 0.02092 0.02092 0.02092 0.02092
0.86000 0.02063 0.02063 0.02063 0.02063 0.02063 0.02063 0.02063 0.02063 0.02063 0.02063
0.86400 0.02036 0.02036 0.02036 0.02036 0.02036 0.02036 0.02036 0.02036 0.02036 0.02036
0.86800 0.02009 0.02009 0.02009 0.02009 0.02009 0.02009 0.02009 0.02009 0.02009 0.02009
0.87200 0.01983 0.01983 0.01983 0.01983 0.01983 0.01983 0.01983 0.01983 0.01983 0.01983
0.87600 0.01958 0.01958 0.01958 0.01958 0.01958 0.01958 0.01958 0.01958 0.01958 0.01958
0.88000 0.01934 0.01934 0.01934 0.01934 0.01934 0.01934 0.01934 0.01934 0.01934 0.01934
0.88400 0.01910 0.01910 0.01910 0.01910 0.01910 0.01910 0.01910 0.01910 0.01910 0.01910
0.88800 0.01888 0.01888 0.01888 0.01888 0.01888 0.01888 0.01888 0.01888 0.01888 0.01888
0.89200 0.01866 0.01866 0.01866 0.01866 0.01866 0.01866 0.01866 0.01866 0.01866 0.01866
0.89600 0.01845 0.01845 0.01845 0.01845 0.01845 0.01845 0.01845 0.01845 0.01845 0.01845
0.90000 0.01824 0.01824 0.01824 0.01824 0.01824 0.01824 0.01824 0.01824 0.01824 0.01824
0.90400 0.01805 0.01805 0.01805 0.01805 0.01805 0.01805 0.01805 0.01805 0.01805 0.01805
0.90800 0.01785 0.01785 0.01785 0.01785 0.01785 0.01785 0.01785 0.01785 0.01785 0.01785
0.91200 0.01767 0.01767 0.01767 0.01767 0.01767 0.01767 0.01767 0.01767 0.01767 0.01767
0.91600 0.01749 0.01749 0.01749 0.01749 0.01749 0.01749 0.01749 0.01749 0.01749 0.01749
0.92000 0.01732 0.01732 0.01732 0.01732 0.01732 0.01732 0.01732 0.01732 0.01732 0.01732
0.92400 0.01716 0.01716 0.01716 0.01716 0.01716 0.01716 0.01716 0.01716 0.01716 0.01716
0.92800 0.01700 0.01700 0.01700 0.01700 0.01700 0.01700 0.01700 0.01700 0.01700 0.01700
0.93200 0.01685 0.01685 0.01685 0.01685 0.01685 0.01685 0.01685 0.01685 0.01685 0.01685
0.93600 0.01670 0.01670 0.01670 0.01670 0.01670 0.01670 0.01670 0.01670 0.01670 0.01670
0.94000 0.01656 0.01656 0.01656 0.01656 0.01656 0.01656 0.01656 0.01656 0.01656 0.01656
0.94400 0.01643 0.01643 0.01643 0.01643 0.01643 0.01643 0.01643 0.01643 0.01643 0.01643
0.94800 0.01630 0.01630 0.01630 0.01630 0.01630 0.01630 0.01630 0.01630 0.01630 0.01630
0.95200 0.01618 0.01618 0.01618 0.01618 0.01618 0.01618 0.01618 0.01618 0.01618 0.01618
0.95600 0.01606 0.01606 0.01606 0.01606 0.01606 0.01606 0.01606 0.01606 0.01606 0.01606
0.96000 0.01595 0.01595 0.01595 0.01595 0.01595 0.01595 0.01595 0.01595 0.01595 0.01595
0.96400 0.01584 0.01584 0.01584 0.01584 0.01584 0.01584 0.01584 0.01584 0.01584 0.01584
0.96800 0.01574 0.01574 0.01574 0.01574 0.01574 0.01574 0.01574 0.01574 0.01574 0.01574
0.97200 0.01565 0.01565 0.01565 0.01565 0.01565 0.01565 0.01565 0.01565 0.01565 0.01565
0.97600 0.01556 0.01556 0.01556 0.01556 0.01556 0.01556 0.01556 0.01556 0.01556 0.01556
0.98000 0.01548 0.01548 0.01548 0.01548 0.01548 0.01548 0.01548 0.01548 0.01548 0.01548
0.98400 0.01540 0.01540 0.01540 0.01540 0.01540 0.01540 0.01540 0.01540 0.01540 0.01540
0.98800 0.01533 0.01533 0.01533 0.01533 0.01533 0.01533 0.01533 0.01533 0.01533 0.01533
0.99200 0.01526 0.01526 0.01526 0.01526 0.01526 0.01526 0.01526 0.01526 0.01526 0.01526
0.99600 0.01520 0.01520 0.01520 0.01520 0.01520 0.01520 0.01520 0.01520 0.01520 0.01520
1.00000 0.01515 0.01515 0.01515 0.01515 0.01515 0.01515 0.01515 0.01515 0.01515 0.01515
1.00400 0.01510 0.01510 0.01510 0.01510 0.01510 0.01510 0.01510 0.01510 0.01510 0.01510
1.00800 0.01506 0.01506 0.01506 0.01506 0.01506 0.01506 0.01506 0.01506 0.01506 0.01506
1.01200 0.01503 0.01503 0.01503 0.01503 0.01503 0.01503 0.01503 0.01503 0.01503 0.01503
1.01600 0.01500 0.01500 0.01500 0.01500 0.01500 0.01500 0.01500 0.01500 0.01500 0.01500
1.02000 0.01498 0.01498 0.01498 0.01498 0.01498 0.01498 0.01498 0.01498 0.01498 0.01498
1.02400 0.01496 0.01496 0.01496 0.01496 0.01496 0.01496 0.01496 0.01496 0.01496 0.01496
1.02800 0.01495 0.01495 0.01495 0.01495 0.01495 0.01495 0.01495 0.01495 0.01495 0.01495
1.03200 0.01495 0.01495 0.01495 0.01495 0.01495 0.01495 0.01495 0.01495 0.01495 0.01495
1.03600 0.01496 0.01496 0.01496 0.01496 0.01496 0.01496 0.01496 0.01496 0.01496 0.01496
1.04000 0.01497 0.01497 0.01497 0.01497 0.01497 0.01497 0.01497 0.01497 0.01497 0.01497
1.04400 0.01499 0.01499 0.01499 0.01499 0.01499 0.01499 0.01499 0.01499 0.01499 0.01499
1.04800 0.01502 0.01502 0.01502 0.01502 0.01502 0.01502 0.01502 0.01502 0.01502 0.01502
1.05200 0.01506 0.01506 0.01506 0.01506 0.01506 0.01506 0.01506 0.01506 0.01506 0.01506
1.05600 0.01510 0.01510 0.01510 0.01510 0.01510 0.01510 0.01510 0.01510 0.01510 0.01510
1.06000 0.01516 0.01516 0.01516 0.01516 0.01516 0.01516 0.01516 0.01516 0.01516 0.01516
1.06400 0.01522 0.01522 0.01522 0.01522 0.01522 0.01522 0.01522 0.01522 0.01522 0.01522
1.06800 0.01530 0.01530 0.01530 0.01530 0.01530 0.01530 0.01530 0.01530 0.01530 0.01530
1.07200 0.01538 0.01538 0.01538 0.01538 0.01538 0.01538 0.01538 0.01538 0.01538 0.01538
1.07600 0.01548 0.01548 0.01548 0.01548 0.01548 0.01548 0.01548 0.01548 0.01548 0.01548
1.08000 0.01559 0.01559 0.01559 0.01559 0.01559 0.01559 0.01559 0.01559 0.01559 0.01559
1.08400 0.01571 0.01571 0.01571 0.01571 0.01571 0.01571 0.01571 0.01571 0.01571 0.01571
1.08800 0.01584 0.01584 0.01584 0.01584 0.01584 0.01584 0.01584 0.01584 0.01584 0.01584
1.09200 0.01599 0.01599 0.01599 0.01599 0.01599 0.01599 0.01599 0.01599 0.01599 0.01599
1.09600 0.01615 0.01615 0.01615 0.01615 0.01615 0.01615 0.01615 0.01615 0.01615 0.01615
1.10000 0.01632 0.01632 0.01632 0.01632 0.01632 0.01632 0.01632 0.01632 0.01632 0.01632
1.10400 0.01652 0.01652 0.01652 0.01652 0.01652 0.01652 0.01652 0.01652 0.01652 0.01652
1.10800 0.01673 0.01673 0.01673 0.01673 0.01673 0.01673 0.01673 0.01673 0.01673 0.01673
1.11200 0.01696 0.01696 0.01696 0.01696 0.01696 0.01696 0.01696 0.01696 0.01696 0.01696
1.11600 0.01721 0.01721 0.01721 0.01721 0.01721 0.01721 0.01721 0.01721 0.01721 0.01721
1.12000 0.01748 0.01748 0.01748 0.01748 0.01748 0.01748 0.01748 0.01748 0.01748 0.01748
1.12400 0.01778 0.01778 0.01778 0.01778 0.01778 0.01778 0.01778 0.01778 0.01778 0.01778
1.12800 0.01810 0.01810 0.01810 0.01810 0.01810 0.01810 0.01810 0.01810 0.01810 0.01810
1.13200 0.01845 0.01845 0.01845 0.01845 0.01845 0.01845 0.01845 0.01845 0.01845 0.01845
1.13600 0.01882 0.01882 0.01882 0.01882 0.01882 0.01882 0.01882 0.01882 0.01882 0.01882
1.14000 0.01924 0.01924 0.01924 0.01924 0.01924 0.01924 0.01924 0.01924 0.01924 0.01924
1.14400 0.01968 0.01968 0.01968 0.01968 0.01968 0.01968 0.01968 0.01968 0.01968 0.01968
1.14800 0.02017 0.02017 0.02017 0.02017 0.02017 0.02017 0.02017 0.02017 0.02017 0.02017
1.15200 0.02070 0.02070 0.02070 0.02070 0.02070 0.02070 0.02070 0.02070 0.02070 0.02070
1.15600 0.02128 0.02128 0.02128 0.02128 0.02128 0.02128 0.02128 0.02128 0.02128 0.02128
1.16000 0.02191 0.02191 0.02191 0.02191 0.02191 0.02191 0.02191 0.02191 0.02191 0.02191
1.16400 0.02260 0.02260 0.02260 0.02260 0.02260 0.02260 0.02260 0.02260 0.02260 0.02260
1.16800 0.02335 0.02335 0.02335 0.02335 0.02335 0.02335 0.02335 0.02335 0.02335 0.02335
1.17200 0.02417 0.02417 0.02417 0.02417 0.02417 0.02417 0.02417 0.02417 0.02417 0.02417
1.17600 0.02508 0.02508 0.02508 0.02508 0.02508 0.02508 0.02508 0.02508 0.02508 0.02508
1.18000 0.02607 0.02607 0.02607 0.02607 0.02607 0.02607 0.02607 0.02607 0.02607 0.02607
1.18400 0.02717 0.02717 0.02717 0.02717 0.02717 0.02717 0.02717 0.02717 0.02717 0.02717
1.18800 0.02838 0.02838 0.02838 0.02838 0.02838 0.02838 0.02838 0.02838 0.02838 0.02838
1.19200 0.02972 0.02972 0.02972 0.02972 0.02972 0.02972 0.02972 0.02972 0.02972 0.02972
1.19600 0.03120 0.03120 0.03120 0.03120 0.03120 0.03120 0.03120 0.03120 0.03120 0.03120
1.20000 0.03286 0.03286 0.03286 0.03286 0.03286 0.03286 0.03286 0.03286 0.03286 0.03286
1.20400 0.03471 0.03471 0.03471 0.03471 0.03471 0.03471 0.03471 0.03471 0.03471 0.03471
1.20800 0.03679 0.03679 0.03679 0.03679 0.03679 0.03679 0.03679 0.03679 0.03679 0.03679
1.21200 0.03913 0.03913 0.03913 0.03913 0.03913 0.03913 0.03913 0.03913 0.03913 0.03913
1.21600 0.04178 0.04178 0.04178 0.04178 0.04178 0.04178 0.04178 0.04178 0.04178 0.04178
1.22000 0.04478 0.04478 0.04478 0.04478 0.04478 0.04478 0.04478 0.04478 0.04478 0.04478
1.22400 0.04822 0.04822 0.04822 0.04822 0.04822 0.04822 0.04822 0.04822 0.04822 0.04822
1.22800 0.05216 0.05216 0.05216 0.05216 0.05216 0.05216 0.05216 0.05216 0.05216 0.05216
1.23200 0.05671 0.05671 0.05671 0.05671 0.05671 0.05671 0.05671 0.05671 0.05671 0.05671
1.23600 0.06200 0.06200 0.06200 0.06200 0.06200 0.06200 0.06200 0.06200 0.06200 0.06200
1.24000 0.06819 0.06819 0.06819 0.06819 0.06819 0.06819 0.06819 0.06819 0.06819 0.06819
1.24400 0.07549 0.07549 0.07549 0.07549 0.07549 0.07549 0.07549 0.07549 0.07549 0.07549
1.24800 0.08417 0.08417 0.08417 0.08417 0.08417 0.08417 0.08417 0.08417 0.08417 0.08417
1.25200 0.09457 0.09457 0.09457 0.09457 0.09457 0.09457 0.09457 0.09457 0.09457 0.09457
1.25600 0.10715 0.10715 0.10715 0.10715 0.10715 0.10715 0.10715 0.10715 0.10715 0.10715
1.26000 0.12252 0.12252 0.12252 0.12252 0.12252 0.12252 0.12252 0.12252 0.12252 0.12252
1.26400 0.14148 0.14148 0.14148 0.14148 0.14148 0.14148 0.14148 0.14148 0.14148 0.14148
1.26800 0.16509 0.16509 0.16509 0.16509 0.16509 0.16509 0.16509 0.16509 0.16509 0.16509
1.27200 0.19473 0.19473 0.19473 0.19473 0.19473 0.19473 0.19473 0.19473 0.19473 0.19473
1.27600 0.23218 0.23218 0.23218 0.23218 0.23218 0.23218 0.23218 0.23218 0.23218 0.23218
1.28000 0.27950 0.27950 0.27950 0.27950 0.27950 0.27950 0.27950 0.27950 0.27950 0.27950
1.28400 0.33873 0.33873 0.33873 0.33873 0.33873 0.33873 0.33873 0.33873 0.33873 0.33873
1.28800 0.41078 0.41078 0.41078 0.41078 0.41078 0.41078 0.41078 0.41078 0.41078 0.41078
1.29200 0.49312 0.49312 0.49312 0.49312 0.49312 0.49312 0.49312 0.49312 0.49312 0.49312
1.29600 0.57620 0.57620 0.57620 0.57620 0.57620 0.57620 0.57620 0.57620 0.57620 0.57620
1.30000 0.64127 0.64127 0.64127 0.64127 0.64127 0.64127 0.64127 0.64127 0.64127 0.64127
1.30400 0.66634 0.66634 0.66634 0.66634 0.66634 0.66634 0.66634 0.66634 0.66634 0.66634
1.30800 0.64113 0.64113 0.64113 0.64113 0.64113 0.64113 0.64113 0.64113 0.64113 0.64113
1.31200 0.57618 0.57618 0.57618 0.57618 0.57618 0.57618 0.57618 0.57618 0.57618 0.57618
1.31600 0.49356 0.49356 0.49356 0.49356 0.49356 0.49356 0.49356 0.49356 0.49356 0.49356
1.32000 0.41188 0.41188 0.41188 0.41188 0.41188 0.41188 0.41188 0.41188 0.41188 0.41188
1.32400 0.34059 0.34059 0.34059 0.34059 0.34059 0.34059 0.34059 0.34059 0.34059 0.34059
1.32800 0.28214 0.28214 0.28214 0.28214 0.28214 0.28214 0.28214 0.28214 0.28214 0.28214
1.33200 0.23560 0.23560 0.23560 0.23560 0.23560 0.23560 0.23560 0.23560 0.23560 0.23560
1.33600 0.19894 0.19894 0.19894 0.19894 0.19894 0.19894 0.19894 0.19894 0.19894 0.19894
1.34000 0.17008 0.17008 0.17008 0.17008 0.17008 0.17008 0.17008 0.17008 0.17008 0.17008
1.34400 0.14727 0.14727 0.14727 0.14727 0.14727 0.14727 0.14727 0.14727 0.14727 0.14727
1.34800 0.12915 0.12915 0.12915 0.12915 0.12915 0.12915 0.12915 0.12915 0.12915 0.12915
1.35200 0.11465 0.11465 0.11465 0.11465 0.11465 0.11465 0.11465 0.11465 0.11465 0.11465
1.35600 0.10300 0.10300 0.10300 0.10300 0.10300 0.10300 0.10300 0.10300 0.10300 0.10300
1.36000 0.09359 0.09359 0.09359 0.09359 0.09359 0.09359 0.09359 0.09359 0.09359 0.09359
1.36400 0.08599 0.08599 0.08599 0.08599 0.08599 0.08599 0.08599 0.08599 0.08599 0.08599
1.36800 0.07986 0.07986 0.07986 0.07986 0.07986 0.07986 0.07986 0.07986 0.07986 0.07986
1.37200 0.07494 0.07494 0.07494 0.07494 0.07494 0.07494 0.07494 0.07494 0.07494 0.07494
1.37600 0.07105 0.07105 0.07105 0.07105 0.07105 0.07105 0.07105 0.07105 0.07105 0.07105
1.38000 0.06805 0.06805 0.06805 0.06805 0.06805 0.06805 0.06805 0.06805 0.06805 0.06805
1.38400 0.06583 0.06583 0.06583 0.06583 0.06583 0.06583 0.06583 0.06583 0.06583 0.06583
1.38800 0.06433 0.06433 0.06433 0.06433 0.06433 0.06433 0.06433 0.06433 0.06433 0.06433
1.39200 0.06349 0.06349 0.06349 0.06349 0.06349 0.06349 0.06349 0.06349 0.06349 0.06349
1.39600 0.06330 0.06330 0.06330 0.06330 0.06330 0.06330 0.06330 0.06330 0.06330 0.06330
1.40000 0.06375 0.06375 0.06375 0.06375 0.06375 0.06375 0.06375 0.06375 0.06375 0.06375
1.40400 0.06487 0.06487 0.06487 0.06487 0.06487 0.06487 0.06487 0.06487 0.06487 0.06487
1.40800 0.06670 0.06670 0.06670 0.06670 0.06670 0.06670 0.06670 0.06670 0.06670 0.06670
1.41200 0.06931 0.06931 0.06931 0.06931 0.06931 0.06931 0.06931 0.06931 0.06931 0.06931
1.41600 0.07281 0.07281 0.07281 0.07281 0.07281 0.07281 0.07281 0.07281 0.07281 0.07281
1.42000 0.07733 0.07733 0.07733 0.07733 0.07733 0.07733 0.07733 0.07733 0.07733 0.07733
1.42400 0.08309 0.08309 0.08309 0.08309 0.08309 0.08309 0.08309 0.08309 0.08309 0.08309
1.42800 0.09032 0.09032 0.09032 0.09032 0.09032 0.09032 0.09032 0.09032 0.09032 0.09032
1.43200 0.09939 0.09939 0.09939 0.09939 0.09939 0.09939 0.09939 0.09939 0.09939 0.09939
1.43600 0.11076 0.11076 0.11076 0.11076 0.11076 0.11076 0.11076 0.11076 0.11076 0.11076
1.44000 0.12504 0.12504 0.12504 0.12504 0.12504 0.12504 0.12504 0.12504 0.12504 0.12504
1.44400 0.14307 0.14307 0.14307 0.14307 0.14307 0.14307 0.14307 0.14307 0.14307 0.14307
1.44800 0.16594 0.16594 0.16594 0.16594 0.16594 0.16594 0.16594 0.16594 0.16594 0.16594
1.45200 0.19505 0.19505 0.19505 0.19505 0.19505 0.19505 0.19505 0.19505 0.19505 0.19505
1.45600 0.23211 0.23211 0.23211 0.23211 0.23211 0.23211 0.23211 0.23211 0.23211 0.23211
1.46000 0.27893 0.27893 0.27893 0.27893 0.27893 0.27893 0.27893 0.27893 0.27893 0.27893
1.46400 0.33674 0.33674 0.33674 0.33674 0.33674 0.33674 0.33674 0.33674 0.33674 0.33674
1.46800 0.40456 0.40456 0.40456 0.40456 0.40456 0.40456 0.40456 0.40456 0.40456 0.40456
1.47200 0.47636 0.47636 0.47636 0.47636 0.47636 0.47636 0.47636 0.47636 0.47636 0.47636
1.47600 0.53836 0.53836 0.53836 0.53836 0.53836 0.53836 0.53836 0.53836 0.53836 0.53836
1.48000 0.57140 0.57140 0.57140 0.57140 0.57140 0.57140 0.57140 0.57140 0.57140 0.57140
1.48400 0.56216 0.56216 0.56216 0.56216 0.56216 0.56216 0.56216 0.56216 0.56216 0.56216
1.48800 0.51438 0.51438 0.51438 0.51438 0.51438 0.51438 0.51438 0.51438 0.51438 0.51438
1.49200 0.44547 0.44547 0.44547 0.44547 0.44547 0.44547 0.44547 0.44547 0.44547 0.44547
1.49600 0.37329 0.37329 0.37329 0.37329 0.37329 0.37329 0.37329 0.37329 0.37329 0.37329
1.50000 0.30831 0.30831 0.30831 0.30831 0.30831 0.30831 0.30831 0.30831 0.30831 0.30831
1.50400 0.25415 0.25415 0.25415 0.25415 0.25415 0.25415 0.25415 0.25415 0.25415 0.25415
1.50800 0.21060 0.21060 0.21060 0.21060 0.21060 0.21060 0.21060 0.21060 0.21060 0.21060
1.51200 0.17606 0.17606 0.17606 0.17606 0.17606 0.17606 0.17606 0.17606 0.17606 0.17606
1.51600 0.14871 0.14871 0.14871 0.14871 0.14871 0.14871 0.14871 0.14871 0.14871 0.14871
1.52000 0.12696 0.12696 0.12696 0.12696 0.12696 0.12696 0.12696 0.12696 0.12696 0.12696
1.52400 0.10952 0.10952 0.10952 0.10952 0.10952 0.10952 0.10952 0.10952 0.10952 0.10952
1.52800 0.09539 0.09539 0.09539 0.09539 0.09539 0.09539 0.09539 0.09539 0.09539 0.09539
1.53200 0.08384 0.08384 0.08384 0.08384 0.08384 0.08384 0.08384 0.08384 0.08384 0.08384
1.53600 0.07431 0.07431 0.07431 0.07431 0.07431 0.07431 0.07431 0.07431 0.07431 0.07431
1.54000 0.06636 0.06636 0.06636 0.06636 0.06636 0.06636 0.06636 0.06636 0.06636 0.06636
1.54400 0.05967 0.05967 0.05967 0.05967 0.05967 0.05967 0.05967 0.05967 0.05967 0.05967
1.54800 0.05399 0.05399 0.05399 0.05399 0.05399 0.05399 0.05399 0.05399 0.05399 0.05399
1.55200 0.04914 0.04914 0.04914 0.04914 0.04914 0.04914 0.04914 0.04914 0.04914 0.04914
1.55600 0.04496 0.04496 0.04496 0.04496 0.04496 0.04496 0.04496 0.04496 0.04496 0.04496
1.56000 0.04133 0.04133 0.04133 0.04133 0.04133 0.04133 0.04133 0.04133 0.04133 0.04133
1.56400 0.03816 0.03816 0.03816 0.03816 0.03816 0.03816 0.03816 0.03816 0.03816 0.03816
1.56800 0.03538 0.03538 0.03538 0.03538 0.03538 0.03538 0.03538 0.03538 0.03538 0.03538
1.57200 0.03293 0.03293 0.03293 0.03293 0.03293 0.03293 0.03293 0.03293 0.03293 0.03293
1.57600 0.03075 0.03075 0.03075 0.03075 0.03075 0.03075 0.03075 0.03075 0.03075 0.03075
1.58000 0.02880 0.02880 0.02880 0.02880 0.02880 0.02880 0.02880 0.02880 0.02880 0.02880
1.58400 0.02706 0.02706 0.02706 0.02706 0.02706 0.02706 0.02706 0.02706 0.02706 0.02706
1.58800 0.02550 0.02550 0.02550 0.02550 0.02550 0.02550 0.02550 0.02550 0.02550 0.02550
1.59200 0.02408 0.02408 0.02408 0.02408 0.02408 0.02408 0.02408 0.02408 0.02408 0.02408
1.59600 0.02280 0.02280 0.02280 0.02280 0.02280 0.02280 0.02280 0.02280 0.02280 0.02280
1.60000 0.02164 0.02164 0.02164 0.02164 0.02164 0.02164 0.02164 0.02164 0.02164 0.02164
1.60400 0.02057 0.02057 0.02057 0.02057 0.02057 0.02057 0.02057 0.02057 0.02057 0.02057
1.60800 0.01960 0.01960 0.01960 0.01960 0.01960 0.01960 0.01960 0.01960 0.01960 0.01960
1.61200 0.01871 0.01871 0.01871 0.01871 0.01871 0.01871 0.01871 0.01871 0.01871 0.01871
1.61600 0.01789 0.01789 0.01789 0.01789 0.01789 0.01789 0.01789 0.01789 0.01789 0.01789
1.62000 0.01713 0.01713 0.01713 0.01713 0.01713 0.01713 0.01713 0.01713 0.01713 0.01713
1.62400 0.01643 0.01643 0.01643 0.01643 0.01643 0.01643 0.01643 0.01643 0.01643 0.01643
1.62800 0.01578 0.01578 0.01578 0.01578 0.01578 0.01578 0.01578 0.01578 0.01578 0.01578
1.63200 0.01517 0.01517 0.01517 0.01517 0.01517 0.01517 0.01517 0.01517 0.01517 0.01517
1.63600 0.01461 0.01461 0.01461 0.01461 0.01461 0.01461 0.01461 0.01461 0.01461 0.01461
1.64000 0.01409 0.01409 0.01409 0.01409 0.01409 0.01409 0.01409 0.01409 0.01409 0.01409
1.64400 0.01359 0.01359 0.01359 0.01359 0.01359 0.01359 0.01359 0.01359 0.01359 0.01359
1.64800 0.01314 0.01314 0.01314 0.01314 0.01314 0.01314 0.01314 0.01314 0.01314 0.01314
1.65200 0.01270 0.01270 0.01270 0.01270 0.01270 0.01270 0.01270 0.01270 0.01270 0.01270
1.65600 0.01230 0.01230 0.01230 0.01230 0.01230 0.01230 0.01230 0.01230 0.01230 0.01230
1.66000 0.01192 0.01192 0.01192 0.01192 0.01192 0.01192 0.01192 0.01192 0.01192 0.01192
1.66400 0.01156 0.01156 0.01156 0.01156 0.01156 0.01156 0.01156 0.01156 0.01156 0.01156
1.66800 0.01122 0.01122 0.01122 0.01122 0.01122 0.01122 0.01122 0.01122 0.01122 0.01122
1.67200 0.01090 0.01090 0.01090 0.01090 0.01090 0.01090 0.01090 0.01090 0.01090 0.01090
1.67600 0.01060 0.01060 0.01060 0.01060 0.01060 0.01060 0.01060 0.01060 0.01060 0.01060
1.68000 0.01031 0.01031 0.01031 0.01031 0.01031 0.01031 0.01031 0.01031 0.01031 0.01031
1.68400 0.01004 0.01004 0.01004 0.01004 0.01004 0.01004 0.01004 0.01004 0.01004 0.01004
1.68800 0.00978 0.00978 0.00978 0.00978 0.00978 0.00978 0.00978 0.00978 0.00978 0.00978
1.69200 0.00954 0.00954 0.00954 0.00954 0.00954 0.00954 0.00954 0.00954 0.00954 0.00954
1.69600 0.00930 0.00930 0.00930 0.00930 0.00930 0.00930 0.00930 0.00930 0.00930 0.00930
1.70000 0.00908 0.00908 0.00908 0.00908 0.00908 0.00908 0.00908 0.00908 0.00908 0.00908
1.70400 0.00887 0.00887 0.00887 0.00887 0.00887 0.00887 0.00887 0.00887 0.00887 0.00887
1.70800 0.00866 0.00866 0.00866 0.00866 0.00866 0.00866 0.00866 0.00866 0.00866 0.00866
1.71200 0.00847 0.00847 0.00847 0.00847 0.00847 0.00847 0.00847 0.00847 0.00847 0.00847
1.71600 0.00828 0.00828 0.00828 0.00828 0.00828 0.00828 0.00828 0.00828 0.00828 0.00828
1.72000 0.00811 0.00811 0.00811 0.00811 0.00811 0.00811 0.00811 0.00811 0.00811 0.00811
1.72400 0.00794 0.00794 0.00794 0.00794 0.00794 0.00794 0.00794 0.00794 0.00794 0.00794
1.72800 0.00777 0.00777 0.00777 0.00777 0.00777 0.00777 0.00777 0.00777 0.00777 0.00777
1.73200 0.00762 0.00762 0.00762 0.00762 0.00762 0.00762 0.00762 0.00762 0.00762 0.00762
1.73600 0.00747 0.00747 0.00747 0.00747 0.00747 0.00747 0.00747 0.00747 0.00747 0.00747
1.74000 0.00732 0.00732 0.00732 0.00732 0.00732 0.00732 0.00732 0.00732 0.00732 0.00732
1.74400 0.00718 0.00718 0.00718 0.00718 0.00718 0.00718 0.00718 0.00718 0.00718 0.00718
1.74800 0.00705 0.00705 0.00705 0.00705 0.00705 0.00705 0.00705 0.00705 0.00705 0.00705
1.75200 0.00692 0.00692 0.00692 0.00692 0.00692 0.00692 0.00692 0.00692 0.00692 0.00692
1.75600 0.00679 0.00679 0.00679 0.00679 0.00679 0.00679 0.00679 0.00679 0.00679 0.00679
1.76000 0.00667 0.00667 0.00667 0.00667 0.00667 0.00667 0.00667 0.00667 0.00667 0.00667
1.76400 0.00656 0.00656 0.00656 0.00656 0.00656 0.00656 0.00656 0.00656 0.00656 0.00656
1.76800 0.00645 0.00645 0.00645 0.00645 0.00645 0.00645 0.00645 0.00645 0.00645 0.00645
1.77200 0.00634 0.00634 0.00634 0.00634 0.00634 0.00634 0.00634 0.00634 0.00634 0.00634
1.77600 0.00624 0.00624 0.00624 0.00624 0.00624 0.00624 0.00624 0.00624 0.00624 0.00624
1.78000 0.00613 0.00613 0.00613 0.00613 0.00613 0.00613 0.00613 0.00613 0.00613 0.00613
1.78400 0.00604 0.00604 0.00604 0.00604 0.00604 0.00604 0.00604 0.00604 0.00604 0.00604
1.78800 0.00594 0.00594 0.00594 0.00594 0.00594 0.00594 0.00594 0.00594 0.00594 0.00594
1.79200 0.00585 0.00585 0.00585 0.00585 0.00585 0.00585 0.00585 0.00585 0.00585 0.00585
1.79600 0.00576 0.00576 0.00576 0.00576 0.00576 0.00576 0.00576 0.00576 0.00576 0.00576
1.80000 0.00568 0.00568 0.00568 0.00568 0.00568 0.00568 0.00568 0.00568 0.00568 0.00568
1.80400 0.00559 0.00559 0.00559 0.00559 0.00559 0.00559 0.00559 0.00559 0.00559 0.00559
1.80800 0.00551 0.00551 0.00551 0.00551 0.00551 0.00551 0.00551 0.00551 0.00551 0.00551
1.81200 0.00543 0.00543 0.00543 0.00543 0.00543 0.00543 0.00543 0.00543 0.00543 0.00543
1.81600 0.00536 0.00536 0.00536 0.00536 0.00536 0.00536 0.00536 0.00536 0.00536 0.00536
1.82000 0.00528 0.00528 0.00528 0.00528 0.00528 0.00528 0.00528 0.00528 0.00528 0.00528
1.82400 0.00521 0.00521 0.00521 0.00521 0.00521 0.00521 0.00521 0.00521 0.00521 0.00521
1.82800 0.00514 0.00514 0.00514 0.00514 0.00514 0.00514 0.00514 0.00514 0.00514 0.00514
1.83200 0.00507 0.00507 0.00507 0.00507 0.00507 0.00507 0.00507 0.00507 0.00507 0.00507
1.83600 0.00501 0.00501 0.00501 0.00501 0.00501 0.00501 0.00501 0.00501 0.00501 0.00501
1.84000 0.00494 0.00494 0.00494 0.00494 0.00494 0.00494 0.00494 0.00494 0.00494 0.00494
1.84400 0.00488 0.00488 0.00488 0.00488 0.00488 0.00488 0.00488 0.00488 0.00488 0.00488
1.84800 0.00482 0.00482 0.00482 0.00482 0.00482 0.00482 0.00482 0.00482 0.00482 0.00482
1.85200 0.00476 0.00476 0.00476 0.00476 0.00476 0.00476 0.00476 0.00476 0.00476 0.00476
1.85600 0.00470 0.00470 0.00470 0.00470 0.00470 0.00470 0.00470 0.00470 0.00470 0.00470
1.86000 0.00464 0.00464 0.00464 0.00464 0.00464 0.00464 0.00464 0.00464 0.00464 0.00464
1.86400 0.00459 0.00459 0.00459 0.00459 0.00459 0.00459 0.00459 0.00459 0.00459 0.00459
1.86800 0.00453 0.00453 0.00453 0.00453 0.00453 0.00453 0.00453 0.00453 0.00453 0.00453
1.87200 0.00448 0.00448 0.00448 0.00448 0.00448 0.00448 0.00448 0.00448 0.00448 0.00448
1.87600 0.00443 0.00443 0.00443 0.00443 0.00443 0.00443 0.00443 0.00443 0.00443 0.00443
1.88000 0.00438 0.00438 0.00438 0.00438 0.00438 0.00438 0.00438 0.00438 0.00438 0.00438
1.88400 0.00433 0.00433 0.00433 0.00433 0.00433 0.00433 0.00433 0.00433 0.00433 0.00433
1.88800 0.00428 0.00428 0.00428 0.00428 0.00428 0.00428 0.00428 0.00428 0.00428 0.00428
1.89200 0.00423 0.00423 0.00423 0.00423 0.00423 0.00423 0.00423 0.00423 0.00423 0.00423
1.89600 0.00419 0.00419 0.00419 0.00419 0.00419 0.00419 0.00419 0.00419 0.00419 0.00419
1.90000 0.00414 0.00414 0.00414 0.00414 0.00414 0.00414 0.00414 0.00414 0.00414 0.00414
1.90400 0.00410 0.00410 0.00410 0.00410 0.00410 0.00410 0.00410 0.00410 0.00410 0.00410
1.90800 0.00405 0.00405 0.00405 0.00405 0.00405 0.00405 0.00405 0.00405 0.00405 0.00405
1.91200 0.00401 0.00401 0.00401 0.00401 0.00401 0.00401 0.00401 0.00401 0.00401 0.00401
1.91600 0.00397 0.00397 0.00397 0.00397 0.00397 0.00397 0.00397 0.00397 0.00397 0.00397
1.92000 0.00393 0.00393 0.00393 0.00393 0.00393 0.00393 0.00393 0.00393 0.00393 0.00393
1.92400 0.00389 0.00389 0.00389 0.00389 0.00389 0.00389 0.00389 0.00389 0.00389 0.00389
1.92800 0.00385 0.00385 0.00385 0.00385 0.00385 0.00385 0.00385 0.00385 0.00385 0.00385
1.93200 0.00381 0.00381 0.00381 0.00381 0.00381 0.00381 0.00381 0.00381 0.00381 0.00381
1.93600 0.00378 0.00378 0.00378 0.00378 0.00378 0.00378 0.00378 0.00378 0.00378 0.00378
1.94000 0.00374 0.00374 0.00374 0.00374 0.00374 0.00374 0.00374 0.00374 0.00374 0.00374
1.94400 0.00370 0.00370 0.00370 0.00370 0.00370 0.00370 0.00370 0.00370 0.00370 0.00370
1.94800 0.00367 0.00367 0.00367 0.00367 0.00367 0.00367 0.00367 0.00367 0.00367 0.00367
1.95200 0.00363 0.00363 0.00363 0.00363 0.00363 0.00363 0.00363 0.00363 0.00363 0.00363
1.95600 0.00360 0.00360 0.00360 0.00360 0.00360 0.00360 0.00360 0.00360 0.00360 0.00360
1.96000 0.00357 0.00357 0.00357 0.00357 0.00357 0.00357 0.00357 0.00357 0.00357 0.00357
1.96400 0.00353 0.00353 0.00353 0.00353 0.00353 0.00353 0.00353 0.00353 0.00353 0.00353
1.96800 0.00350 0.00350 0.00350 0.00350 0.00350 0.00350 0.00350 0.00350 0.00350 0.00350
1.97200 0.00347 0.00347 0.00347 0.00347 0.00347 0.00347 0.00347 0.00347 0.00347 0.00347
1.97600 0.00344 0.00344 0.00344 0.00344 0.00344 0.00344 0.00344 0.00344 0.00344 0.00344
1.98000 0.00341 0.00341 0.00341 0.00341 0.00341 0.00341 0.00341 0.00341 0.00341 0.00341
1.98400 0.00338 0.00338 0.00338 0.00338 0.00338 0.00338 0.00338 0.00338 0.00338 0.00338
1.98800 0.00335 0.00335 0.00335 0.00335 0.00335 0.00335 0.00335 0.00335 0.00335 0.00335
1.99200 0.00332 0.00332 0.00332 0.00332 0.00332 0.00332 0.00332 0.00332 0.00332 0.00332
1.99600 0.00329 0.00329 0.00329 0.00329 0.00329 0.00329 0.00329 0.00329 0.00329 0.00329
2.00000 0.00326 0.00326 0.00326 0.00326 0.00326 0.00326 0.00326 0.00326 0.00326 0.00326
