-2.00000 0.07339 0.07339 0.07339 0.07339 0.07339 0.07339 0.07339 0.07339 0.07339 0.07339
-1.99600 0.08511 0.08511 0.08511 0.08511 0.08511 0.08511 0.08511 0.08511 0.08511 0.08511
-1.99200 0.09974 0.09974 0.09974 0.09974 0.09974 0.09974 0.09974 0.09974 0.09974 0.09974
-1.98800 0.11746 0.11746 0.11746 0.11746 0.11746 0.11746 0.11746 0.11746 0.11746 0.11746
-1.98400 0.13753 0.13753 0.13753 0.13753 0.13753 0.13753 0.13753 0.13753 0.13753 0.13753
-1.98000 0.15747 0.15747 0.15747 0.15747 0.15747 0.15747 0.15747 0.15747 0.15747 0.15747
-1.97600 0.17260 0.17260 0.17260 0.17260 0.17260 0.17260 0.17260 0.17260 0.17260 0.17260
-1.97200 0.17775 0.17775 0.17775 0.17775 0.17775 0.17775 0.17775 0.17775 0.17775 0.17775
-1.96800 0.17092 0.17092 0.17092 0.17092 0.17092 0.17092 0.17092 0.17092 0.17092 0.17092
-1.96400 0.15506 0.15506 0.15506 0.15506 0.15506 0.15506 0.15506 0.15506 0.15506 0.15506
-1.96000 0.13553 0.13553 0.13553 0.13553 0.13553 0.13553 0.13553 0.13553 0.13553 0.13553
-1.95600 0.11661 0.11661 0.11661 0.11661 0.11661 0.11661 0.11661 0.11661 0.11661 0.11661
-1.95200 0.10038 0.10038 0.10038 0.10038 0.10038 0.10038 0.10038 0.10038 0.10038 0.10038
-1.94800 0.08733 0.08733 0.08733 0.08733 0.08733 0.08733 0.08733 0.08733 0.08733 0.08733
-1.94400 0.07724 0.07724 0.07724 0.07724 0.07724 0.07724 0.07724 0.07724 0.07724 0.07724
-1.94000 0.06963 0.06963 0.06963 0.06963 0.06963 0.06963 0.06963 0.06963 0.06963 0.06963
-1.93600 0.06401 0.06401 0.06401 0.06401 0.06401 0.06401 0.06401 0.06401 0.06401 0.06401
-1.93200 0.05997 0.05997 0.05997 0.05997 0.05997 0.05997 0.05997 0.05997 0.05997 0.05997
-1.92800 0.05705 0.05705 0.05705 0.05705 0.05705 0.05705 0.05705 0.05705 0.05705 0.05705
-1.92400 0.05477 0.05477 0.05477 0.05477 0.05477 0.05477 0.05477 0.05477 0.05477 0.05477
-1.92000 0.05266 0.05266 0.05266 0.05266 0.05266 0.05266 0.05266 0.05266 0.05266 0.05266
-1.91600 0.05040 0.05040 0.05040 0.05040 0.05040 0.05040 0.05040 0.05040 0.05040 0.05040
-1.91200 0.04800 0.04800 0.04800 0.04800 0.04800 0.04800 0.04800 0.04800 0.04800 0.04800
-1.90800 0.04566 0.04566 0.04566 0.04566 0.04566 0.04566 0.04566 0.04566 0.04566 0.04566
-1.90400 0.04359 0.04359 0.04359 0.04359 0.04359 0.04359 0.04359 0.04359 0.04359 0.04359
-1.90000 0.04188 0.04188 0.04188 0.04188 0.04188 0.04188 0.04188 0.04188 0.04188 0.04188
-1.89600 0.04053 0.04053 0.04053 0.04053 0.04053 0.04053 0.04053 0.04053 0.04053 0.04053
-1.89200 0.03951 0.03951 0.03951 0.03951 0.03951 0.03951 0.03951 0.03951 0.03951 0.03951
-1.88800 0.03877 0.03877 0.03877 0.03877 0.03877 0.03877 0.03877 0.03877 0.03877 0.03877
-1.88400 0.03826 0.03826 0.03826 0.03826 0.03826 0.03826 0.03826 0.03826 0.03826 0.03826
-1.88000 0.03794 0.03794 0.03794 0.03794 0.03794 0.03794 0.03794 0.03794 0.03794 0.03794
-1.87600 0.03778 0.03778 0.03778 0.03778 0.03778 0.03778 0.03778 0.03778 0.03778 0.03778
-1.87200 0.03776 0.03776 0.03776 0.03776 0.03776 0.03776 0.03776 0.03776 0.03776 0.03776
-1.86800 0.03786 0.03786 0.03786 0.03786 0.03786 0.03786 0.03786 0.03786 0.03786 0.03786
-1.86400 0.03807 0.03807 0.03807 0.03807 0.03807 0.03807 0.03807 0.03807 0.03807 0.03807
-1.86000 0.03837 0.03837 0.03837 0.03837 0.03837 0.03837 0.03837 0.03837 0.03837 0.03837
-1.85600 0.03877 0.03877 0.03877 0.03877 0.03877 0.03877 0.03877 0.03877 0.03877 0.03877
-1.85200 0.03924 0.03924 0.03924 0.03924 0.03924 0.03924 0.03924 0.03924 0.03924 0.03924
-1.84800 0.03980 0.03980 0.03980 0.03980 0.03980 0.03980 0.03980 0.03980 0.03980 0.03980
-1.84400 0.04043 0.04043 0.04043 0.04043 0.04043 0.04043 0.04043 0.04043 0.04043 0.04043
-1.84000 0.04113 0.04113 0.04113 0.04113 0.04113 0.04113 0.04113 0.04113 0.04113 0.04113
-1.83600 0.04191 0.04191 0.04191 0.04191 0.04191 0.04191 0.04191 0.04191 0.04191 0.04191
-1.83200 0.04276 0.04276 0.04276 0.04276 0.04276 0.04276 0.04276 0.04276 0.04276 0.04276
-1.82800 0.04369 0.04369 0.04369 0.04369 0.04369 0.04369 0.04369 0.04369 0.04369 0.04369
-1.82400 0.04469 0.04469 0.04469 0.04469 0.04469 0.04469 0.04469 0.04469 0.04469 0.04469
-1.82000 0.04578 0.04578 0.04578 0.04578 0.04578 0.04578 0.04578 0.04578 0.04578 0.04578
-1.81600 0.04694 0.04694 0.04694 0.04694 0.04694 0.04694 0.04694 0.04694 0.04694 0.04694
-1.81200 0.04819 0.04819 0.04819 0.04819 0.04819 0.04819 0.04819 0.04819 0.04819 0.04819
-1.80800 0.04953 0.04953 0.04953 0.04953 0.04953 0.04953 0.04953 0.04953 0.04953 0.04953
-1.80400 0.05096 0.05096 0.05096 0.05096 0.05096 0.05096 0.05096 0.05096 0.05096 0.05096
-1.80000 0.05250 0.05250 0.05250 0.05250 0.05250 0.05250 0.05250 0.05250 0.05250 0.05250
-1.79600 0.05414 0.05414 0.05414 0.05414 0.05414 0.05414 0.05414 0.05414 0.05414 0.05414
-1.79200 0.05590 0.05590 0.05590 0.05590 0.05590 0.05590 0.05590 0.05590 0.05590 0.05590
-1.78800 0.05778 0.05778 0.05778 0.05778 0.05778 0.05778 0.05778 0.05778 0.05778 0.05778
-1.78400 0.05980 0.05980 0.05980 0.05980 0.05980 0.05980 0.05980 0.05980 0.05980 0.05980
-1.78000 0.06197 0.06197 0.06197 0.06197 0.06197 0.06197 0.06197 0.06197 0.06197 0.06197
-1.77600 0.06429 0.06429 0.06429 0.06429 0.06429 0.06429 0.06429 0.06429 0.06429 0.06429
-1.77200 0.06679 0.06679 0.06679 0.06679 0.06679 0.06679 0.06679 0.06679 0.06679 0.06679
-1.76800 0.06948 0.06948 0.06948 0.06948 0.06948 0.06948 0.06948 0.06948 0.06948 0.06948
-1.76400 0.07237 0.07237 0.07237 0.07237 0.07237 0.07237 0.07237 0.07237 0.07237 0.07237
-1.76000 0.07550 0.07550 0.07550 0.07550 0.07550 0.07550 0.07550 0.07550 0.07550 0.07550
-1.75600 0.07888 0.07888 0.07888 0.07888 0.07888 0.07888 0.07888 0.07888 0.07888 0.07888
-1.75200 0.08254 0.08254 0.08254 0.08254 0.08254 0.08254 0.08254 0.08254 0.08254 0.08254
-1.74800 0.08652 0.08652 0.08652 0.08652 0.08652 0.08652 0.08652 0.08652 0.08652 0.08652
-1.74400 0.09085 0.09085 0.09085 0.09085 0.09085 0.09085 0.09085 0.09085 0.09085 0.09085
-1.74000 0.09558 0.09558 0.09558 0.09558 0.09558 0.09558 0.09558 0.09558 0.09558 0.09558
-1.73600 0.10074 0.10074 0.10074 0.10074 0.10074 0.10074 0.10074 0.10074 0.10074 0.10074
-1.73200 0.10641 0.10641 0.10641 0.10641 0.10641 0.10641 0.10641 0.10641 0.10641 0.10641
-1.72800 0.11265 0.11265 0.11265 0.11265 0.11265 0.11265 0.11265 0.11265 0.11265 0.11265
-1.72400 0.11954 0.11954 0.11954 0.11954 0.11954 0.11954 0.11954 0.11954 0.11954 0.11954
-1.72000 0.12718 0.12718 0.12718 0.12718 0.12718 0.12718 0.12718 0.12718 0.12718 0.12718
-1.71600 0.13567 0.13567 0.13567 0.13567 0.13567 0.13567 0.13567 0.13567 0.13567 0.13567
-1.71200 0.14515 0.14515 0.14515 0.14515 0.14515 0.14515 0.14515 0.14515 0.14515 0.14515
-1.70800 0.15579 0.15579 0.15579 0.15579 0.15579 0.15579 0.15579 0.15579 0.15579 0.15579
-1.70400 0.16778 0.16778 0.16778 0.16778 0.16778 0.16778 0.16778 0.16778 0.16778 0.16778
-1.70000 0.18136 0.18136 0.18136 0.18136 0.18136 0.18136 0.18136 0.18136 0.18136 0.18136
-1.69600 0.19683 0.19683 0.19683 0.19683 0.19683 0.19683 0.19683 0.19683 0.19683 0.19683
-1.69200 0.21456 0.21456 0.21456 0.21456 0.21456 0.21456 0.21456 0.21456 0.21456 0.21456
-1.68800 0.23500 0.23500 0.23500 0.23500 0.23500 0.23500 0.23500 0.23500 0.23500 0.23500
-1.68400 0.25874 0.25874 0.25874 0.25874 0.25874 0.25874 0.25874 0.25874 0.25874 0.25874
-1.68000 0.28650 0.28650 0.28650 0.28650 0.28650 0.28650 0.28650 0.28650 0.28650 0.28650
-1.67600 0.31924 0.31924 0.31924 0.31924 0.31924 0.31924 0.31924 0.31924 0.31924 0.31924
-1.67200 0.35818 0.35818 0.35818 0.35818 0.35818 0.35818 0.35818 0.35818 0.35818 0.35818
-1.66800 0.40490 0.40490 0.40490 0.40490 0.40490 0.40490 0.40490 0.40490 0.40490 0.40490
-1.66400 0.46152 0.46152 0.46152 0.46152 0.46152 0.46152 0.46152 0.46152 0.46152 0.46152
-1.66000 0.53082 0.53082 0.53082 0.53082 0.53082 0.53082 0.53082 0.53082 0.53082 0.53082
-1.65600 0.61647 0.61647 0.61647 0.61647 0.61647 0.61647 0.61647 0.61647 0.61647 0.61647
-1.65200 0.72336 0.72336 0.72336 0.72336 0.72336 0.72336 0.72336 0.72336 0.72336 0.72336
-1.64800 0.85777 0.85777 0.85777 0.85777 0.85777 0.85777 0.85777 0.85777 0.85777 0.85777
-1.64400 1.02752 1.02752 1.02752 1.02752 1.02752 1.02752 1.02752 1.02752 1.02752 1.02752
-1.64000 1.24128 1.24128 1.24128 1.24128 1.24128 1.24128 1.24128 1.24128 1.24128 1.24128
-1.63600 1.50617 1.50617 1.50617 1.50617 1.50617 1.50617 1.50617 1.50617 1.50617 1.50617
-1.63200 1.82149 1.82149 1.82149 1.82149 1.82149 1.82149 1.82149 1.82149 1.82149 1.82149
-1.62800 2.16657 2.16657 2.16657 2.16657 2.16657 2.16657 2.16657 2.16657 2.16657 2.16657
-1.62400 2.48631 2.48631 2.48631 2.48631 2.48631 2.48631 2.48631 2.48631 2.48631 2.48631
-1.62000 2.69303 2.69303 2.69303 2.69303 2.69303 2.69303 2.69303 2.69303 2.69303 2.69303
-1.61600 2.70935 2.70935 2.70935 2.70935 2.70935 2.70935 2.70935 2.70935 2.70935 2.70935
-1.61200 2.52946 2.52946 2.52946 2.52946 2.52946 2.52946 2.52946 2.52946 2.52946 2.52946
-1.60800 2.22442 2.22442 2.22442 2.22442 2.22442 2.22442 2.22442 2.22442 2.22442 2.22442
-1.60400 1.88402 1.88402 1.88402 1.88402 1.88402 1.88402 1.88402 1.88402 1.88402 1.88402
-1.60000 1.56847 1.56847 1.56847 1.56847 1.56847 1.56847 1.56847 1.56847 1.56847 1.56847
-1.59600 1.30225 1.30225 1.30225 1.30225 1.30225 1.30225 1.30225 1.30225 1.30225 1.30225
-1.59200 1.08791 1.08791 1.08791 1.08791 1.08791 1.08791 1.08791 1.08791 1.08791 1.08791
-1.58800 0.91894 0.91894 0.91894 0.91894 0.91894 0.91894 0.91894 0.91894 0.91894 0.91894
-1.58400 0.78671 0.78671 0.78671 0.78671 0.78671 0.78671 0.78671 0.78671 0.78671 0.78671
-1.58000 0.68330 0.68330 0.68330 0.68330 0.68330 0.68330 0.68330 0.68330 0.68330 0.68330
-1.57600 0.60226 0.60226 0.60226 0.60226 0.60226 0.60226 0.60226 0.60226 0.60226 0.60226
-1.57200 0.53863 0.53863 0.53863 0.53863 0.53863 0.53863 0.53863 0.53863 0.53863 0.53863
-1.56800 0.48865 0.48865 0.48865 0.48865 0.48865 0.48865 0.48865 0.48865 0.48865 0.48865
-1.56400 0.44954 0.44954 0.44954 0.44954 0.44954 0.44954 0.44954 0.44954 0.44954 0.44954
-1.56000 0.41923 0.41923 0.41923 0.41923 0.41923 0.41923 0.41923 0.41923 0.41923 0.41923
-1.55600 0.39618 0.39618 0.39618 0.39618 0.39618 0.39618 0.39618 0.39618 0.39618 0.39618
-1.55200 0.37929 0.37929 0.37929 0.37929 0.37929 0.37929 0.37929 0.37929 0.37929 0.37929
-1.54800 0.36777 0.36777 0.36777 0.36777 0.36777 0.36777 0.36777 0.36777 0.36777 0.36777
-1.54400 0.36107 0.36107 0.36107 0.36107 0.36107 0.36107 0.36107 0.36107 0.36107 0.36107
-1.54000 0.35887 0.35887 0.35887 0.35887 0.35887 0.35887 0.35887 0.35887 0.35887 0.35887
-1.53600 0.36102 0.36102 0.36102 0.36102 0.36102 0.36102 0.36102 0.36102 0.36102 0.36102
-1.53200 0.36757 0.36757 0.36757 0.36757 0.36757 0.36757 0.36757 0.36757 0.36757 0.36757
-1.52800 0.37871 0.37871 0.37871 0.37871 0.37871 0.37871 0.37871 0.37871 0.37871 0.37871
-1.52400 0.39487 0.39487 0.39487 0.39487 0.39487 0.39487 0.39487 0.39487 0.39487 0.39487
-1.52000 0.41665 0.41665 0.41665 0.41665 0.41665 0.41665 0.41665 0.41665 0.41665 0.41665
-1.51600 0.44497 0.44497 0.44497 0.44497 0.44497 0.44497 0.44497 0.44497 0.44497 0.44497
-1.51200 0.48107 0.48107 0.48107 0.48107 0.48107 0.48107 0.48107 0.48107 0.48107 0.48107
-1.50800 0.52665 0.52665 0.52665 0.52665 0.52665 0.52665 0.52665 0.52665 0.52665 0.52665
-1.50400 0.58401 0.58401 0.58401 0.58401 0.58401 0.58401 0.58401 0.58401 0.58401 0.58401
-1.50000 0.65622 0.65622 0.65622 0.65622 0.65622 0.65622 0.65622 0.65622 0.65622 0.65622
-1.49600 0.74736 0.74736 0.74736 0.74736 0.74736 0.74736 0.74736 0.74736 0.74736 0.74736
-1.49200 0.86271 0.86271 0.86271 0.86271 0.86271 0.86271 0.86271 0.86271 0.86271 0.86271
-1.48800 1.00880 1.00880 1.00880 1.00880 1.00880 1.00880 1.00880 1.00880 1.00880 1.00880
-1.48400 1.19282 1.19282 1.19282 1.19282 1.19282 1.19282 1.19282 1.19282 1.19282 1.19282
-1.48000 1.42052 1.42052 1.42052 1.42052 1.42052 1.42052 1.42052 1.42052 1.42052 1.42052
-1.47600 1.69089 1.69089 1.69089 1.69089 1.69089 1.69089 1.69089 1.69089 1.69089 1.69089
-1.47200 1.98616 1.98616 1.98616 1.98616 1.98616 1.98616 1.98616 1.98616 1.98616 1.98616
-1.46800 2.26082 2.26082 2.26082 2.26082 2.26082 2.26082 2.26082 2.26082 2.26082 2.26082
-1.46400 2.44566 2.44566 2.44566 2.44566 2.44566 2.44566 2.44566 2.44566 2.44566 2.44566
-1.46000 2.48498 2.48498 2.48498 2.48498 2.48498 2.48498 2.48498 2.48498 2.48498 2.48498
-1.45600 2.38344 2.38344 2.38344 2.38344 2.38344 2.38344 2.38344 2.38344 2.38344 2.38344
-1.45200 2.20414 2.20414 2.20414 2.20414 2.20414 2.20414 2.20414 2.20414 2.20414 2.20414
-1.44800 2.02104 2.02104 2.02104 2.02104 2.02104 2.02104 2.02104 2.02104 2.02104 2.02104
-1.44400 1.88406 1.88406 1.88406 1.88406 1.88406 1.88406 1.88406 1.88406 1.88406 1.88406
-1.44000 1.81672 1.81672 1.81672 1.81672 1.81672 1.81672 1.81672 1.81672 1.81672 1.81672
-1.43600 1.82659 1.82659 1.82659 1.82659 1.82659 1.82659 1.82659 1.82659 1.82659 1.82659
-1.43200 1.91226 1.91226 1.91226 1.91226 1.91226 1.91226 1.91226 1.91226 1.91226 1.91226
-1.42800 2.06192 2.06192 2.06192 2.06192 2.06192 2.06192 2.06192 2.06192 2.06192 2.06192
-1.42400 2.24449 2.24449 2.24449 2.24449 2.24449 2.24449 2.24449 2.24449 2.24449 2.24449
-1.42000 2.40095 2.40095 2.40095 2.40095 2.40095 2.40095 2.40095 2.40095 2.40095 2.40095
-1.41600 2.45615 2.45615 2.45615 2.45615 2.45615 2.45615 2.45615 2.45615 2.45615 2.45615
-1.41200 2.36269 2.36269 2.36269 2.36269 2.36269 2.36269 2.36269 2.36269 2.36269 2.36269
-1.40800 2.13882 2.13882 2.13882 2.13882 2.13882 2.13882 2.13882 2.13882 2.13882 2.13882
-1.40400 1.84989 1.84989 1.84989 1.84989 1.84989 1.84989 1.84989 1.84989 1.84989 1.84989
-1.40000 1.55885 1.55885 1.55885 1.55885 1.55885 1.55885 1.55885 1.55885 1.55885 1.55885
-1.39600 1.30078 1.30078 1.30078 1.30078 1.30078 1.30078 1.30078 1.30078 1.30078 1.30078
-1.39200 1.08636 1.08636 1.08636 1.08636 1.08636 1.08636 1.08636 1.08636 1.08636 1.08636
-1.38800 0.91344 0.91344 0.91344 0.91344 0.91344 0.91344 0.91344 0.91344 0.91344 0.91344
-1.38400 0.77543 0.77543 0.77543 0.77543 0.77543 0.77543 0.77543 0.77543 0.77543 0.77543
-1.38000 0.66524 0.66524 0.66524 0.66524 0.66524 0.66524 0.66524 0.66524 0.66524 0.66524
-1.37600 0.57676 0.57676 0.57676 0.57676 0.57676 0.57676 0.57676 0.57676 0.57676 0.57676
-1.37200 0.50509 0.50509 0.50509 0.50509 0.50509 0.50509 0.50509 0.50509 0.50509 0.50509
-1.36800 0.44650 0.44650 0.44650 0.44650 0.44650 0.44650 0.44650 0.44650 0.44650 0.44650
-1.36400 0.39812 0.39812 0.39812 0.39812 0.39812 0.39812 0.39812 0.39812 0.39812 0.39812
-1.36000 0.35779 0.35779 0.35779 0.35779 0.35779 0.35779 0.35779 0.35779 0.35779 0.35779
-1.35600 0.32388 0.32388 0.32388 0.32388 0.32388 0.32388 0.32388 0.32388 0.32388 0.32388
-1.35200 0.29513 0.29513 0.29513 0.29513 0.29513 0.29513 0.29513 0.29513 0.29513 0.29513
-1.34800 0.27056 0.27056 0.27056 0.27056 0.27056 0.27056 0.27056 0.27056 0.27056 0.27056
-1.34400 0.24941 0.24941 0.24941 0.24941 0.24941 0.24941 0.24941 0.24941 0.24941 0.24941
-1.34000 0.23111 0.23111 0.23111 0.23111 0.23111 0.23111 0.23111 0.23111 0.23111 0.23111
-1.33600 0.21517 0.21517 0.21517 0.21517 0.21517 0.21517 0.21517 0.21517 0.21517 0.21517
-1.33200 0.20121 0.20121 0.20121 0.20121 0.20121 0.20121 0.20121 0.20121 0.20121 0.20121
-1.32800 0.18894 0.18894 0.18894 0.18894 0.18894 0.18894 0.18894 0.18894 0.18894 0.18894
-1.32400 0.17810 0.17810 0.17810 0.17810 0.17810 0.17810 0.17810 0.17810 0.17810 0.17810
-1.32000 0.16849 0.16849 0.16849 0.16849 0.16849 0.16849 0.16849 0.16849 0.16849 0.16849
-1.31600 0.15995 0.15995 0.15995 0.15995 0.15995 0.15995 0.15995 0.15995 0.15995 0.15995
-1.31200 0.15234 0.15234 0.15234 0.15234 0.15234 0.15234 0.15234 0.15234 0.15234 0.15234
-1.30800 0.14553 0.14553 0.14553 0.14553 0.14553 0.14553 0.14553 0.14553 0.14553 0.14553
-1.30400 0.13943 0.13943 0.13943 0.13943 0.13943 0.13943 0.13943 0.13943 0.13943 0.13943
-1.30000 0.13397 0.13397 0.13397 0.13397 0.13397 0.13397 0.13397 0.13397 0.13397 0.13397
-1.29600 0.12906 0.12906 0.12906 0.12906 0.12906 0.12906 0.12906 0.12906 0.12906 0.12906
-1.29200 0.12466 0.12466 0.12466 0.12466 0.12466 0.12466 0.12466 0.12466 0.12466 0.12466
-1.28800 0.12070 0.12070 0.12070 0.12070 0.12070 0.12070 0.12070 0.12070 0.12070 0.12070
-1.28400 0.11715 0.11715 0.11715 0.11715 0.11715 0.11715 0.11715 0.11715 0.11715 0.11715
-1.28000 0.11397 0.11397 0.11397 0.11397 0.11397 0.11397 0.11397 0.11397 0.11397 0.11397
-1.27600 0.11112 0.11112 0.11112 0.11112 0.11112 0.11112 0.11112 0.11112 0.11112 0.11112
-1.27200 0.10858 0.10858 0.10858 0.10858 0.10858 0.10858 0.10858 0.10858 0.10858 0.10858
-1.26800 0.10632 0.10632 0.10632 0.10632 0.10632 0.10632 0.10632 0.10632 0.10632 0.10632
-1.26400 0.10433 0.10433 0.10433 0.10433 0.10433 0.10433 0.10433 0.10433 0.10433 0.10433
-1.26000 0.10258 0.10258 0.10258 0.10258 0.10258 0.10258 0.10258 0.10258 0.10258 0.10258
-1.25600 0.10105 0.10105 0.10105 0.10105 0.10105 0.10105 0.10105 0.10105 0.10105 0.10105
-1.25200 0.09974 0.09974 0.09974 0.09974 0.09974 0.09974 0.09974 0.09974 0.09974 0.09974
-1.24800 0.09863 0.09863 0.09863 0.09863 0.09863 0.09863 0.09863 0.09863 0.09863 0.09863
-1.24400 0.09772 0.09772 0.09772 0.09772 0.09772 0.09772 0.09772 0.09772 0.09772 0.09772
-1.24000 0.09698 0.09698 0.09698 0.09698 0.09698 0.09698 0.09698 0.09698 0.09698 0.09698
-1.23600 0.09643 0.09643 0.09643 0.09643 0.09643 0.09643 0.09643 0.09643 0.09643 0.09643
-1.23200 0.09604 0.09604 0.09604 0.09604 0.09604 0.09604 0.09604 0.09604 0.09604 0.09604
-1.22800 0.09582 0.09582 0.09582 0.09582 0.09582 0.09582 0.09582 0.09582 0.09582 0.09582
-1.22400 0.09577 0.09577 0.09577 0.09577 0.09577 0.09577 0.09577 0.09577 0.09577 0.09577
-1.22000 0.09587 0.09587 0.09587 0.09587 0.09587 0.09587 0.09587 0.09587 0.09587 0.09587
-1.21600 0.09614 0.09614 0.09614 0.09614 0.09614 0.09614 0.09614 0.09614 0.09614 0.09614
-1.21200 0.09656 0.09656 0.09656 0.09656 0.09656 0.09656 0.09656 0.09656 0.09656 0.09656
-1.20800 0.09714 0.09714 0.09714 0.09714 0.09714 0.09714 0.09714 0.09714 0.09714 0.09714
-1.20400 0.09788 0.09788 0.09788 0.09788 0.09788 0.09788 0.09788 0.09788 0.09788 0.09788
-1.20000 0.09879 0.09879 0.09879 0.09879 0.09879 0.09879 0.09879 0.09879 0.09879 0.09879
-1.19600 0.09985 0.09985 0.09985 0.09985 0.09985 0.09985 0.09985 0.09985 0.09985 0.09985
-1.19200 0.10109 0.10109 0.10109 0.10109 0.10109 0.10109 0.10109 0.10109 0.10109 0.10109
-1.18800 0.10250 0.10250 0.10250 0.10250 0.10250 0.10250 0.10250 0.10250 0.10250 0.10250
-1.18400 0.10410 0.10410 0.10410 0.10410 0.10410 0.10410 0.10410 0.10410 0.10410 0.10410
-1.18000 0.10588 0.10588 0.10588 0.10588 0.10588 0.10588 0.10588 0.10588 0.10588 0.10588
-1.17600 0.10785 0.10785 0.10785 0.10785 0.10785 0.10785 0.10785 0.10785 0.10785 0.10785
-1.17200 0.11003 0.11003 0.11003 0.11003 0.11003 0.11003 0.11003 0.11003 0.11003 0.11003
-1.16800 0.11243 0.11243 0.11243 0.11243 0.11243 0.11243 0.11243 0.11243 0.11243 0.11243
-1.16400 0.11506 0.11506 0.11506 0.11506 0.11506 0.11506 0.11506 0.11506 0.11506 0.11506
-1.16000 0.11793 0.11793 0.11793 0.11793 0.11793 0.11793 0.11793 0.11793 0.11793 0.11793
-1.15600 0.12106 0.12106 0.12106 0.12106 0.12106 0.12106 0.12106 0.12106 0.12106 0.12106
-1.15200 0.12446 0.12446 0.12446 0.12446 0.12446 0.12446 0.12446 0.12446 0.12446 0.12446
-1.14800 0.12817 0.12817 0.12817 0.12817 0.12817 0.12817 0.12817 0.12817 0.12817 0.12817
-1.14400 0.13219 0.13219 0.13219 0.13219 0.13219 0.13219 0.13219 0.13219 0.13219 0.13219
-1.14000 0.13656 0.13656 0.13656 0.13656 0.13656 0.13656 0.13656 0.13656 0.13656 0.13656
-1.13600 0.14130 0.14130 0.14130 0.14130 0.14130 0.14130 0.14130 0.14130 0.14130 0.14130
-1.13200 0.14645 0.14645 0.14645 0.14645 0.14645 0.14645 0.14645 0.14645 0.14645 0.14645
-1.12800 0.15205 0.15205 0.15205 0.15205 0.15205 0.15205 0.15205 0.15205 0.15205 0.15205
-1.12400 0.15813 0.15813 0.15813 0.15813 0.15813 0.15813 0.15813 0.15813 0.15813 0.15813
-1.12000 0.16474 0.16474 0.16474 0.16474 0.16474 0.16474 0.16474 0.16474 0.16474 0.16474
-1.11600 0.17194 0.17194 0.17194 0.17194 0.17194 0.17194 0.17194 0.17194 0.17194 0.17194
-1.11200 0.17978 0.17978 0.17978 0.17978 0.17978 0.17978 0.17978 0.17978 0.17978 0.17978
-1.10800 0.18834 0.18834 0.18834 0.18834 0.18834 0.18834 0.18834 0.18834 0.18834 0.18834
-1.10400 0.19770 0.19770 0.19770 0.19770 0.19770 0.19770 0.19770 0.19770 0.19770 0.19770
-1.10000 0.20794 0.20794 0.20794 0.20794 0.20794 0.20794 0.20794 0.20794 0.20794 0.20794
-1.09600 0.21918 0.21918 0.21918 0.21918 0.21918 0.21918 0.21918 0.21918 0.21918 0.21918
-1.09200 0.23152 0.23152 0.23152 0.23152 0.23152 0.23152 0.23152 0.23152 0.23152 0.23152
-1.08800 0.24513 0.24513 0.24513 0.24513 0.24513 0.24513 0.24513 0.24513 0.24513 0.24513
-1.08400 0.26015 0.26015 0.26015 0.26015 0.26015 0.26015 0.26015 0.26015 0.26015 0.26015
-1.08000 0.27678 0.27678 0.27678 0.27678 0.27678 0.27678 0.27678 0.27678 0.27678 0.27678
-1.07600 0.29525 0.29525 0.29525 0.29525 0.29525 0.29525 0.29525 0.29525 0.29525 0.29525
-1.07200 0.31582 0.31582 0.31582 0.31582 0.31582 0.31582 0.31582 0.31582 0.31582 0.31582
-1.06800 0.33881 0.33881 0.33881 0.33881 0.33881 0.33881 0.33881 0.33881 0.33881 0.33881
-1.06400 0.36461 0.36461 0.36461 0.36461 0.36461 0.36461 0.36461 0.36461 0.36461 0.36461
-1.06000 0.39367 0.39367 0.39367 0.39367 0.39367 0.39367 0.39367 0.39367 0.39367 0.39367
-1.05600 0.42653 0.42653 0.42653 0.42653 0.42653 0.42653 0.42653 0.42653 0.42653 0.42653
-1.05200 0.46388 0.46388 0.46388 0.46388 0.46388 0.46388 0.46388 0.46388 0.46388 0.46388
-1.04800 0.50652 0.50652 0.50652 0.50652 0.50652 0.50652 0.50652 0.50652 0.50652 0.50652
-1.04400 0.55549 0.55549 0.55549 0.55549 0.55549 0.55549 0.55549 0.55549 0.55549 0.55549
-1.04000 0.61204 0.61204 0.61204 0.61204 0.61204 0.61204 0.61204 0.61204 0.61204 0.61204
-1.03600 0.67776 0.67776 0.67776 0.67776 0.67776 0.67776 0.67776 0.67776 0.67776 0.67776
-1.03200 0.75465 0.75465 0.75465 0.75465 0.75465 0.75465 0.75465 0.75465 0.75465 0.75465
-1.02800 0.84529 0.84529 0.84529 0.84529 0.84529 0.84529 0.84529 0.84529 0.84529 0.84529
-1.02400 0.95296 0.95296 0.95296 0.95296 0.95296 0.95296 0.95296 0.95296 0.95296 0.95296
-1.02000 1.08197 1.08197 1.08197 1.08197 1.08197 1.08197 1.08197 1.08197 1.08197 1.08197
-1.01600 1.23793 1.23793 1.23793 1.23793 1.23793 1.23793 1.23793 1.23793 1.23793 1.23793
-1.01200 1.42827 1.42827 1.42827 1.42827 1.42827 1.42827 1.42827 1.42827 1.42827 1.42827
-1.00800 1.66282 1.66282 1.66282 1.66282 1.66282 1.66282 1.66282 1.66282 1.66282 1.66282
-1.00400 1.95461 1.95461 1.95461 1.95461 1.95461 1.95461 1.95461 1.95461 1.95461 1.95461
-1.00000 2.32079 2.32079 2.32079 2.32079 2.32079 2.32079 2.32079 2.32079 2.32079 2.32079
-0.99600 2.78326 2.78326 2.78326 2.78326 2.78326 2.78326 2.78326 2.78326 2.78326 2.78326
-0.99200 3.36841 3.36841 3.36841 3.36841 3.36841 3.36841 3.36841 3.36841 3.36841 3.36841
-0.98800 4.10357 4.10357 4.10357 4.10357 4.10357 4.10357 4.10357 4.10357 4.10357 4.10357
-0.98400 5.00563 5.00563 5.00563 5.00563 5.00563 5.00563 5.00563 5.00563 5.00563 5.00563
-0.98000 6.05467 6.05467 6.05467 6.05467 6.05467 6.05467 6.05467 6.05467 6.05467 6.05467
-0.97600 7.14927 7.14927 7.14927 7.14927 7.14927 7.14927 7.14927 7.14927 7.14927 7.14927
-0.97200 8.06902 8.06902 8.06902 8.06902 8.06902 8.06902 8.06902 8.06902 8.06902 8.06902
-0.96800 8.52212 8.52212 8.52212 8.52212 8.52212 8.52212 8.52212 8.52212 8.52212 8.52212
-0.96400 8.32554 8.32554 8.32554 8.32554 8.32554 8.32554 8.32554 8.32554 8.32554 8.32554
-0.96000 7.56189 7.56189 7.56189 7.56189 7.56189 7.56189 7.56189 7.56189 7.56189 7.56189
-0.95600 6.50510 6.50510 6.50510 6.50510 6.50510 6.50510 6.50510 6.50510 6.50510 6.50510
-0.95200 5.41852 5.41852 5.41852 5.41852 5.41852 5.41852 5.41852 5.41852 5.41852 5.41852
-0.94800 4.45023 4.45023 4.45023 4.45023 4.45023 4.45023 4.45023 4.45023 4.45023 4.45023
-0.94400 3.64733 3.64733 3.64733 3.64733 3.64733 3.64733 3.64733 3.64733 3.64733 3.64733
-0.94000 3.00367 3.00367 3.00367 3.00367 3.00367 3.00367 3.00367 3.00367 3.00367 3.00367
-0.93600 2.49413 2.49413 2.49413 2.49413 2.49413 2.49413 2.49413 2.49413 2.49413 2.49413
-0.93200 2.09121 2.09121 2.09121 2.09121 2.09121 2.09121 2.09121 2.09121 2.09121 2.09121
-0.92800 1.77103 1.77103 1.77103 1.77103 1.77103 1.77103 1.77103 1.77103 1.77103 1.77103
-0.92400 1.51455 1.51455 1.51455 1.51455 1.51455 1.51455 1.51455 1.51455 1.51455 1.51455
-0.92000 1.30717 1.30717 1.30717 1.30717 1.30717 1.30717 1.30717 1.30717 1.30717 1.30717
-0.91600 1.13784 1.13784 1.13784 1.13784 1.13784 1.13784 1.13784 1.13784 1.13784 1.13784
-0.91200 0.99825 0.99825 0.99825 0.99825 0.99825 0.99825 0.99825 0.99825 0.99825 0.99825
-0.90800 0.88209 0.88209 0.88209 0.88209 0.88209 0.88209 0.88209 0.88209 0.88209 0.88209
-0.90400 0.78459 0.78459 0.78459 0.78459 0.78459 0.78459 0.78459 0.78459 0.78459 0.78459
-0.90000 0.70207 0.70207 0.70207 0.70207 0.70207 0.70207 0.70207 0.70207 0.70207 0.70207
-0.89600 0.63170 0.63170 0.63170 0.63170 0.63170 0.63170 0.63170 0.63170 0.63170 0.63170
-0.89200 0.57125 0.57125 0.57125 0.57125 0.57125 0.57125 0.57125 0.57125 0.57125 0.57125
-0.88800 0.51898 0.51898 0.51898 0.51898 0.51898 0.51898 0.51898 0.51898 0.51898 0.51898
-0.88400 0.47351 0.47351 0.47351 0.47351 0.47351 0.47351 0.47351 0.47351 0.47351 0.47351
-0.88000 0.43372 0.43372 0.43372 0.43372 0.43372 0.43372 0.43372 0.43372 0.43372 0.43372
-0.87600 0.39873 0.39873 0.39873 0.39873 0.39873 0.39873 0.39873 0.39873 0.39873 0.39873
-0.87200 0.36779 0.36779 0.36779 0.36779 0.36779 0.36779 0.36779 0.36779 0.36779 0.36779
-0.86800 0.34032 0.34032 0.34032 0.34032 0.34032 0.34032 0.34032 0.34032 0.34032 0.34032
-0.86400 0.31581 0.31581 0.31581 0.31581 0.31581 0.31581 0.31581 0.31581 0.31581 0.31581
-0.86000 0.29387 0.29387 0.29387 0.29387 0.29387 0.29387 0.29387 0.29387 0.29387 0.29387
-0.85600 0.27415 0.27415 0.27415 0.27415 0.27415 0.27415 0.27415 0.27415 0.27415 0.27415
-0.85200 0.25635 0.25635 0.25635 0.25635 0.25635 0.25635 0.25635 0.25635 0.25635 0.25635
-0.84800 0.24025 0.24025 0.24025 0.24025 0.24025 0.24025 0.24025 0.24025 0.24025 0.24025
-0.84400 0.22563 0.22563 0.22563 0.22563 0.22563 0.22563 0.22563 0.22563 0.22563 0.22563
-0.84000 0.21232 0.21232 0.21232 0.21232 0.21232 0.21232 0.21232 0.21232 0.21232 0.21232
-0.83600 0.20016 0.20016 0.20016 0.20016 0.20016 0.20016 0.20016 0.20016 0.20016 0.20016
-0.83200 0.18903 0.18903 0.18903 0.18903 0.18903 0.18903 0.18903 0.18903 0.18903 0.18903
-0.82800 0.17882 0.17882 0.17882 0.17882 0.17882 0.17882 0.17882 0.17882 0.17882 0.17882
-0.82400 0.16942 0.16942 0.16942 0.16942 0.16942 0.16942 0.16942 0.16942 0.16942 0.16942
-0.82000 0.16076 0.16076 0.16076 0.16076 0.16076 0.16076 0.16076 0.16076 0.16076 0.16076
-0.81600 0.15275 0.15275 0.15275 0.15275 0.15275 0.15275 0.15275 0.15275 0.15275 0.15275
-0.81200 0.14534 0.14534 0.14534 0.14534 0.14534 0.14534 0.14534 0.14534 0.14534 0.14534
-0.80800 0.13846 0.13846 0.13846 0.13846 0.13846 0.13846 0.13846 0.13846 0.13846 0.13846
-0.80400 0.13207 0.13207 0.13207 0.13207 0.13207 0.13207 0.13207 0.13207 0.13207 0.13207
-0.80000 0.12612 0.12612 0.12612 0.12612 0.12612 0.12612 0.12612 0.12612 0.12612 0.12612
-0.79600 0.12057 0.12057 0.12057 0.12057 0.12057 0.12057 0.12057 0.12057 0.12057 0.12057
-0.79200 0.11539 0.11539 0.11539 0.11539 0.11539 0.11539 0.11539 0.11539 0.11539 0.11539
-0.78800 0.11054 0.11054 0.11054 0.11054 0.11054 0.11054 0.11054 0.11054 0.11054 0.11054
-0.78400 0.10600 0.10600 0.10600 0.10600 0.10600 0.10600 0.10600 0.10600 0.10600 0.10600
-0.78000 0.10174 0.10174 0.10174 0.10174 0.10174 0.10174 0.10174 0.10174 0.10174 0.10174
-0.77600 0.09773 0.09773 0.09773 0.09773 0.09773 0.09773 0.09773 0.09773 0.09773 0.09773
-0.77200 0.09397 0.09397 0.09397 0.09397 0.09397 0.09397 0.09397 0.09397 0.09397 0.09397
-0.76800 0.09042 0.09042 0.09042 0.09042 0.09042 0.09042 0.09042 0.09042 0.09042 0.09042
-0.76400 0.08708 0.08708 0.08708 0.08708 0.08708 0.08708 0.08708 0.08708 0.08708 0.08708
-0.76000 0.08392 0.08392 0.08392 0.08392 0.08392 0.08392 0.08392 0.08392 0.08392 0.08392
-0.75600 0.08093 0.08093 0.08093 0.08093 0.08093 0.08093 0.08093 0.08093 0.08093 0.08093
-0.75200 0.07811 0.07811 0.07811 0.07811 0.07811 0.07811 0.07811 0.07811 0.07811 0.07811
-0.74800 0.07544 0.07544 0.07544 0.07544 0.07544 0.07544 0.07544 0.07544 0.07544 0.07544
-0.74400 0.07290 0.07290 0.07290 0.07290 0.07290 0.07290 0.07290 0.07290 0.07290 0.07290
-0.74000 0.07050 0.07050 0.07050 0.07050 0.07050 0.07050 0.07050 0.07050 0.07050 0.07050
-0.73600 0.06821 0.06821 0.06821 0.06821 0.06821 0.06821 0.06821 0.06821 0.06821 0.06821
-0.73200 0.06604 0.06604 0.06604 0.06604 0.06604 0.06604 0.06604 0.06604 0.06604 0.06604
-0.72800 0.06397 0.06397 0.06397 0.06397 0.06397 0.06397 0.06397 0.06397 0.06397 0.06397
-0.72400 0.06201 0.06201 0.06201 0.06201 0.06201 0.06201 0.06201 0.06201 0.06201 0.06201
-0.72000 0.06013 0.06013 0.06013 0.06013 0.06013 0.06013 0.06013 0.06013 0.06013 0.06013
-0.71600 0.05834 0.05834 0.05834 0.05834 0.05834 0.05834 0.05834 0.05834 0.05834 0.05834
-0.71200 0.05663 0.05663 0.05663 0.05663 0.05663 0.05663 0.05663 0.05663 0.05663 0.05663
-0.70800 0.05500 0.05500 0.05500 0.05500 0.05500 0.05500 0.05500 0.05500 0.05500 0.05500
-0.70400 0.05344 0.05344 0.05344 0.05344 0.05344 0.05344 0.05344 0.05344 0.05344 0.05344
-0.70000 0.05195 0.05195 0.05195 0.05195 0.05195 0.05195 0.05195 0.05195 0.05195 0.05195
-0.69600 0.05052 0.05052 0.05052 0.05052 0.05052 0.05052 0.05052 0.05052 0.05052 0.05052
-0.69200 0.04916 0.04916 0.04916 0.04916 0.04916 0.04916 0.04916 0.04916 0.04916 0.04916
-0.68800 0.04784 0.04784 0.04784 0.04784 0.04784 0.04784 0.04784 0.04784 0.04784 0.04784
-0.68400 0.04659 0.04659 0.04659 0.04659 0.04659 0.04659 0.04659 0.04659 0.04659 0.04659
-0.68000 0.04538 0.04538 0.04538 0.04538 0.04538 0.04538 0.04538 0.04538 0.04538 0.04538
-0.67600 0.04422 0.04422 0.04422 0.04422 0.04422 0.04422 0.04422 0.04422 0.04422 0.04422
-0.67200 0.04311 0.04311 0.04311 0.04311 0.04311 0.04311 0.04311 0.04311 0.04311 0.04311
-0.66800 0.04204 0.04204 0.04204 0.04204 0.04204 0.04204 0.04204 0.04204 0.04204 0.04204
-0.66400 0.04101 0.04101 0.04101 0.04101 0.04101 0.04101 0.04101 0.04101 0.04101 0.04101
-0.66000 0.04002 0.04002 0.04002 0.04002 0.04002 0.04002 0.04002 0.04002 0.04002 0.04002
-0.65600 0.03906 0.03906 0.03906 0.03906 0.03906 0.03906 0.03906 0.03906 0.03906 0.03906
-0.65200 0.03815 0.03815 0.03815 0.03815 0.03815 0.03815 0.03815 0.03815 0.03815 0.03815
-0.64800 0.03726 0.03726 0.03726 0.03726 0.03726 0.03726 0.03726 0.03726 0.03726 0.03726
-0.64400 0.03641 0.03641 0.03641 0.03641 0.03641 0.03641 0.03641 0.03641 0.03641 0.03641
-0.64000 0.03558 0.03558 0.03558 0.03558 0.03558 0.03558 0.03558 0.03558 0.03558 0.03558
-0.63600 0.03479 0.03479 0.03479 0.03479 0.03479 0.03479 0.03479 0.03479 0.03479 0.03479
-0.63200 0.03402 0.03402 0.03402 0.03402 0.03402 0.03402 0.03402 0.03402 0.03402 0.03402
-0.62800 0.03328 0.03328 0.03328 0.03328 0.03328 0.03328 0.03328 0.03328 0.03328 0.03328
-0.62400 0.03256 0.03256 0.03256 0.03256 0.03256 0.03256 0.03256 0.03256 0.03256 0.03256
-0.62000 0.03187 0.03187 0.03187 0.03187 0.03187 0.03187 0.03187 0.03187 0.03187 0.03187
-0.61600 0.03120 0.03120 0.03120 0.03120 0.03120 0.03120 0.03120 0.03120 0.03120 0.03120
-0.61200 0.03055 0.03055 0.03055 0.03055 0.03055 0.03055 0.03055 0.03055 0.03055 0.03055
-0.60800 0.02993 0.02993 0.02993 0.02993 0.02993 0.02993 0.02993 0.02993 0.02993 0.02993
-0.60400 0.02932 0.02932 0.02932 0.02932 0.02932 0.02932 0.02932 0.02932 0.02932 0.02932
-0.60000 0.02873 0.02873 0.02873 0.02873 0.02873 0.02873 0.02873 0.02873 0.02873 0.02873
-0.59600 0.02816 0.02816 0.02816 0.02816 0.02816 0.02816 0.02816 0.02816 0.02816 0.02816
-0.59200 0.02761 0.02761 0.02761 0.02761 0.02761 0.02761 0.02761 0.02761 0.02761 0.02761
-0.58800 0.02707 0.02707 0.02707 0.02707 0.02707 0.02707 0.02707 0.02707 0.02707 0.02707
-0.58400 0.02655 0.02655 0.02655 0.02655 0.02655 0.02655 0.02655 0.02655 0.02655 0.02655
-0.58000 0.02605 0.02605 0.02605 0.02605 0.02605 0.02605 0.02605 0.02605 0.02605 0.02605
-0.57600 0.02556 0.02556 0.02556 0.02556 0.02556 0.02556 0.02556 0.02556 0.02556 0.02556
-0.57200 0.02508 0.02508 0.02508 0.02508 0.02508 0.02508 0.02508 0.02508 0.02508 0.02508
-0.56800 0.02462 0.02462 0.02462 0.02462 0.02462 0.02462 0.02462 0.02462 0.02462 0.02462
-0.56400 0.02417 0.02417 0.02417 0.02417 0.02417 0.02417 0.02417 0.02417 0.02417 0.02417
-0.56000 0.02374 0.02374 0.02374 0.02374 0.02374 0.02374 0.02374 0.02374 0.02374 0.02374
-0.55600 0.02332 0.02332 0.02332 0.02332 0.02332 0.02332 0.02332 0.02332 0.02332 0.02332
-0.55200 0.02290 0.02290 0.02290 0.02290 0.02290 0.02290 0.02290 0.02290 0.02290 0.02290
-0.54800 0.02250 0.02250 0.02250 0.02250 0.02250 0.02250 0.02250 0.02250 0.02250 0.02250
-0.54400 0.02211 0.02211 0.02211 0.02211 0.02211 0.02211 0.02211 0.02211 0.02211 0.02211
-0.54000 0.02173 0.02173 0.02173 0.02173 0.02173 0.02173 0.02173 0.02173 0.02173 0.02173
-0.53600 0.02137 0.02137 0.02137 0.02137 0.02137 0.02137 0.02137 0.02137 0.02137 0.02137
-0.53200 0.02101 0.02101 0.02101 0.02101 0.02101 0.02101 0.02101 0.02101 0.02101 0.02101
-0.52800 0.02066 0.02066 0.02066 0.02066 0.02066 0.02066 0.02066 0.02066 0.02066 0.02066
-0.52400 0.02032 0.02032 0.02032 0.02032 0.02032 0.02032 0.02032 0.02032 0.02032 0.02032
-0.52000 0.01998 0.01998 0.01998 0.01998 0.01998 0.01998 0.01998 0.01998 0.01998 0.01998
-0.51600 0.01966 0.01966 0.01966 0.01966 0.01966 0.01966 0.01966 0.01966 0.01966 0.01966
-0.51200 0.01934 0.01934 0.01934 0.01934 0.01934 0.01934 0.01934 0.01934 0.01934 0.01934
-0.50800 0.01904 0.01904 0.01904 0.01904 0.01904 0.01904 0.01904 0.01904 0.01904 0.01904
-0.50400 0.01874 0.01874 0.01874 0.01874 0.01874 0.01874 0.01874 0.01874 0.01874 0.01874
-0.50000 0.01844 0.01844 0.01844 0.01844 0.01844 0.01844 0.01844 0.01844 0.01844 0.01844
-0.49600 0.01816 0.01816 0.01816 0.01816 0.01816 0.01816 0.01816 0.01816 0.01816 0.01816
-0.49200 0.01788 0.01788 0.01788 0.01788 0.01788 0.01788 0.01788 0.01788 0.01788 0.01788
-0.48800 0.01761 0.01761 0.01761 0.01761 0.01761 0.01761 0.01761 0.01761 0.01761 0.01761
-0.48400 0.01734 0.01734 0.01734 0.01734 0.01734 0.01734 0.01734 0.01734 0.01734 0.01734
-0.48000 0.01708 0.01708 0.01708 0.01708 0.01708 0.01708 0.01708 0.01708 0.01708 0.01708
-0.47600 0.01683 0.01683 0.01683 0.01683 0.01683 0.01683 0.01683 0.01683 0.01683 0.01683
-0.47200 0.01658 0.01658 0.01658 0.01658 0.01658 0.01658 0.01658 0.01658 0.01658 0.01658
-0.46800 0.01634 0.01634 0.01634 0.01634 0.01634 0.01634 0.01634 0.01634 0.01634 0.01634
-0.46400 0.01610 0.01610 0.01610 0.01610 0.01610 0.01610 0.01610 0.01610 0.01610 0.01610
-0.46000 0.01587 0.01587 0.01587 0.01587 0.01587 0.01587 0.01587 0.01587 0.01587 0.01587
-0.45600 0.01565 0.01565 0.01565 0.01565 0.01565 0.01565 0.01565 0.01565 0.01565 0.01565
-0.45200 0.01543 0.01543 0.01543 0.01543 0.01543 0.01543 0.01543 0.01543 0.01543 0.01543
-0.44800 0.01521 0.01521 0.01521 0.01521 0.01521 0.01521 0.01521 0.01521 0.01521 0.01521
-0.44400 0.01500 0.01500 0.01500 0.01500 0.01500 0.01500 0.01500 0.01500 0.01500 0.01500
-0.44000 0.01479 0.01479 0.01479 0.01479 0.01479 0.01479 0.01479 0.01479 0.01479 0.01479
-0.43600 0.01459 0.01459 0.01459 0.01459 0.01459 0.01459 0.01459 0.01459 0.01459 0.01459
-0.43200 0.01439 0.01439 0.01439 0.01439 0.01439 0.01439 0.01439 0.01439 0.01439 0.01439
-0.42800 0.01420 0.01420 0.01420 0.01420 0.01420 0.01420 0.01420 0.01420 0.01420 0.01420
-0.42400 0.01401 0.01401 0.01401 0.01401 0.01401 0.01401 0.01401 0.01401 0.01401 0.01401
-0.42000 0.01382 0.01382 0.01382 0.01382 0.01382 0.01382 0.01382 0.01382 0.01382 0.01382
-0.41600 0.01364 0.01364 0.01364 0.01364 0.01364 0.01364 0.01364 0.01364 0.01364 0.01364
-0.41200 0.01346 0.01346 0.01346 0.01346 0.01346 0.01346 0.01346 0.01346 0.01346 0.01346
-0.40800 0.01329 0.01329 0.01329 0.01329 0.01329 0.01329 0.01329 0.01329 0.01329 0.01329
-0.40400 0.01312 0.01312 0.01312 0.01312 0.01312 0.01312 0.01312 0.01312 0.01312 0.01312
-0.40000 0.01295 0.01295 0.01295 0.01295 0.01295 0.01295 0.01295 0.01295 0.01295 0.01295
-0.39600 0.01279 0.01279 0.01279 0.01279 0.01279 0.01279 0.01279 0.01279 0.01279 0.01279
-0.39200 0.01263 0.01263 0.01263 0.01263 0.01263 0.01263 0.01263 0.01263 0.01263 0.01263
-0.38800 0.01247 0.01247 0.01247 0.01247 0.01247 0.01247 0.01247 0.01247 0.01247 0.01247
-0.38400 0.01231 0.01231 0.01231 0.01231 0.01231 0.01231 0.01231 0.01231 0.01231 0.01231
-0.38000 0.01216 0.01216 0.01216 0.01216 0.01216 0.01216 0.01216 0.01216 0.01216 0.01216
-0.37600 0.01201 0.01201 0.01201 0.01201 0.01201 0.01201 0.01201 0.01201 0.01201 0.01201
-0.37200 0.01187 0.01187 0.01187 0.01187 0.01187 0.01187 0.01187 0.01187 0.01187 0.01187
-0.36800 0.01172 0.01172 0.01172 0.01172 0.01172 0.01172 0.01172 0.01172 0.01172 0.01172
-0.36400 0.01158 0.01158 0.01158 0.01158 0.01158 0.01158 0.01158 0.01158 0.01158 0.01158
-0.36000 0.01145 0.01145 0.01145 0.01145 0.01145 0.01145 0.01145 0.01145 0.01145 0.01145
-0.35600 0.01131 0.01131 0.01131 0.01131 0.01131 0.01131 0.01131 0.01131 0.01131 0.01131
-0.35200 0.01118 0.01118 0.01118 0.01118 0.01118 0.01118 0.01118 0.01118 0.01118 0.01118
-0.34800 0.01105 0.01105 0.01105 0.01105 0.01105 0.01105 0.01105 0.01105 0.01105 0.01105
-0.34400 0.01092 0.01092 0.01092 0.01092 0.01092 0.01092 0.01092 0.01092 0.01092 0.01092
-0.34000 0.01079 0.01079 0.01079 0.01079 0.01079 0.01079 0.01079 0.01079 0.01079 0.01079
-0.33600 0.01067 0.01067 0.01067 0.01067 0.01067 0.01067 0.01067 0.01067 0.01067 0.01067
-0.33200 0.01055 0.01055 0.01055 0.01055 0.01055 0.01055 0.01055 0.01055 0.01055 0.01055
-0.32800 0.01043 0.01043 0.01043 0.01043 0.01043 0.01043 0.01043 0.01043 0.01043 0.01043
-0.32400 0.01031 0.01031 0.01031 0.01031 0.01031 0.01031 0.01031 0.01031 0.01031 0.01031
-0.32000 0.01020 0.01020 0.01020 0.01020 0.01020 0.01020 0.01020 0.01020 0.01020 0.01020
-0.31600 0.01009 0.01009 0.01009 0.01009 0.01009 0.01009 0.01009 0.01009 0.01009 0.01009
-0.31200 0.00997 0.00997 0.00997 0.00997 0.00997 0.00997 0.00997 0.00997 0.00997 0.00997
-0.30800 0.00987 0.00987 0.00987 0.00987 0.00987 0.00987 0.00987 0.00987 0.00987 0.00987
-0.30400 0.00976 0.00976 0.00976 0.00976 0.00976 0.00976 0.00976 0.00976 0.00976 0.00976
-0.30000 0.00965 0.00965 0.00965 0.00965 0.00965 0.00965 0.00965 0.00965 0.00965 0.00965
-0.29600 0.00955 0.00955 0.00955 0.00955 0.00955 0.00955 0.00955 0.00955 0.00955 0.00955
-0.29200 0.00945 0.00945 0.00945 0.00945 0.00945 0.00945 0.00945 0.00945 0.00945 0.00945
-0.28800 0.00935 0.00935 0.00935 0.00935 0.00935 0.00935 0.00935 0.00935 0.00935 0.00935
-0.28400 0.00925 0.00925 0.00925 0.00925 0.00925 0.00925 0.00925 0.00925 0.00925 0.00925
-0.28000 0.00915 0.00915 0.00915 0.00915 0.00915 0.00915 0.00915 0.00915 0.00915 0.00915
-0.27600 0.00906 0.00906 0.00906 0.00906 0.00906 0.00906 0.00906 0.00906 0.00906 0.00906
-0.27200 0.00896 0.00896 0.00896 0.00896 0.00896 0.00896 0.00896 0.00896 0.00896 0.00896
-0.26800 0.00887 0.00887 0.00887 0.00887 0.00887 0.00887 0.00887 0.00887 0.00887 0.00887
-0.26400 0.00878 0.00878 0.00878 0.00878 0.00878 0.00878 0.00878 0.00878 0.00878 0.00878
-0.26000 0.00869 0.00869 0.00869 0.00869 0.00869 0.00869 0.00869 0.00869 0.00869 0.00869
-0.25600 0.00860 0.00860 0.00860 0.00860 0.00860 0.00860 0.00860 0.00860 0.00860 0.00860
-0.25200 0.00852 0.00852 0.00852 0.00852 0.00852 0.00852 0.00852 0.00852 0.00852 0.00852
-0.24800 0.00843 0.00843 0.00843 0.00843 0.00843 0.00843 0.00843 0.00843 0.00843 0.00843
-0.24400 0.00835 0.00835 0.00835 0.00835 0.00835 0.00835 0.00835 0.00835 0.00835 0.00835
-0.24000 0.00827 0.00827 0.00827 0.00827 0.00827 0.00827 0.00827 0.00827 0.00827 0.00827
-0.23600 0.00819 0.00819 0.00819 0.00819 0.00819 0.00819 0.00819 0.00819 0.00819 0.00819
-0.23200 0.00811 0.00811 0.00811 0.00811 0.00811 0.00811 0.00811 0.00811 0.00811 0.00811
-0.22800 0.00803 0.00803 0.00803 0.00803 0.00803 0.00803 0.00803 0.00803 0.00803 0.00803
-0.22400 0.00795 0.00795 0.00795 0.00795 0.00795 0.00795 0.00795 0.00795 0.00795 0.00795
-0.22000 0.00787 0.00787 0.00787 0.00787 0.00787 0.00787 0.00787 0.00787 0.00787 0.00787
-0.21600 0.00780 0.00780 0.00780 0.00780 0.00780 0.00780 0.00780 0.00780 0.00780 0.00780
-0.21200 0.00772 0.00772 0.00772 0.00772 0.00772 0.00772 0.00772 0.00772 0.00772 0.00772
-0.20800 0.00765 0.00765 0.00765 0.00765 0.00765 0.00765 0.00765 0.00765 0.00765 0.00765
-0.20400 0.00758 0.00758 0.00758 0.00758 0.00758 0.00758 0.00758 0.00758 0.00758 0.00758
-0.20000 0.00751 0.00751 0.00751 0.00751 0.00751 0.00751 0.00751 0.00751 0.00751 0.00751
-0.19600 0.00744 0.00744 0.00744 0.00744 0.00744 0.00744 0.00744 0.00744 0.00744 0.00744
-0.19200 0.00737 0.00737 0.00737 0.00737 0.00737 0.00737 0.00737 0.00737 0.00737 0.00737
-0.18800 0.00730 0.00730 0.00730 0.00730 0.00730 0.00730 0.00730 0.00730 0.00730 0.00730
-0.18400 0.00724 0.00724 0.00724 0.00724 0.00724 0.00724 0.00724 0.00724 0.00724 0.00724
-0.18000 0.00717 0.00717 0.00717 0.00717 0.00717 0.00717 0.00717 0.00717 0.00717 0.00717
-0.17600 0.00711 0.00711 0.00711 0.00711 0.00711 0.00711 0.00711 0.00711 0.00711 0.00711
-0.17200 0.00704 0.00704 0.00704 0.00704 0.00704 0.00704 0.00704 0.00704 0.00704 0.00704
-0.16800 0.00698 0.00698 0.00698 0.00698 0.00698 0.00698 0.00698 0.00698 0.00698 0.00698
-0.16400 0.00692 0.00692 0.00692 0.00692 0.00692 0.00692 0.00692 0.00692 0.00692 0.00692
-0.16000 0.00686 0.00686 0.00686 0.00686 0.00686 0.00686 0.00686 0.00686 0.00686 0.00686
-0.15600 0.00680 0.00680 0.00680 0.00680 0.00680 0.00680 0.00680 0.00680 0.00680 0.00680
-0.15200 0.00674 0.00674 0.00674 0.00674 0.00674 0.00674 0.00674 0.00674 0.00674 0.00674
-0.14800 0.00668 0.00668 0.00668 0.00668 0.00668 0.00668 0.00668 0.00668 0.00668 0.00668
-0.14400 0.00662 0.00662 0.00662 0.00662 0.00662 0.00662 0.00662 0.00662 0.00662 0.00662
-0.14000 0.00656 0.00656 0.00656 0.00656 0.00656 0.00656 0.00656 0.00656 0.00656 0.00656
-0.13600 0.00651 0.00651 0.00651 0.00651 0.00651 0.00651 0.00651 0.00651 0.00651 0.00651
-0.13200 0.00645 0.00645 0.00645 0.00645 0.00645 0.00645 0.00645 0.00645 0.00645 0.00645
-0.12800 0.00640 0.00640 0.00640 0.00640 0.00640 0.00640 0.00640 0.00640 0.00640 0.00640
-0.12400 0.00634 0.00634 0.00634 0.00634 0.00634 0.00634 0.00634 0.00634 0.00634 0.00634
-0.12000 0.00629 0.00629 0.00629 0.00629 0.00629 0.00629 0.00629 0.00629 0.00629 0.00629
-0.11600 0.00624 0.00624 0.00624 0.00624 0.00624 0.00624 0.00624 0.00624 0.00624 0.00624
-0.11200 0.00619 0.00619 0.00619 0.00619 0.00619 0.00619 0.00619 0.00619 0.00619 0.00619
-0.10800 0.00614 0.00614 0.00614 0.00614 0.00614 0.00614 0.00614 0.00614 0.00614 0.00614
-0.10400 0.00608 0.00608 0.00608 0.00608 0.00608 0.00608 0.00608 0.00608 0.00608 0.00608
-0.10000 0.00603 0.00603 0.00603 0.00603 0.00603 0.00603 0.00603 0.00603 0.00603 0.00603
-0.09600 0.00599 0.00599 0.00599 0.00599 0.00599 0.00599 0.00599 0.00599 0.00599 0.00599
-0.09200 0.00594 0.00594 0.00594 0.00594 0.00594 0.00594 0.00594 0.00594 0.00594 0.00594
-0.08800 0.00589 0.00589 0.00589 0.00589 0.00589 0.00589 0.00589 0.00589 0.00589 0.00589
-0.08400 0.00584 0.00584 0.00584 0.00584 0.00584 0.00584 0.00584 0.00584 0.00584 0.00584
-0.08000 0.00580 0.00580 0.00580 0.00580 0.00580 0.00580 0.00580 0.00580 0.00580 0.00580
-0.07600 0.00575 0.00575 0.00575 0.00575 0.00575 0.00575 0.00575 0.00575 0.00575 0.00575
-0.07200 0.00570 0.00570 0.00570 0.00570 0.00570 0.00570 0.00570 0.00570 0.00570 0.00570
-0.06800 0.00566 0.00566 0.00566 0.00566 0.00566 0.00566 0.00566 0.00566 0.00566 0.00566
-0.06400 0.00562 0.00562 0.00562 0.00562 0.00562 0.00562 0.00562 0.00562 0.00562 0.00562
-0.06000 0.00557 0.00557 0.00557 0.00557 0.00557 0.00557 0.00557 0.00557 0.00557 0.00557
-0.05600 0.00553 0.00553 0.00553 0.00553 0.00553 0.00553 0.00553 0.00553 0.00553 0.00553
-0.05200 0.00549 0.00549 0.00549 0.00549 0.00549 0.00549 0.00549 0.00549 0.00549 0.00549
-0.04800 0.00544 0.00544 0.00544 0.00544 0.00544 0.00544 0.00544 0.00544 0.00544 0.00544
-0.04400 0.00540 0.00540 0.00540 0.00540 0.00540 0.00540 0.00540 0.00540 0.00540 0.00540
-0.04000 0.00536 0.00536 0.00536 0.00536 0.00536 0.00536 0.00536 0.00536 0.00536 0.00536
-0.03600 0.00532 0.00532 0.00532 0.00532 0.00532 0.00532 0.00532 0.00532 0.00532 0.00532
-0.03200 0.00528 0.00528 0.00528 0.00528 0.00528 0.00528 0.00528 0.00528 0.00528 0.00528
-0.02800 0.00524 0.00524 0.00524 0.00524 0.00524 0.00524 0.00524 0.00524 0.00524 0.00524
-0.02400 0.00520 0.00520 0.00520 0.00520 0.00520 0.00520 0.00520 0.00520 0.00520 0.00520
-0.02000 0.00517 0.00517 0.00517 0.00517 0.00517 0.00517 0.00517 0.00517 0.00517 0.00517
-0.01600 0.00513 0.00513 0.00513 0.00513 0.00513 0.00513 0.00513 0.00513 0.00513 0.00513
-0.01200 0.00509 0.00509 0.00509 0.00509 0.00509 0.00509 0.00509 0.00509 0.00509 0.00509
-0.00800 0.00505 0.00505 0.00505 0.00505 0.00505 0.00505 0.00505 0.00505 0.00505 0.00505
-0.00400 0.00502 0.00502 0.00502 0.00502 0.00502 0.00502 0.00502 0.00502 0.00502 0.00502
0.00000 0.00498 0.00498 0.00498 0.00498 0.00498 0.00498 0.00498 0.00498 0.00498 0.00498
0.00400 0.00494 0.00494 0.00494 0.00494 0.00494 0.00494 0.00494 0.00494 0.00494 0.00494
0.00800 0.00491 0.00491 0.00491 0.00491 0.00491 0.00491 0.00491 0.00491 0.00491 0.00491
0.01200 0.00487 0.00487 0.00487 0.00487 0.00487 0.00487 0.00487 0.00487 0.00487 0.00487
0.01600 0.00484 0.00484 0.00484 0.00484 0.00484 0.00484 0.00484 0.00484 0.00484 0.00484
0.02000 0.00481 0.00481 0.00481 0.00481 0.00481 0.00481 0.00481 0.00481 0.00481 0.00481
0.02400 0.00477 0.00477 0.00477 0.00477 0.00477 0.00477 0.00477 0.00477 0.00477 0.00477
0.02800 0.00474 0.00474 0.00474 0.00474 0.00474 0.00474 0.00474 0.00474 0.00474 0.00474
0.03200 0.00471 0.00471 0.00471 0.00471 0.00471 0.00471 0.00471 0.00471 0.00471 0.00471
0.03600 0.00467 0.00467 0.00467 0.00467 0.00467 0.00467 0.00467 0.00467 0.00467 0.00467
0.04000 0.00464 0.00464 0.00464 0.00464 0.00464 0.00464 0.00464 0.00464 0.00464 0.00464
0.04400 0.00461 0.00461 0.00461 0.00461 0.00461 0.00461 0.00461 0.00461 0.00461 0.00461
0.04800 0.00458 0.00458 0.00458 0.00458 0.00458 0.00458 0.00458 0.00458 0.00458 0.00458
0.05200 0.00455 0.00455 0.00455 0.00455 0.00455 0.00455 0.00455 0.00455 0.00455 0.00455
0.05600 0.00452 0.00452 0.00452 0.00452 0.00452 0.00452 0.00452 0.00452 0.00452 0.00452
0.06000 0.00449 0.00449 0.00449 0.00449 0.00449 0.00449 0.00449 0.00449 0.00449 0.00449
0.06400 0.00446 0.00446 0.00446 0.00446 0.00446 0.00446 0.00446 0.00446 0.00446 0.00446
0.06800 0.00443 0.00443 0.00443 0.00443 0.00443 0.00443 0.00443 0.00443 0.00443 0.00443
0.07200 0.00440 0.00440 0.00440 0.00440 0.00440 0.00440 0.00440 0.00440 0.00440 0.00440
0.07600 0.00437 0.00437 0.00437 0.00437 0.00437 0.00437 0.00437 0.00437 0.00437 0.00437
0.08000 0.00434 0.00434 0.00434 0.00434 0.00434 0.00434 0.00434 0.00434 0.00434 0.00434
0.08400 0.00431 0.00431 0.00431 0.00431 0.00431 0.00431 0.00431 0.00431 0.00431 0.00431
0.08800 0.00429 0.00429 0.00429 0.00429 0.00429 0.00429 0.00429 0.00429 0.00429 0.00429
0.09200 0.00426 0.00426 0.00426 0.00426 0.00426 0.00426 0.00426 0.00426 0.00426 0.00426
0.09600 0.00423 0.00423 0.00423 0.00423 0.00423 0.00423 0.00423 0.00423 0.00423 0.00423
0.10000 0.00420 0.00420 0.00420 0.00420 0.00420 0.00420 0.00420 0.00420 0.00420 0.00420
0.10400 0.00418 0.00418 0.00418 0.00418 0.00418 0.00418 0.00418 0.00418 0.00418 0.00418
0.10800 0.00415 0.00415 0.00415 0.00415 0.00415 0.00415 0.00415 0.00415 0.00415 0.00415
0.11200 0.00413 0.00413 0.00413 0.00413 0.00413 0.00413 0.00413 0.00413 0.00413 0.00413
0.11600 0.00410 0.00410 0.00410 0.00410 0.00410 0.00410 0.00410 0.00410 0.00410 0.00410
0.12000 0.00407 0.00407 0.00407 0.00407 0.00407 0.00407 0.00407 0.00407 0.00407 0.00407
0.12400 0.00405 0.00405 0.00405 0.00405 0.00405 0.00405 0.00405 0.00405 0.00405 0.00405
0.12800 0.00403 0.00403 0.00403 0.00403 0.00403 0.00403 0.00403 0.00403 0.00403 0.00403
0.13200 0.00400 0.00400 0.00400 0.00400 0.00400 0.00400 0.00400 0.00400 0.00400 0.00400
0.13600 0.00398 0.00398 0.00398 0.00398 0.00398 0.00398 0.00398 0.00398 0.00398 0.00398
0.14000 0.00395 0.00395 0.00395 0.00395 0.00395 0.00395 0.00395 0.00395 0.00395 0.00395
0.14400 0.00393 0.00393 0.00393 0.00393 0.00393 0.00393 0.00393 0.00393 0.00393 0.00393
0.14800 0.00391 0.00391 0.00391 0.00391 0.00391 0.00391 0.00391 0.00391 0.00391 0.00391
0.15200 0.00388 0.00388 0.00388 0.00388 0.00388 0.00388 0.00388 0.00388 0.00388 0.00388
0.15600 0.00386 0.00386 0.00386 0.00386 0.00386 0.00386 0.00386 0.00386 0.00386 0.00386
0.16000 0.00384 0.00384 0.00384 0.00384 0.00384 0.00384 0.00384 0.00384 0.00384 0.00384
0.16400 0.00382 0.00382 0.00382 0.00382 0.00382 0.00382 0.00382 0.00382 0.00382 0.00382
0.16800 0.00379 0.00379 0.00379 0.00379 0.00379 0.00379 0.00379 0.00379 0.00379 0.00379
0.17200 0.00377 0.00377 0.00377 0.00377 0.00377 0.00377 0.00377 0.00377 0.00377 0.00377
0.17600 0.00375 0.00375 0.00375 0.00375 0.00375 0.00375 0.00375 0.00375 0.00375 0.00375
0.18000 0.00373 0.00373 0.00373 0.00373 0.00373 0.00373 0.00373 0.00373 0.00373 0.00373
0.18400 0.00371 0.00371 0.00371 0.00371 0.00371 0.00371 0.00371 0.00371 0.00371 0.00371
0.18800 0.00369 0.00369 0.00369 0.00369 0.00369 0.00369 0.00369 0.00369 0.00369 0.00369
0.19200 0.00367 0.00367 0.00367 0.00367 0.00367 0.00367 0.00367 0.00367 0.00367 0.00367
0.19600 0.00365 0.00365 0.00365 0.00365 0.00365 0.00365 0.00365 0.00365 0.00365 0.00365
0.20000 0.00363 0.00363 0.00363 0.00363 0.00363 0.00363 0.00363 0.00363 0.00363 0.00363
0.20400 0.00361 0.00361 0.00361 0.00361 0.00361 0.00361 0.00361 0.00361 0.00361 0.00361
0.20800 0.00359 0.00359 0.00359 0.00359 0.00359 0.00359 0.00359 0.00359 0.00359 0.00359
0.21200 0.00357 0.00357 0.00357 0.00357 0.00357 0.00357 0.00357 0.00357 0.00357 0.00357
0.21600 0.00355 0.00355 0.00355 0.00355 0.00355 0.00355 0.00355 0.00355 0.00355 0.00355
0.22000 0.00353 0.00353 0.00353 0.00353 0.00353 0.00353 0.00353 0.00353 0.00353 0.00353
0.22400 0.00352 0.00352 0.00352 0.00352 0.00352 0.00352 0.00352 0.00352 0.00352 0.00352
0.22800 0.00350 0.00350 0.00350 0.00350 0.00350 0.00350 0.00350 0.00350 0.00350 0.00350
0.23200 0.00348 0.00348 0.00348 0.00348 0.00348 0.00348 0.00348 0.00348 0.00348 0.00348
0.23600 0.00346 0.00346 0.00346 0.00346 0.00346 0.00346 0.00346 0.00346 0.00346 0.00346
0.24000 0.00345 0.00345 0.00345 0.00345 0.00345 0.00345 0.00345 0.00345 0.00345 0.00345
0.24400 0.00343 0.00343 0.00343 0.00343 0.00343 0.00343 0.00343 0.00343 0.00343 0.00343
0.24800 0.00341 0.00341 0.00341 0.00341 0.00341 0.00341 0.00341 0.00341 0.00341 0.00341
0.25200 0.00339 0.00339 0.00339 0.00339 0.00339 0.00339 0.00339 0.00339 0.00339 0.00339
0.25600 0.00338 0.00338 0.00338 0.00338 0.00338 0.00338 0.00338 0.00338 0.00338 0.00338
0.26000 0.00336 0.00336 0.00336 0.00336 0.00336 0.00336 0.00336 0.00336 0.00336 0.00336
0.26400 0.00335 0.00335 0.00335 0.00335 0.00335 0.00335 0.00335 0.00335 0.00335 0.00335
0.26800 0.00333 0.00333 0.00333 0.00333 0.00333 0.00333 0.00333 0.00333 0.00333 0.00333
0.27200 0.00332 0.00332 0.00332 0.00332 0.00332 0.00332 0.00332 0.00332 0.00332 0.00332
0.27600 0.00330 0.00330 0.00330 0.00330 0.00330 0.00330 0.00330 0.00330 0.00330 0.00330
0.28000 0.00329 0.00329 0.00329 0.00329 0.00329 0.00329 0.00329 0.00329 0.00329 0.00329
0.28400 0.00327 0.00327 0.00327 0.00327 0.00327 0.00327 0.00327 0.00327 0.00327 0.00327
0.28800 0.00326 0.00326 0.00326 0.00326 0.00326 0.00326 0.00326 0.00326 0.00326 0.00326
0.29200 0.00324 0.00324 0.00324 0.00324 0.00324 0.00324 0.00324 0.00324 0.00324 0.00324
0.29600 0.00323 0.00323 0.00323 0.00323 0.00323 0.00323 0.00323 0.00323 0.00323 0.00323
0.30000 0.00321 0.00321 0.00321 0.00321 0.00321 0.00321 0.00321 0.00321 0.00321 0.00321
0.30400 0.00320 0.00320 0.00320 0.00320 0.00320 0.00320 0.00320 0.00320 0.00320 0.00320
0.30800 0.00319 0.00319 0.00319 0.00319 0.00319 0.00319 0.00319 0.00319 0.00319 0.00319
0.31200 0.00317 0.00317 0.00317 0.00317 0.00317 0.00317 0.00317 0.00317 0.00317 0.00317
0.31600 0.00316 0.00316 0.00316 0.00316 0.00316 0.00316 0.00316 0.00316 0.00316 0.00316
0.32000 0.00315 0.00315 0.00315 0.00315 0.00315 0.00315 0.00315 0.00315 0.00315 0.00315
0.32400 0.00314 0.00314 0.00314 0.00314 0.00314 0.00314 0.00314 0.00314 0.00314 0.00314
0.32800 0.00313 0.00313 0.00313 0.00313 0.00313 0.00313 0.00313 0.00313 0.00313 0.00313
0.33200 0.00311 0.00311 0.00311 0.00311 0.00311 0.00311 0.00311 0.00311 0.00311 0.00311
0.33600 0.00310 0.00310 0.00310 0.00310 0.00310 0.00310 0.00310 0.00310 0.00310 0.00310
0.34000 0.00309 0.00309 0.00309 0.00309 0.00309 0.00309 0.00309 0.00309 0.00309 0.00309
0.34400 0.00308 0.00308 0.00308 0.00308 0.00308 0.00308 0.00308 0.00308 0.00308 0.00308
0.34800 0.00307 0.00307 0.00307 0.00307 0.00307 0.00307 0.00307 0.00307 0.00307 0.00307
0.35200 0.00306 0.00306 0.00306 0.00306 0.00306 0.00306 0.00306 0.00306 0.00306 0.00306
0.35600 0.00305 0.00305 0.00305 0.00305 0.00305 0.00305 0.00305 0.00305 0.00305 0.00305
0.36000 0.00304 0.00304 0.00304 0.00304 0.00304 0.00304 0.00304 0.00304 0.00304 0.00304
0.36400 0.00303 0.00303 0.00303 0.00303 0.00303 0.00303 0.00303 0.00303 0.00303 0.00303
0.36800 0.00302 0.00302 0.00302 0.00302 0.00302 0.00302 0.00302 0.00302 0.00302 0.00302
0.37200 0.00301 0.00301 0.00301 0.00301 0.00301 0.00301 0.00301 0.00301 0.00301 0.00301
0.37600 0.00300 0.00300 0.00300 0.00300 0.00300 0.00300 0.00300 0.00300 0.00300 0.00300
0.38000 0.00300 0.00300 0.00300 0.00300 0.00300 0.00300 0.00300 0.00300 0.00300 0.00300
0.38400 0.00299 0.00299 0.00299 0.00299 0.00299 0.00299 0.00299 0.00299 0.00299 0.00299
0.38800 0.00298 0.00298 0.00298 0.00298 0.00298 0.00298 0.00298 0.00298 0.00298 0.00298
0.39200 0.00297 0.00297 0.00297 0.00297 0.00297 0.00297 0.00297 0.00297 0.00297 0.00297
0.39600 0.00297 0.00297 0.00297 0.00297 0.00297 0.00297 0.00297 0.00297 0.00297 0.00297
0.40000 0.00296 0.00296 0.00296 0.00296 0.00296 0.00296 0.00296 0.00296 0.00296 0.00296
0.40400 0.00295 0.00295 0.00295 0.00295 0.00295 0.00295 0.00295 0.00295 0.00295 0.00295
0.40800 0.00295 0.00295 0.00295 0.00295 0.00295 0.00295 0.00295 0.00295 0.00295 0.00295
0.41200 0.00294 0.00294 0.00294 0.00294 0.00294 0.00294 0.00294 0.00294 0.00294 0.00294
0.41600 0.00294 0.00294 0.00294 0.00294 0.00294 0.00294 0.00294 0.00294 0.00294 0.00294
0.42000 0.00293 0.00293 0.00293 0.00293 0.00293 0.00293 0.00293 0.00293 0.00293 0.00293
0.42400 0.00293 0.00293 0.00293 0.00293 0.00293 0.00293 0.00293 0.00293 0.00293 0.00293
0.42800 0.00292 0.00292 0.00292 0.00292 0.00292 0.00292 0.00292 0.00292 0.00292 0.00292
0.43200 0.00292 0.00292 0.00292 0.00292 0.00292 0.00292 0.00292 0.00292 0.00292 0.00292
0.43600 0.00292 0.00292 0.00292 0.00292 0.00292 0.00292 0.00292 0.00292 0.00292 0.00292
0.44000 0.00292 0.00292 0.00292 0.00292 0.00292 0.00292 0.00292 0.00292 0.00292 0.00292
0.44400 0.00291 0.00291 0.00291 0.00291 0.00291 0.00291 0.00291 0.00291 0.00291 0.00291
0.44800 0.00291 0.00291 0.00291 0.00291 0.00291 0.00291 0.00291 0.00291 0.00291 0.00291
0.45200 0.00291 0.00291 0.00291 0.00291 0.00291 0.00291 0.00291 0.00291 0.00291 0.00291
0.45600 0.00291 0.00291 0.00291 0.00291 0.00291 0.00291 0.00291 0.00291 0.00291 0.00291
0.46000 0.00291 0.00291 0.00291 0.00291 0.00291 0.00291 0.00291 0.00291 0.00291 0.00291
0.46400 0.00291 0.00291 0.00291 0.00291 0.00291 0.00291 0.00291 0.00291 0.00291 0.00291
0.46800 0.00291 0.00291 0.00291 0.00291 0.00291 0.00291 0.00291 0.00291 0.00291 0.00291
0.47200 0.00292 0.00292 0.00292 0.00292 0.00292 0.00292 0.00292 0.00292 0.00292 0.00292
0.47600 0.00292 0.00292 0.00292 0.00292 0.00292 0.00292 0.00292 0.00292 0.00292 0.00292
0.48000 0.00292 0.00292 0.00292 0.00292 0.00292 0.00292 0.00292 0.00292 0.00292 0.00292
0.48400 0.00293 0.00293 0.00293 0.00293 0.00293 0.00293 0.00293 0.00293 0.00293 0.00293
0.48800 0.00293 0.00293 0.00293 0.00293 0.00293 0.00293 0.00293 0.00293 0.00293 0.00293
0.49200 0.00294 0.00294 0.00294 0.00294 0.00294 0.00294 0.00294 0.00294 0.00294 0.00294
0.49600 0.00295 0.00295 0.00295 0.00295 0.00295 0.00295 0.00295 0.00295 0.00295 0.00295
0.50000 0.00295 0.00295 0.00295 0.00295 0.00295 0.00295 0.00295 0.00295 0.00295 0.00295
0.50400 0.00296 0.00296 0.00296 0.00296 0.00296 0.00296 0.00296 0.00296 0.00296 0.00296
0.50800 0.00297 0.00297 0.00297 0.00297 0.00297 0.00297 0.00297 0.00297 0.00297 0.00297
0.51200 0.00298 0.00298 0.00298 0.00298 0.00298 0.00298 0.00298 0.00298 0.00298 0.00298
0.51600 0.00299 0.00299 0.00299 0.00299 0.00299 0.00299 0.00299 0.00299 0.00299 0.00299
0.52000 0.00301 0.00301 0.00301 0.00301 0.00301 0.00301 0.00301 0.00301 0.00301 0.00301
0.52400 0.00302 0.00302 0.00302 0.00302 0.00302 0.00302 0.00302 0.00302 0.00302 0.00302
0.52800 0.00304 0.00304 0.00304 0.00304 0.00304 0.00304 0.00304 0.00304 0.00304 0.00304
0.53200 0.00306 0.00306 0.00306 0.00306 0.00306 0.00306 0.00306 0.00306 0.00306 0.00306
0.53600 0.00307 0.00307 0.00307 0.00307 0.00307 0.00307 0.00307 0.00307 0.00307 0.00307
0.54000 0.00309 0.00309 0.00309 0.00309 0.00309 0.00309 0.00309 0.00309 0.00309 0.00309
0.54400 0.00312 0.00312 0.00312 0.00312 0.00312 0.00312 0.00312 0.00312 0.00312 0.00312
0.54800 0.00314 0.00314 0.00314 0.00314 0.00314 0.00314 0.00314 0.00314 0.00314 0.00314
0.55200 0.00317 0.00317 0.00317 0.00317 0.00317 0.00317 0.00317 0.00317 0.00317 0.00317
0.55600 0.00320 0.00320 0.00320 0.00320 0.00320 0.00320 0.00320 0.00320 0.00320 0.00320
0.56000 0.00323 0.00323 0.00323 0.00323 0.00323 0.00323 0.00323 0.00323 0.00323 0.00323
0.56400 0.00326 0.00326 0.00326 0.00326 0.00326 0.00326 0.00326 0.00326 0.00326 0.00326
0.56800 0.00330 0.00330 0.00330 0.00330 0.00330 0.00330 0.00330 0.00330 0.00330 0.00330
0.57200 0.00334 0.00334 0.00334 0.00334 0.00334 0.00334 0.00334 0.00334 0.00334 0.00334
0.57600 0.00338 0.00338 0.00338 0.00338 0.00338 0.00338 0.00338 0.00338 0.00338 0.00338
0.58000 0.00342 0.00342 0.00342 0.00342 0.00342 0.00342 0.00342 0.00342 0.00342 0.00342
0.58400 0.00347 0.00347 0.00347 0.00347 0.00347 0.00347 0.00347 0.00347 0.00347 0.00347
0.58800 0.00353 0.00353 0.00353 0.00353 0.00353 0.00353 0.00353 0.00353 0.00353 0.00353
0.59200 0.00358 0.00358 0.00358 0.00358 0.00358 0.00358 0.00358 0.00358 0.00358 0.00358
0.59600 0.00365 0.00365 0.00365 0.00365 0.00365 0.00365 0.00365 0.00365 0.00365 0.00365
0.60000 0.00371 0.00371 0.00371 0.00371 0.00371 0.00371 0.00371 0.00371 0.00371 0.00371
0.60400 0.00379 0.00379 0.00379 0.00379 0.00379 0.00379 0.00379 0.00379 0.00379 0.00379
0.60800 0.00387 0.00387 0.00387 0.00387 0.00387 0.00387 0.00387 0.00387 0.00387 0.00387
0.61200 0.00396 0.00396 0.00396 0.00396 0.00396 0.00396 0.00396 0.00396 0.00396 0.00396
0.61600 0.00405 0.00405 0.00405 0.00405 0.00405 0.00405 0.00405 0.00405 0.00405 0.00405
0.62000 0.00416 0.00416 0.00416 0.00416 0.00416 0.00416 0.00416 0.00416 0.00416 0.00416
0.62400 0.00427 0.00427 0.00427 0.00427 0.00427 0.00427 0.00427 0.00427 0.00427 0.00427
0.62800 0.00439 0.00439 0.00439 0.00439 0.00439 0.00439 0.00439 0.00439 0.00439 0.00439
0.63200 0.00453 0.00453 0.00453 0.00453 0.00453 0.00453 0.00453 0.00453 0.00453 0.00453
0.63600 0.00468 0.00468 0.00468 0.00468 0.00468 0.00468 0.00468 0.00468 0.00468 0.00468
0.64000 0.00484 0.00484 0.00484 0.00484 0.00484 0.00484 0.00484 0.00484 0.00484 0.00484
0.64400 0.00503 0.00503 0.00503 0.00503 0.00503 0.00503 0.00503 0.00503 0.00503 0.00503
0.64800 0.00523 0.00523 0.00523 0.00523 0.00523 0.00523 0.00523 0.00523 0.00523 0.00523
0.65200 0.00545 0.00545 0.00545 0.00545 0.00545 0.00545 0.00545 0.00545 0.00545 0.00545
0.65600 0.00570 0.00570 0.00570 0.00570 0.00570 0.00570 0.00570 0.00570 0.00570 0.00570
0.66000 0.00598 0.00598 0.00598 0.00598 0.00598 0.00598 0.00598 0.00598 0.00598 0.00598
0.66400 0.00629 0.00629 0.00629 0.00629 0.00629 0.00629 0.00629 0.00629 0.00629 0.00629
0.66800 0.00664 0.00664 0.00664 0.00664 0.00664 0.00664 0.00664 0.00664 0.00664 0.00664
0.67200 0.00704 0.00704 0.00704 0.00704 0.00704 0.00704 0.00704 0.00704 0.00704 0.00704
0.67600 0.00749 0.00749 0.00749 0.00749 0.00749 0.00749 0.00749 0.00749 0.00749 0.00749
0.68000 0.00800 0.00800 0.00800 0.00800 0.00800 0.00800 0.00800 0.00800 0.00800 0.00800
0.68400 0.00858 0.00858 0.00858 0.00858 0.00858 0.00858 0.00858 0.00858 0.00858 0.00858
0.68800 0.00926 0.00926 0.00926 0.00926 0.00926 0.00926 0.00926 0.00926 0.00926 0.00926
0.69200 0.01003 0.01003 0.01003 0.01003 0.01003 0.01003 0.01003 0.01003 0.01003 0.01003
0.69600 0.01094 0.01094 0.01094 0.01094 0.01094 0.01094 0.01094 0.01094 0.01094 0.01094
0.70000 0.01199 0.01199 0.01199 0.01199 0.01199 0.01199 0.01199 0.01199 0.01199 0.01199
0.70400 0.01323 0.01323 0.01323 0.01323 0.01323 0.01323 0.01323 0.01323 0.01323 0.01323
0.70800 0.01471 0.01471 0.01471 0.01471 0.01471 0.01471 0.01471 0.01471 0.01471 0.01471
0.71200 0.01648 0.01648 0.01648 0.01648 0.01648 0.01648 0.01648 0.01648 0.01648 0.01648
0.71600 0.01863 0.01863 0.01863 0.01863 0.01863 0.01863 0.01863 0.01863 0.01863 0.01863
0.72000 0.02126 0.02126 0.02126 0.02126 0.02126 0.02126 0.02126 0.02126 0.02126 0.02126
0.72400 0.02451 0.02451 0.02451 0.02451 0.02451 0.02451 0.02451 0.02451 0.02451 0.02451
0.72800 0.02857 0.02857 0.02857 0.02857 0.02857 0.02857 0.02857 0.02857 0.02857 0.02857
0.73200 0.03366 0.03366 0.03366 0.03366 0.03366 0.03366 0.03366 0.03366 0.03366 0.03366
0.73600 0.04011 0.04011 0.04011 0.04011 0.04011 0.04011 0.04011 0.04011 0.04011 0.04011
0.74000 0.04826 0.04826 0.04826 0.04826 0.04826 0.04826 0.04826 0.04826 0.04826 0.04826
0.74400 0.05847 0.05847 0.05847 0.05847 0.05847 0.05847 0.05847 0.05847 0.05847 0.05847
0.74800 0.07092 0.07092 0.07092 0.07092 0.07092 0.07092 0.07092 0.07092 0.07092 0.07092
0.75200 0.08519 0.08519 0.08519 0.08519 0.08519 0.08519 0.08519 0.08519 0.08519 0.08519
0.75600 0.09965 0.09965 0.09965 0.09965 0.09965 0.09965 0.09965 0.09965 0.09965 0.09965
0.76000 0.11109 0.11109 0.11109 0.11109 0.11109 0.11109 0.11109 0.11109 0.11109 0.11109
0.76400 0.11566 0.11566 0.11566 0.11566 0.11566 0.11566 0.11566 0.11566 0.11566 0.11566
0.76800 0.11146 0.11146 0.11146 0.11146 0.11146 0.11146 0.11146 0.11146 0.11146 0.11146
0.77200 0.10025 0.10025 0.10025 0.10025 0.10025 0.10025 0.10025 0.10025 0.10025 0.10025
0.77600 0.08583 0.08583 0.08583 0.08583 0.08583 0.08583 0.08583 0.08583 0.08583 0.08583
0.78000 0.07149 0.07149 0.07149 0.07149 0.07149 0.07149 0.07149 0.07149 0.07149 0.07149
0.78400 0.05893 0.05893 0.05893 0.05893 0.05893 0.05893 0.05893 0.05893 0.05893 0.05893
0.78800 0.04859 0.04859 0.04859 0.04859 0.04859 0.04859 0.04859 0.04859 0.04859 0.04859
0.79200 0.04034 0.04034 0.04034 0.04034 0.04034 0.04034 0.04034 0.04034 0.04034 0.04034
0.79600 0.03381 0.03381 0.03381 0.03381 0.03381 0.03381 0.03381 0.03381 0.03381 0.03381
0.80000 0.02864 0.02864 0.02864 0.02864 0.02864 0.02864 0.02864 0.02864 0.02864 0.02864
0.80400 0.02452 0.02452 0.02452 0.02452 0.02452 0.02452 0.02452 0.02452 0.02452 0.02452
0.80800 0.02122 0.02122 0.02122 0.02122 0.02122 0.02122 0.02122 0.02122 0.02122 0.02122
0.81200 0.01855 0.01855 0.01855 0.01855 0.01855 0.01855 0.01855 0.01855 0.01855 0.01855
0.81600 0.01636 0.01636 0.01636 0.01636 0.01636 0.01636 0.01636 0.01636 0.01636 0.01636
0.82000 0.01455 0.01455 0.01455 0.01455 0.01455 0.01455 0.01455 0.01455 0.01455 0.01455
0.82400 0.01304 0.01304 0.01304 0.01304 0.01304 0.01304 0.01304 0.01304 0.01304 0.01304
0.82800 0.01177 0.01177 0.01177 0.01177 0.01177 0.01177 0.01177 0.01177 0.01177 0.01177
0.83200 0.01070 0.01070 0.01070 0.01070 0.01070 0.01070 0.01070 0.01070 0.01070 0.01070
0.83600 0.00978 0.00978 0.00978 0.00978 0.00978 0.00978 0.00978 0.00978 0.00978 0.00978
0.84000 0.00899 0.00899 0.00899 0.00899 0.00899 0.00899 0.00899 0.00899 0.00899 0.00899
0.84400 0.00830 0.00830 0.00830 0.00830 0.00830 0.00830 0.00830 0.00830 0.00830 0.00830
0.84800 0.00770 0.00770 0.00770 0.00770 0.00770 0.00770 0.00770 0.00770 0.00770 0.00770
0.85200 0.00718 0.00718 0.00718 0.00718 0.00718 0.00718 0.00718 0.00718 0.00718 0.00718
0.85600 0.00672 0.00672 0.00672 0.00672 0.00672 0.00672 0.00672 0.00672 0.00672 0.00672
0.86000 0.00631 0.00631 0.00631 0.00631 0.00631 0.00631 0.00631 0.00631 0.00631 0.00631
0.86400 0.00594 0.00594 0.00594 0.00594 0.00594 0.00594 0.00594 0.00594 0.00594 0.00594
0.86800 0.00562 0.00562 0.00562 0.00562 0.00562 0.00562 0.00562 0.00562 0.00562 0.00562
0.87200 0.00532 0.00532 0.00532 0.00532 0.00532 0.00532 0.00532 0.00532 0.00532 0.00532
0.87600 0.00506 0.00506 0.00506 0.00506 0.00506 0.00506 0.00506 0.00506 0.00506 0.00506
0.88000 0.00482 0.00482 0.00482 0.00482 0.00482 0.00482 0.00482 0.00482 0.00482 0.00482
0.88400 0.00461 0.00461 0.00461 0.00461 0.00461 0.00461 0.00461 0.00461 0.00461 0.00461
0.88800 0.00441 0.00441 0.00441 0.00441 0.00441 0.00441 0.00441 0.00441 0.00441 0.00441
0.89200 0.00423 0.00423 0.00423 0.00423 0.00423 0.00423 0.00423 0.00423 0.00423 0.00423
0.89600 0.00407 0.00407 0.00407 0.00407 0.00407 0.00407 0.00407 0.00407 0.00407 0.00407
0.90000 0.00391 0.00391 0.00391 0.00391 0.00391 0.00391 0.00391 0.00391 0.00391 0.00391
0.90400 0.00378 0.00378 0.00378 0.00378 0.00378 0.00378 0.00378 0.00378 0.00378 0.00378
0.90800 0.00365 0.00365 0.00365 0.00365 0.00365 0.00365 0.00365 0.00365 0.00365 0.00365
0.91200 0.00353 0.00353 0.00353 0.00353 0.00353 0.00353 0.00353 0.00353 0.00353 0.00353
0.91600 0.00342 0.00342 0.00342 0.00342 0.00342 0.00342 0.00342 0.00342 0.00342 0.00342
0.92000 0.00332 0.00332 0.00332 0.00332 0.00332 0.00332 0.00332 0.00332 0.00332 0.00332
0.92400 0.00322 0.00322 0.00322 0.00322 0.00322 0.00322 0.00322 0.00322 0.00322 0.00322
0.92800 0.00313 0.00313 0.00313 0.00313 0.00313 0.00313 0.00313 0.00313 0.00313 0.00313
0.93200 0.00305 0.00305 0.00305 0.00305 0.00305 0.00305 0.00305 0.00305 0.00305 0.00305
0.93600 0.00297 0.00297 0.00297 0.00297 0.00297 0.00297 0.00297 0.00297 0.00297 0.00297
0.94000 0.00290 0.00290 0.00290 0.00290 0.00290 0.00290 0.00290 0.00290 0.00290 0.00290
0.94400 0.00283 0.00283 0.00283 0.00283 0.00283 0.00283 0.00283 0.00283 0.00283 0.00283
0.94800 0.00277 0.00277 0.00277 0.00277 0.00277 0.00277 0.00277 0.00277 0.00277 0.00277
0.95200 0.00271 0.00271 0.00271 0.00271 0.00271 0.00271 0.00271 0.00271 0.00271 0.00271
0.95600 0.00265 0.00265 0.00265 0.00265 0.00265 0.00265 0.00265 0.00265 0.00265 0.00265
0.96000 0.00260 0.00260 0.00260 0.00260 0.00260 0.00260 0.00260 0.00260 0.00260 0.00260
0.96400 0.00254 0.00254 0.00254 0.00254 0.00254 0.00254 0.00254 0.00254 0.00254 0.00254
0.96800 0.00250 0.00250 0.00250 0.00250 0.00250 0.00250 0.00250 0.00250 0.00250 0.00250
0.97200 0.00245 0.00245 0.00245 0.00245 0.00245 0.00245 0.00245 0.00245 0.00245 0.00245
0.97600 0.00241 0.00241 0.00241 0.00241 0.00241 0.00241 0.00241 0.00241 0.00241 0.00241
0.98000 0.00237 0.00237 0.00237 0.00237 0.00237 0.00237 0.00237 0.00237 0.00237 0.00237
0.98400 0.00233 0.00233 0.00233 0.00233 0.00233 0.00233 0.00233 0.00233 0.00233 0.00233
0.98800 0.00229 0.00229 0.00229 0.00229 0.00229 0.00229 0.00229 0.00229 0.00229 0.00229
0.99200 0.00225 0.00225 0.00225 0.00225 0.00225 0.00225 0.00225 0.00225 0.00225 0.00225
0.99600 0.00222 0.00222 0.00222 0.00222 0.00222 0.00222 0.00222 0.00222 0.00222 0.00222
1.00000 0.00219 0.00219 0.00219 0.00219 0.00219 0.00219 0.00219 0.00219 0.00219 0.00219
1.00400 0.00215 0.00215 0.00215 0.00215 0.00215 0.00215 0.00215 0.00215 0.00215 0.00215
1.00800 0.00212 0.00212 0.00212 0.00212 0.00212 0.00212 0.00212 0.00212 0.00212 0.00212
1.01200 0.00210 0.00210 0.00210 0.00210 0.00210 0.00210 0.00210 0.00210 0.00210 0.00210
1.01600 0.00207 0.00207 0.00207 0.00207 0.00207 0.00207 0.00207 0.00207 0.00207 0.00207
1.02000 0.00204 0.00204 0.00204 0.00204 0.00204 0.00204 0.00204 0.00204 0.00204 0.00204
1.02400 0.00202 0.00202 0.00202 0.00202 0.00202 0.00202 0.00202 0.00202 0.00202 0.00202
1.02800 0.00199 0.00199 0.00199 0.00199 0.00199 0.00199 0.00199 0.00199 0.00199 0.00199
1.03200 0.00197 0.00197 0.00197 0.00197 0.00197 0.00197 0.00197 0.00197 0.00197 0.00197
1.03600 0.00195 0.00195 0.00195 0.00195 0.00195 0.00195 0.00195 0.00195 0.00195 0.00195
1.04000 0.00192 0.00192 0.00192 0.00192 0.00192 0.00192 0.00192 0.00192 0.00192 0.00192
1.04400 0.00190 0.00190 0.00190 0.00190 0.00190 0.00190 0.00190 0.00190 0.00190 0.00190
1.04800 0.00188 0.00188 0.00188 0.00188 0.00188 0.00188 0.00188 0.00188 0.00188 0.00188
1.05200 0.00186 0.00186 0.00186 0.00186 0.00186 0.00186 0.00186 0.00186 0.00186 0.00186
1.05600 0.00185 0.00185 0.00185 0.00185 0.00185 0.00185 0.00185 0.00185 0.00185 0.00185
1.06000 0.00183 0.00183 0.00183 0.00183 0.00183 0.00183 0.00183 0.00183 0.00183 0.00183
1.06400 0.00181 0.00181 0.00181 0.00181 0.00181 0.00181 0.00181 0.00181 0.00181 0.00181
1.06800 0.00179 0.00179 0.00179 0.00179 0.00179 0.00179 0.00179 0.00179 0.00179 0.00179
1.07200 0.00178 0.00178 0.00178 0.00178 0.00178 0.00178 0.00178 0.00178 0.00178 0.00178
1.07600 0.00176 0.00176 0.00176 0.00176 0.00176 0.00176 0.00176 0.00176 0.00176 0.00176
1.08000 0.00174 0.00174 0.00174 0.00174 0.00174 0.00174 0.00174 0.00174 0.00174 0.00174
1.08400 0.00173 0.00173 0.00173 0.00173 0.00173 0.00173 0.00173 0.00173 0.00173 0.00173
1.08800 0.00172 0.00172 0.00172 0.00172 0.00172 0.00172 0.00172 0.00172 0.00172 0.00172
1.09200 0.00170 0.00170 0.00170 0.00170 0.00170 0.00170 0.00170 0.00170 0.00170 0.00170
1.09600 0.00169 0.00169 0.00169 0.00169 0.00169 0.00169 0.00169 0.00169 0.00169 0.00169
1.10000 0.00168 0.00168 0.00168 0.00168 0.00168 0.00168 0.00168 0.00168 0.00168 0.00168
1.10400 0.00166 0.00166 0.00166 0.00166 0.00166 0.00166 0.00166 0.00166 0.00166 0.00166
1.10800 0.00165 0.00165 0.00165 0.00165 0.00165 0.00165 0.00165 0.00165 0.00165 0.00165
1.11200 0.00164 0.00164 0.00164 0.00164 0.00164 0.00164 0.00164 0.00164 0.00164 0.00164
1.11600 0.00163 0.00163 0.00163 0.00163 0.00163 0.00163 0.00163 0.00163 0.00163 0.00163
1.12000 0.00162 0.00162 0.00162 0.00162 0.00162 0.00162 0.00162 0.00162 0.00162 0.00162
1.12400 0.00161 0.00161 0.00161 0.00161 0.00161 0.00161 0.00161 0.00161 0.00161 0.00161
1.12800 0.00160 0.00160 0.00160 0.00160 0.00160 0.00160 0.00160 0.00160 0.00160 0.00160
1.13200 0.00159 0.00159 0.00159 0.00159 0.00159 0.00159 0.00159 0.00159 0.00159 0.00159
1.13600 0.00158 0.00158 0.00158 0.00158 0.00158 0.00158 0.00158 0.00158 0.00158 0.00158
1.14000 0.00157 0.00157 0.00157 0.00157 0.00157 0.00157 0.00157 0.00157 0.00157 0.00157
1.14400 0.00156 0.00156 0.00156 0.00156 0.00156 0.00156 0.00156 0.00156 0.00156 0.00156
1.14800 0.00156 0.00156 0.00156 0.00156 0.00156 0.00156 0.00156 0.00156 0.00156 0.00156
1.15200 0.00155 0.00155 0.00155 0.00155 0.00155 0.00155 0.00155 0.00155 0.00155 0.00155
1.15600 0.00155 0.00155 0.00155 0.00155 0.00155 0.00155 0.00155 0.00155 0.00155 0.00155
1.16000 0.00155 0.00155 0.00155 0.00155 0.00155 0.00155 0.00155 0.00155 0.00155 0.00155
1.16400 0.00155 0.00155 0.00155 0.00155 0.00155 0.00155 0.00155 0.00155 0.00155 0.00155
1.16800 0.00155 0.00155 0.00155 0.00155 0.00155 0.00155 0.00155 0.00155 0.00155 0.00155
1.17200 0.00156 0.00156 0.00156 0.00156 0.00156 0.00156 0.00156 0.00156 0.00156 0.00156
1.17600 0.00157 0.00157 0.00157 0.00157 0.00157 0.00157 0.00157 0.00157 0.00157 0.00157
1.18000 0.00157 0.00157 0.00157 0.00157 0.00157 0.00157 0.00157 0.00157 0.00157 0.00157
1.18400 0.00157 0.00157 0.00157 0.00157 0.00157 0.00157 0.00157 0.00157 0.00157 0.00157
1.18800 0.00156 0.00156 0.00156 0.00156 0.00156 0.00156 0.00156 0.00156 0.00156 0.00156
1.19200 0.00155 0.00155 0.00155 0.00155 0.00155 0.00155 0.00155 0.00155 0.00155 0.00155
1.19600 0.00153 0.00153 0.00153 0.00153 0.00153 0.00153 0.00153 0.00153 0.00153 0.00153
1.20000 0.00151 0.00151 0.00151 0.00151 0.00151 0.00151 0.00151 0.00151 0.00151 0.00151
1.20400 0.00148 0.00148 0.00148 0.00148 0.00148 0.00148 0.00148 0.00148 0.00148 0.00148
1.20800 0.00147 0.00147 0.00147 0.00147 0.00147 0.00147 0.00147 0.00147 0.00147 0.00147
1.21200 0.00145 0.00145 0.00145 0.00145 0.00145 0.00145 0.00145 0.00145 0.00145 0.00145
1.21600 0.00144 0.00144 0.00144 0.00144 0.00144 0.00144 0.00144 0.00144 0.00144 0.00144
1.22000 0.00142 0.00142 0.00142 0.00142 0.00142 0.00142 0.00142 0.00142 0.00142 0.00142
1.22400 0.00141 0.00141 0.00141 0.00141 0.00141 0.00141 0.00141 0.00141 0.00141 0.00141
1.22800 0.00140 0.00140 0.00140 0.00140 0.00140 0.00140 0.00140 0.00140 0.00140 0.00140
1.23200 0.00140 0.00140 0.00140 0.00140 0.00140 0.00140 0.00140 0.00140 0.00140 0.00140
1.23600 0.00139 0.00139 0.00139 0.00139 0.00139 0.00139 0.00139 0.00139 0.00139 0.00139
1.24000 0.00138 0.00138 0.00138 0.00138 0.00138 0.00138 0.00138 0.00138 0.00138 0.00138
1.24400 0.00137 0.00137 0.00137 0.00137 0.00137 0.00137 0.00137 0.00137 0.00137 0.00137
1.24800 0.00137 0.00137 0.00137 0.00137 0.00137 0.00137 0.00137 0.00137 0.00137 0.00137
1.25200 0.00136 0.00136 0.00136 0.00136 0.00136 0.00136 0.00136 0.00136 0.00136 0.00136
1.25600 0.00136 0.00136 0.00136 0.00136 0.00136 0.00136 0.00136 0.00136 0.00136 0.00136
1.26000 0.00135 0.00135 0.00135 0.00135 0.00135 0.00135 0.00135 0.00135 0.00135 0.00135
1.26400 0.00135 0.00135 0.00135 0.00135 0.00135 0.00135 0.00135 0.00135 0.00135 0.00135
1.26800 0.00134 0.00134 0.00134 0.00134 0.00134 0.00134 0.00134 0.00134 0.00134 0.00134
1.27200 0.00134 0.00134 0.00134 0.00134 0.00134 0.00134 0.00134 0.00134 0.00134 0.00134
1.27600 0.00133 0.00133 0.00133 0.00133 0.00133 0.00133 0.00133 0.00133 0.00133 0.00133
1.28000 0.00133 0.00133 0.00133 0.00133 0.00133 0.00133 0.00133 0.00133 0.00133 0.00133
1.28400 0.00133 0.00133 0.00133 0.00133 0.00133 0.00133 0.00133 0.00133 0.00133 0.00133
1.28800 0.00132 0.00132 0.00132 0.00132 0.00132 0.00132 0.00132 0.00132 0.00132 0.00132
1.29200 0.00132 0.00132 0.00132 0.00132 0.00132 0.00132 0.00132 0.00132 0.00132 0.00132
1.29600 0.00132 0.00132 0.00132 0.00132 0.00132 0.00132 0.00132 0.00132 0.00132 0.00132
1.30000 0.00132 0.00132 0.00132 0.00132 0.00132 0.00132 0.00132 0.00132 0.00132 0.00132
1.30400 0.00132 0.00132 0.00132 0.00132 0.00132 0.00132 0.00132 0.00132 0.00132 0.00132
1.30800 0.00132 0.00132 0.00132 0.00132 0.00132 0.00132 0.00132 0.00132 0.00132 0.00132
1.31200 0.00132 0.00132 0.00132 0.00132 0.00132 0.00132 0.00132 0.00132 0.00132 0.00132
1.31600 0.00132 0.00132 0.00132 0.00132 0.00132 0.00132 0.00132 0.00132 0.00132 0.00132
1.32000 0.00132 0.00132 0.00132 0.00132 0.00132 0.00132 0.00132 0.00132 0.00132 0.00132
1.32400 0.00133 0.00133 0.00133 0.00133 0.00133 0.00133 0.00133 0.00133 0.00133 0.00133
1.32800 0.00133 0.00133 0.00133 0.00133 0.00133 0.00133 0.00133 0.00133 0.00133 0.00133
1.33200 0.00134 0.00134 0.00134 0.00134 0.00134 0.00134 0.00134 0.00134 0.00134 0.00134
1.33600 0.00135 0.00135 0.00135 0.00135 0.00135 0.00135 0.00135 0.00135 0.00135 0.00135
1.34000 0.00137 0.00137 0.00137 0.00137 0.00137 0.00137 0.00137 0.00137 0.00137 0.00137
1.34400 0.00139 0.00139 0.00139 0.00139 0.00139 0.00139 0.00139 0.00139 0.00139 0.00139
1.34800 0.00142 0.00142 0.00142 0.00142 0.00142 0.00142 0.00142 0.00142 0.00142 0.00142
1.35200 0.00145 0.00145 0.00145 0.00145 0.00145 0.00145 0.00145 0.00145 0.00145 0.00145
1.35600 0.00150 0.00150 0.00150 0.00150 0.00150 0.00150 0.00150 0.00150 0.00150 0.00150
1.36000 0.00155 0.00155 0.00155 0.00155 0.00155 0.00155 0.00155 0.00155 0.00155 0.00155
1.36400 0.00160 0.00160 0.00160 0.00160 0.00160 0.00160 0.00160 0.00160 0.00160 0.00160
1.36800 0.00163 0.00163 0.00163 0.00163 0.00163 0.00163 0.00163 0.00163 0.00163 0.00163
1.37200 0.00164 0.00164 0.00164 0.00164 0.00164 0.00164 0.00164 0.00164 0.00164 0.00164
1.37600 0.00161 0.00161 0.00161 0.00161 0.00161 0.00161 0.00161 0.00161 0.00161 0.00161
1.38000 0.00157 0.00157 0.00157 0.00157 0.00157 0.00157 0.00157 0.00157 0.00157 0.00157
1.38400 0.00151 0.00151 0.00151 0.00151 0.00151 0.00151 0.00151 0.00151 0.00151 0.00151
1.38800 0.00146 0.00146 0.00146 0.00146 0.00146 0.00146 0.00146 0.00146 0.00146 0.00146
1.39200 0.00142 0.00142 0.00142 0.00142 0.00142 0.00142 0.00142 0.00142 0.00142 0.00142
1.39600 0.00138 0.00138 0.00138 0.00138 0.00138 0.00138 0.00138 0.00138 0.00138 0.00138
1.40000 0.00135 0.00135 0.00135 0.00135 0.00135 0.00135 0.00135 0.00135 0.00135 0.00135
1.40400 0.00133 0.00133 0.00133 0.00133 0.00133 0.00133 0.00133 0.00133 0.00133 0.00133
1.40800 0.00131 0.00131 0.00131 0.00131 0.00131 0.00131 0.00131 0.00131 0.00131 0.00131
1.41200 0.00130 0.00130 0.00130 0.00130 0.00130 0.00130 0.00130 0.00130 0.00130 0.00130
1.41600 0.00128 0.00128 0.00128 0.00128 0.00128 0.00128 0.00128 0.00128 0.00128 0.00128
1.42000 0.00128 0.00128 0.00128 0.00128 0.00128 0.00128 0.00128 0.00128 0.00128 0.00128
1.42400 0.00127 0.00127 0.00127 0.00127 0.00127 0.00127 0.00127 0.00127 0.00127 0.00127
1.42800 0.00126 0.00126 0.00126 0.00126 0.00126 0.00126 0.00126 0.00126 0.00126 0.00126
1.43200 0.00126 0.00126 0.00126 0.00126 0.00126 0.00126 0.00126 0.00126 0.00126 0.00126
1.43600 0.00125 0.00125 0.00125 0.00125 0.00125 0.00125 0.00125 0.00125 0.00125 0.00125
1.44000 0.00125 0.00125 0.00125 0.00125 0.00125 0.00125 0.00125 0.00125 0.00125 0.00125
1.44400 0.00125 0.00125 0.00125 0.00125 0.00125 0.00125 0.00125 0.00125 0.00125 0.00125
1.44800 0.00125 0.00125 0.00125 0.00125 0.00125 0.00125 0.00125 0.00125 0.00125 0.00125
1.45200 0.00125 0.00125 0.00125 0.00125 0.00125 0.00125 0.00125 0.00125 0.00125 0.00125
1.45600 0.00125 0.00125 0.00125 0.00125 0.00125 0.00125 0.00125 0.00125 0.00125 0.00125
1.46000 0.00125 0.00125 0.00125 0.00125 0.00125 0.00125 0.00125 0.00125 0.00125 0.00125
1.46400 0.00125 0.00125 0.00125 0.00125 0.00125 0.00125 0.00125 0.00125 0.00125 0.00125
1.46800 0.00125 0.00125 0.00125 0.00125 0.00125 0.00125 0.00125 0.00125 0.00125 0.00125
1.47200 0.00125 0.00125 0.00125 0.00125 0.00125 0.00125 0.00125 0.00125 0.00125 0.00125
1.47600 0.00125 0.00125 0.00125 0.00125 0.00125 0.00125 0.00125 0.00125 0.00125 0.00125
1.48000 0.00126 0.00126 0.00126 0.00126 0.00126 0.00126 0.00126 0.00126 0.00126 0.00126
1.48400 0.00126 0.00126 0.00126 0.00126 0.00126 0.00126 0.00126 0.00126 0.00126 0.00126
1.48800 0.00126 0.00126 0.00126 0.00126 0.00126 0.00126 0.00126 0.00126 0.00126 0.00126
1.49200 0.00127 0.00127 0.00127 0.00127 0.00127 0.00127 0.00127 0.00127 0.00127 0.00127
1.49600 0.00127 0.00127 0.00127 0.00127 0.00127 0.00127 0.00127 0.00127 0.00127 0.00127
1.50000 0.00128 0.00128 0.00128 0.00128 0.00128 0.00128 0.00128 0.00128 0.00128 0.00128
1.50400 0.00128 0.00128 0.00128 0.00128 0.00128 0.00128 0.00128 0.00128 0.00128 0.00128
1.50800 0.00129 0.00129 0.00129 0.00129 0.00129 0.00129 0.00129 0.00129 0.00129 0.00129
1.51200 0.00129 0.00129 0.00129 0.00129 0.00129 0.00129 0.00129 0.00129 0.00129 0.00129
1.51600 0.00130 0.00130 0.00130 0.00130 0.00130 0.00130 0.00130 0.00130 0.00130 0.00130
1.52000 0.00131 0.00131 0.00131 0.00131 0.00131 0.00131 0.00131 0.00131 0.00131 0.00131
1.52400 0.00132 0.00132 0.00132 0.00132 0.00132 0.00132 0.00132 0.00132 0.00132 0.00132
1.52800 0.00133 0.00133 0.00133 0.00133 0.00133 0.00133 0.00133 0.00133 0.00133 0.00133
1.53200 0.00134 0.00134 0.00134 0.00134 0.00134 0.00134 0.00134 0.00134 0.00134 0.00134
1.53600 0.00135 0.00135 0.00135 0.00135 0.00135 0.00135 0.00135 0.00135 0.00135 0.00135
1.54000 0.00136 0.00136 0.00136 0.00136 0.00136 0.00136 0.00136 0.00136 0.00136 0.00136
1.54400 0.00137 0.00137 0.00137 0.00137 0.00137 0.00137 0.00137 0.00137 0.00137 0.00137
1.54800 0.00138 0.00138 0.00138 0.00138 0.00138 0.00138 0.00138 0.00138 0.00138 0.00138
1.55200 0.00140 0.00140 0.00140 0.00140 0.00140 0.00140 0.00140 0.00140 0.00140 0.00140
1.55600 0.00141 0.00141 0.00141 0.00141 0.00141 0.00141 0.00141 0.00141 0.00141 0.00141
1.56000 0.00143 0.00143 0.00143 0.00143 0.00143 0.00143 0.00143 0.00143 0.00143 0.00143
1.56400 0.00145 0.00145 0.00145 0.00145 0.00145 0.00145 0.00145 0.00145 0.00145 0.00145
1.56800 0.00147 0.00147 0.00147 0.00147 0.00147 0.00147 0.00147 0.00147 0.00147 0.00147
1.57200 0.00149 0.00149 0.00149 0.00149 0.00149 0.00149 0.00149 0.00149 0.00149 0.00149
1.57600 0.00151 0.00151 0.00151 0.00151 0.00151 0.00151 0.00151 0.00151 0.00151 0.00151
1.58000 0.00153 0.00153 0.00153 0.00153 0.00153 0.00153 0.00153 0.00153 0.00153 0.00153
1.58400 0.00156 0.00156 0.00156 0.00156 0.00156 0.00156 0.00156 0.00156 0.00156 0.00156
1.58800 0.00159 0.00159 0.00159 0.00159 0.00159 0.00159 0.00159 0.00159 0.00159 0.00159
1.59200 0.00162 0.00162 0.00162 0.00162 0.00162 0.00162 0.00162 0.00162 0.00162 0.00162
1.59600 0.00165 0.00165 0.00165 0.00165 0.00165 0.00165 0.00165 0.00165 0.00165 0.00165
1.60000 0.00168 0.00168 0.00168 0.00168 0.00168 0.00168 0.00168 0.00168 0.00168 0.00168
1.60400 0.00172 0.00172 0.00172 0.00172 0.00172 0.00172 0.00172 0.00172 0.00172 0.00172
1.60800 0.00176 0.00176 0.00176 0.00176 0.00176 0.00176 0.00176 0.00176 0.00176 0.00176
1.61200 0.00181 0.00181 0.00181 0.00181 0.00181 0.00181 0.00181 0.00181 0.00181 0.00181
1.61600 0.00186 0.00186 0.00186 0.00186 0.00186 0.00186 0.00186 0.00186 0.00186 0.00186
1.62000 0.00191 0.00191 0.00191 0.00191 0.00191 0.00191 0.00191 0.00191 0.00191 0.00191
1.62400 0.00197 0.00197 0.00197 0.00197 0.00197 0.00197 0.00197 0.00197 0.00197 0.00197
1.62800 0.00203 0.00203 0.00203 0.00203 0.00203 0.00203 0.00203 0.00203 0.00203 0.00203
1.63200 0.00210 0.00210 0.00210 0.00210 0.00210 0.00210 0.00210 0.00210 0.00210 0.00210
1.63600 0.00218 0.00218 0.00218 0.00218 0.00218 0.00218 0.00218 0.00218 0.00218 0.00218
1.64000 0.00226 0.00226 0.00226 0.00226 0.00226 0.00226 0.00226 0.00226 0.00226 0.00226
1.64400 0.00236 0.00236 0.00236 0.00236 0.00236 0.00236 0.00236 0.00236 0.00236 0.00236
1.64800 0.00246 0.00246 0.00246 0.00246 0.00246 0.00246 0.00246 0.00246 0.00246 0.00246
1.65200 0.00258 0.00258 0.00258 0.00258 0.00258 0.00258 0.00258 0.00258 0.00258 0.00258
1.65600 0.00270 0.00270 0.00270 0.00270 0.00270 0.00270 0.00270 0.00270 0.00270 0.00270
1.66000 0.00285 0.00285 0.00285 0.00285 0.00285 0.00285 0.00285 0.00285 0.00285 0.00285
1.66400 0.00301 0.00301 0.00301 0.00301 0.00301 0.00301 0.00301 0.00301 0.00301 0.00301
1.66800 0.00320 0.00320 0.00320 0.00320 0.00320 0.00320 0.00320 0.00320 0.00320 0.00320
1.67200 0.00340 0.00340 0.00340 0.00340 0.00340 0.00340 0.00340 0.00340 0.00340 0.00340
1.67600 0.00364 0.00364 0.00364 0.00364 0.00364 0.00364 0.00364 0.00364 0.00364 0.00364
1.68000 0.00391 0.00391 0.00391 0.00391 0.00391 0.00391 0.00391 0.00391 0.00391 0.00391
1.68400 0.00422 0.00422 0.00422 0.00422 0.00422 0.00422 0.00422 0.00422 0.00422 0.00422
1.68800 0.00458 0.00458 0.00458 0.00458 0.00458 0.00458 0.00458 0.00458 0.00458 0.00458
1.69200 0.00501 0.00501 0.00501 0.00501 0.00501 0.00501 0.00501 0.00501 0.00501 0.00501
1.69600 0.00550 0.00550 0.00550 0.00550 0.00550 0.00550 0.00550 0.00550 0.00550 0.00550
1.70000 0.00608 0.00608 0.00608 0.00608 0.00608 0.00608 0.00608 0.00608 0.00608 0.00608
1.70400 0.00677 0.00677 0.00677 0.00677 0.00677 0.00677 0.00677 0.00677 0.00677 0.00677
1.70800 0.00761 0.00761 0.00761 0.00761 0.00761 0.00761 0.00761 0.00761 0.00761 0.00761
1.71200 0.00861 0.00861 0.00861 0.00861 0.00861 0.00861 0.00861 0.00861 0.00861 0.00861
1.71600 0.00985 0.00985 0.00985 0.00985 0.00985 0.00985 0.00985 0.00985 0.00985 0.00985
1.72000 0.01137 0.01137 0.01137 0.01137 0.01137 0.01137 0.01137 0.01137 0.01137 0.01137
1.72400 0.01328 0.01328 0.01328 0.01328 0.01328 0.01328 0.01328 0.01328 0.01328 0.01328
1.72800 0.01567 0.01567 0.01567 0.01567 0.01567 0.01567 0.01567 0.01567 0.01567 0.01567
1.73200 0.01871 0.01871 0.01871 0.01871 0.01871 0.01871 0.01871 0.01871 0.01871 0.01871
1.73600 0.02254 0.02254 0.02254 0.02254 0.02254 0.02254 0.02254 0.02254 0.02254 0.02254
1.74000 0.02733 0.02733 0.02733 0.02733 0.02733 0.02733 0.02733 0.02733 0.02733 0.02733
1.74400 0.03313 0.03313 0.03313 0.03313 0.03313 0.03313 0.03313 0.03313 0.03313 0.03313
1.74800 0.03968 0.03968 0.03968 0.03968 0.03968 0.03968 0.03968 0.03968 0.03968 0.03968
1.75200 0.04615 0.04615 0.04615 0.04615 0.04615 0.04615 0.04615 0.04615 0.04615 0.04615
1.75600 0.05096 0.05096 0.05096 0.05096 0.05096 0.05096 0.05096 0.05096 0.05096 0.05096
1.76000 0.05243 0.05243 0.05243 0.05243 0.05243 0.05243 0.05243 0.05243 0.05243 0.05243
1.76400 0.04994 0.04994 0.04994 0.04994 0.04994 0.04994 0.04994 0.04994 0.04994 0.04994
1.76800 0.04451 0.04451 0.04451 0.04451 0.04451 0.04451 0.04451 0.04451 0.04451 0.04451
1.77200 0.03789 0.03789 0.03789 0.03789 0.03789 0.03789 0.03789 0.03789 0.03789 0.03789
1.77600 0.03148 0.03148 0.03148 0.03148 0.03148 0.03148 0.03148 0.03148 0.03148 0.03148
1.78000 0.02593 0.02593 0.02593 0.02593 0.02593 0.02593 0.02593 0.02593 0.02593 0.02593
1.78400 0.02140 0.02140 0.02140 0.02140 0.02140 0.02140 0.02140 0.02140 0.02140 0.02140
1.78800 0.01779 0.01779 0.01779 0.01779 0.01779 0.01779 0.01779 0.01779 0.01779 0.01779
1.79200 0.01494 0.01494 0.01494 0.01494 0.01494 0.01494 0.01494 0.01494 0.01494 0.01494
1.79600 0.01267 0.01267 0.01267 0.01267 0.01267 0.01267 0.01267 0.01267 0.01267 0.01267
1.80000 0.01087 0.01087 0.01087 0.01087 0.01087 0.01087 0.01087 0.01087 0.01087 0.01087
1.80400 0.00943 0.00943 0.00943 0.00943 0.00943 0.00943 0.00943 0.00943 0.00943 0.00943
1.80800 0.00825 0.00825 0.00825 0.00825 0.00825 0.00825 0.00825 0.00825 0.00825 0.00825
1.81200 0.00729 0.00729 0.00729 0.00729 0.00729 0.00729 0.00729 0.00729 0.00729 0.00729
1.81600 0.00649 0.00649 0.00649 0.00649 0.00649 0.00649 0.00649 0.00649 0.00649 0.00649
1.82000 0.00583 0.00583 0.00583 0.00583 0.00583 0.00583 0.00583 0.00583 0.00583 0.00583
1.82400 0.00527 0.00527 0.00527 0.00527 0.00527 0.00527 0.00527 0.00527 0.00527 0.00527
1.82800 0.00480 0.00480 0.00480 0.00480 0.00480 0.00480 0.00480 0.00480 0.00480 0.00480
1.83200 0.00439 0.00439 0.00439 0.00439 0.00439 0.00439 0.00439 0.00439 0.00439 0.00439
1.83600 0.00404 0.00404 0.00404 0.00404 0.00404 0.00404 0.00404 0.00404 0.00404 0.00404
1.84000 0.00373 0.00373 0.00373 0.00373 0.00373 0.00373 0.00373 0.00373 0.00373 0.00373
1.84400 0.00347 0.00347 0.00347 0.00347 0.00347 0.00347 0.00347 0.00347 0.00347 0.00347
1.84800 0.00324 0.00324 0.00324 0.00324 0.00324 0.00324 0.00324 0.00324 0.00324 0.00324
1.85200 0.00303 0.00303 0.00303 0.00303 0.00303 0.00303 0.00303 0.00303 0.00303 0.00303
1.85600 0.00285 0.00285 0.00285 0.00285 0.00285 0.00285 0.00285 0.00285 0.00285 0.00285
1.86000 0.00269 0.00269 0.00269 0.00269 0.00269 0.00269 0.00269 0.00269 0.00269 0.00269
1.86400 0.00254 0.00254 0.00254 0.00254 0.00254 0.00254 0.00254 0.00254 0.00254 0.00254
1.86800 0.00241 0.00241 0.00241 0.00241 0.00241 0.00241 0.00241 0.00241 0.00241 0.00241
1.87200 0.00229 0.00229 0.00229 0.00229 0.00229 0.00229 0.00229 0.00229 0.00229 0.00229
1.87600 0.00219 0.00219 0.00219 0.00219 0.00219 0.00219 0.00219 0.00219 0.00219 0.00219
1.88000 0.00209 0.00209 0.00209 0.00209 0.00209 0.00209 0.00209 0.00209 0.00209 0.00209
1.88400 0.00201 0.00201 0.00201 0.00201 0.00201 0.00201 0.00201 0.00201 0.00201 0.00201
1.88800 0.00193 0.00193 0.00193 0.00193 0.00193 0.00193 0.00193 0.00193 0.00193 0.00193
1.89200 0.00185 0.00185 0.00185 0.00185 0.00185 0.00185 0.00185 0.00185 0.00185 0.00185
1.89600 0.00179 0.00179 0.00179 0.00179 0.00179 0.00179 0.00179 0.00179 0.00179 0.00179
1.90000 0.00172 0.00172 0.00172 0.00172 0.00172 0.00172 0.00172 0.00172 0.00172 0.00172
1.90400 0.00167 0.00167 0.00167 0.00167 0.00167 0.00167 0.00167 0.00167 0.00167 0.00167
1.90800 0.00161 0.00161 0.00161 0.00161 0.00161 0.00161 0.00161 0.00161 0.00161 0.00161
1.91200 0.00157 0.00157 0.00157 0.00157 0.00157 0.00157 0.00157 0.00157 0.00157 0.00157
1.91600 0.00152 0.00152 0.00152 0.00152 0.00152 0.00152 0.00152 0.00152 0.00152 0.00152
1.92000 0.00148 0.00148 0.00148 0.00148 0.00148 0.00148 0.00148 0.00148 0.00148 0.00148
1.92400 0.00144 0.00144 0.00144 0.00144 0.00144 0.00144 0.00144 0.00144 0.00144 0.00144
1.92800 0.00140 0.00140 0.00140 0.00140 0.00140 0.00140 0.00140 0.00140 0.00140 0.00140
1.93200 0.00137 0.00137 0.00137 0.00137 0.00137 0.00137 0.00137 0.00137 0.00137 0.00137
1.93600 0.00133 0.00133 0.00133 0.00133 0.00133 0.00133 0.00133 0.00133 0.00133 0.00133
1.94000 0.00130 0.00130 0.00130 0.00130 0.00130 0.00130 0.00130 0.00130 0.00130 0.00130
1.94400 0.00128 0.00128 0.00128 0.00128 0.00128 0.00128 0.00128 0.00128 0.00128 0.00128
1.94800 0.00125 0.00125 0.00125 0.00125 0.00125 0.00125 0.00125 0.00125 0.00125 0.00125
1.95200 0.00122 0.00122 0.00122 0.00122 0.00122 0.00122 0.00122 0.00122 0.00122 0.00122
1.95600 0.00120 0.00120 0.00120 0.00120 0.00120 0.00120 0.00120 0.00120 0.00120 0.00120
1.96000 0.00118 0.00118 0.00118 0.00118 0.00118 0.00118 0.00118 0.00118 0.00118 0.00118
1.96400 0.00116 0.00116 0.00116 0.00116 0.00116 0.00116 0.00116 0.00116 0.00116 0.00116
1.96800 0.00114 0.00114 0.00114 0.00114 0.00114 0.00114 0.00114 0.00114 0.00114 0.00114
1.97200 0.00112 0.00112 0.00112 0.00112 0.00112 0.00112 0.00112 0.00112 0.00112 0.00112
1.97600 0.00110 0.00110 0.00110 0.00110 0.00110 0.00110 0.00110 0.00110 0.00110 0.00110
1.98000 0.00108 0.00108 0.00108 0.00108 0.00108 0.00108 0.00108 0.00108 0.00108 0.00108
1.98400 0.00106 0.00106 0.00106 0.00106 0.00106 0.00106 0.00106 0.00106 0.00106 0.00106
1.98800 0.00105 0.00105 0.00105 0.00105 0.00105 0.00105 0.00105 0.00105 0.00105 0.00105
1.99200 0.00103 0.00103 0.00103 0.00103 0.00103 0.00103 0.00103 0.00103 0.00103 0.00103
1.99600 0.00102 0.00102 0.00102 0.00102 0.00102 0.00102 0.00102 0.00102 0.00102 0.00102
2.00000 0.00101 0.00101 0.00101 0.00101 0.00101 0.00101 0.00101 0.00101 0.00101 0.00101
