-2.00000 0.00374 0.00374 0.00374 0.00374
-1.99600 0.00356 0.00356 0.00356 0.00356
-1.99200 0.00340 0.00340 0.00340 0.00340
-1.98800 0.00328 0.00328 0.00328 0.00328
-1.98400 0.00319 0.00319 0.00319 0.00319
-1.98000 0.00313 0.00313 0.00313 0.00313
-1.97600 0.00310 0.00310 0.00310 0.00310
-1.97200 0.00310 0.00310 0.00310 0.00310
-1.96800 0.00312 0.00312 0.00312 0.00312
-1.96400 0.00316 0.00316 0.00316 0.00316
-1.96000 0.00322 0.00322 0.00322 0.00322
-1.95600 0.00331 0.00331 0.00331 0.00331
-1.95200 0.00344 0.00344 0.00344 0.00344
-1.94800 0.00360 0.00360 0.00360 0.00360
-1.94400 0.00380 0.00380 0.00380 0.00380
-1.94000 0.00406 0.00406 0.00406 0.00406
-1.93600 0.00436 0.00436 0.00436 0.00436
-1.93200 0.00469 0.00469 0.00469 0.00469
-1.92800 0.00497 0.00497 0.00497 0.00497
-1.92400 0.00514 0.00514 0.00514 0.00514
-1.92000 0.00514 0.00514 0.00514 0.00514
-1.91600 0.00498 0.00498 0.00498 0.00498
-1.91200 0.00473 0.00473 0.00473 0.00473
-1.90800 0.00447 0.00447 0.00447 0.00447
-1.90400 0.00424 0.00424 0.00424 0.00424
-1.90000 0.00407 0.00407 0.00407 0.00407
-1.89600 0.00395 0.00395 0.00395 0.00395
-1.89200 0.00387 0.00387 0.00387 0.00387
-1.88800 0.00384 0.00384 0.00384 0.00384
-1.88400 0.00384 0.00384 0.00384 0.00384
-1.88000 0.00388 0.00388 0.00388 0.00388
-1.87600 0.00395 0.00395 0.00395 0.00395
-1.87200 0.00407 0.00407 0.00407 0.00407
-1.86800 0.00422 0.00422 0.00422 0.00422
-1.86400 0.00443 0.00443 0.00443 0.00443
-1.86000 0.00470 0.00470 0.00470 0.00470
-1.85600 0.00505 0.00505 0.00505 0.00505
-1.85200 0.00547 0.00547 0.00547 0.00547
-1.84800 0.00596 0.00596 0.00596 0.00596
-1.84400 0.00646 0.00646 0.00646 0.00646
-1.84000 0.00688 0.00688 0.00688 0.00688
-1.83600 0.00708 0.00708 0.00708 0.00708
-1.83200 0.00699 0.00699 0.00699 0.00699
-1.82800 0.00668 0.00668 0.00668 0.00668
-1.82400 0.00627 0.00627 0.00627 0.00627
-1.82000 0.00587 0.00587 0.00587 0.00587
-1.81600 0.00554 0.00554 0.00554 0.00554
-1.81200 0.00529 0.00529 0.00529 0.00529
-1.80800 0.00513 0.00513 0.00513 0.00513
-1.80400 0.00504 0.00504 0.00504 0.00504
-1.80000 0.00502 0.00502 0.00502 0.00502
-1.79600 0.00506 0.00506 0.00506 0.00506
-1.79200 0.00517 0.00517 0.00517 0.00517
-1.78800 0.00535 0.00535 0.00535 0.00535
-1.78400 0.00560 0.00560 0.00560 0.00560
-1.78000 0.00594 0.00594 0.00594 0.00594
-1.77600 0.00639 0.00639 0.00639 0.00639
-1.77200 0.00695 0.00695 0.00695 0.00695
-1.76800 0.00761 0.00761 0.00761 0.00761
-1.76400 0.00831 0.00831 0.00831 0.00831
-1.76000 0.00890 0.00890 0.00890 0.00890
-1.75600 0.00922 0.00922 0.00922 0.00922
-1.75200 0.00915 0.00915 0.00915 0.00915
-1.74800 0.00875 0.00875 0.00875 0.00875
-1.74400 0.00818 0.00818 0.00818 0.00818
-1.74000 0.00761 0.00761 0.00761 0.00761
-1.73600 0.00713 0.00713 0.00713 0.00713
-1.73200 0.00676 0.00676 0.00676 0.00676
-1.72800 0.00651 0.00651 0.00651 0.00651
-1.72400 0.00637 0.00637 0.00637 0.00637
-1.72000 0.00632 0.00632 0.00632 0.00632
-1.71600 0.00636 0.00636 0.00636 0.00636
-1.71200 0.00648 0.00648 0.00648 0.00648
-1.70800 0.00669 0.00669 0.00669 0.00669
-1.70400 0.00700 0.00700 0.00700 0.00700
-1.70000 0.00742 0.00742 0.00742 0.00742
-1.69600 0.00798 0.00798 0.00798 0.00798
-1.69200 0.00870 0.00870 0.00870 0.00870
-1.68800 0.00961 0.00961 0.00961 0.00961
-1.68400 0.01072 0.01072 0.01072 0.01072
-1.68000 0.01197 0.01197 0.01197 0.01197
-1.67600 0.01319 0.01319 0.01319 0.01319
-1.67200 0.01408 0.01408 0.01408 0.01408
-1.66800 0.01436 0.01436 0.01436 0.01436
-1.66400 0.01395 0.01395 0.01395 0.01395
-1.66000 0.01307 0.01307 0.01307 0.01307
-1.65600 0.01203 0.01203 0.01203 0.01203
-1.65200 0.01108 0.01108 0.01108 0.01108
-1.64800 0.01033 0.01033 0.01033 0.01033
-1.64400 0.00980 0.00980 0.00980 0.00980
-1.64000 0.00949 0.00949 0.00949 0.00949
-1.63600 0.00938 0.00938 0.00938 0.00938
-1.63200 0.00946 0.00946 0.00946 0.00946
-1.62800 0.00972 0.00972 0.00972 0.00972
-1.62400 0.01019 0.01019 0.01019 0.01019
-1.62000 0.01089 0.01089 0.01089 0.01089
-1.61600 0.01184 0.01184 0.01184 0.01184
-1.61200 0.01307 0.01307 0.01307 0.01307
-1.60800 0.01455 0.01455 0.01455 0.01455
-1.60400 0.01616 0.01616 0.01616 0.01616
-1.60000 0.01759 0.01759 0.01759 0.01759
-1.59600 0.01843 0.01843 0.01843 0.01843
-1.59200 0.01838 0.01838 0.01838 0.01838
-1.58800 0.01751 0.01751 0.01751 0.01751
-1.58400 0.01618 0.01618 0.01618 0.01618
-1.58000 0.01480 0.01480 0.01480 0.01480
-1.57600 0.01362 0.01362 0.01362 0.01362
-1.57200 0.01272 0.01272 0.01272 0.01272
-1.56800 0.01212 0.01212 0.01212 0.01212
-1.56400 0.01179 0.01179 0.01179 0.01179
-1.56000 0.01171 0.01171 0.01171 0.01171
-1.55600 0.01187 0.01187 0.01187 0.01187
-1.55200 0.01228 0.01228 0.01228 0.01228
-1.54800 0.01295 0.01295 0.01295 0.01295
-1.54400 0.01393 0.01393 0.01393 0.01393
-1.54000 0.01527 0.01527 0.01527 0.01527
-1.53600 0.01700 0.01700 0.01700 0.01700
-1.53200 0.01913 0.01913 0.01913 0.01913
-1.52800 0.02151 0.02151 0.02151 0.02151
-1.52400 0.02380 0.02380 0.02380 0.02380
-1.52000 0.02538 0.02538 0.02538 0.02538
-1.51600 0.02570 0.02570 0.02570 0.02570
-1.51200 0.02467 0.02467 0.02467 0.02467
-1.50800 0.02275 0.02275 0.02275 0.02275
-1.50400 0.02059 0.02059 0.02059 0.02059
-1.50000 0.01862 0.01862 0.01862 0.01862
-1.49600 0.01704 0.01704 0.01704 0.01704
-1.49200 0.01588 0.01588 0.01588 0.01588
-1.48800 0.01513 0.01513 0.01513 0.01513
-1.48400 0.01473 0.01473 0.01473 0.01473
-1.48000 0.01467 0.01467 0.01467 0.01467
-1.47600 0.01492 0.01492 0.01492 0.01492
-1.47200 0.01551 0.01551 0.01551 0.01551
-1.46800 0.01646 0.01646 0.01646 0.01646
-1.46400 0.01783 0.01783 0.01783 0.01783
-1.46000 0.01964 0.01964 0.01964 0.01964
-1.45600 0.02192 0.02192 0.02192 0.02192
-1.45200 0.02453 0.02453 0.02453 0.02453
-1.44800 0.02709 0.02709 0.02709 0.02709
-1.44400 0.02897 0.02897 0.02897 0.02897
-1.44000 0.02951 0.02951 0.02951 0.02951
-1.43600 0.02854 0.02854 0.02854 0.02854
-1.43200 0.02654 0.02654 0.02654 0.02654
-1.42800 0.02420 0.02420 0.02420 0.02420
-1.42400 0.02207 0.02207 0.02207 0.02207
-1.42000 0.02038 0.02038 0.02038 0.02038
-1.41600 0.01920 0.01920 0.01920 0.01920
-1.41200 0.01851 0.01851 0.01851 0.01851
-1.40800 0.01828 0.01828 0.01828 0.01828
-1.40400 0.01849 0.01849 0.01849 0.01849
-1.40000 0.01915 0.01915 0.01915 0.01915
-1.39600 0.02030 0.02030 0.02030 0.02030
-1.39200 0.02198 0.02198 0.02198 0.02198
-1.38800 0.02427 0.02427 0.02427 0.02427
-1.38400 0.02716 0.02716 0.02716 0.02716
-1.38000 0.03051 0.03051 0.03051 0.03051
-1.37600 0.03385 0.03385 0.03385 0.03385
-1.37200 0.03637 0.03637 0.03637 0.03637
-1.36800 0.03716 0.03716 0.03716 0.03716
-1.36400 0.03594 0.03594 0.03594 0.03594
-1.36000 0.03326 0.03326 0.03326 0.03326
-1.35600 0.03004 0.03004 0.03004 0.03004
-1.35200 0.02701 0.02701 0.02701 0.02701
-1.34800 0.02452 0.02452 0.02452 0.02452
-1.34400 0.02266 0.02266 0.02266 0.02266
-1.34000 0.02138 0.02138 0.02138 0.02138
-1.33600 0.02064 0.02064 0.02064 0.02064
-1.33200 0.02039 0.02039 0.02039 0.02039
-1.32800 0.02060 0.02060 0.02060 0.02060
-1.32400 0.02128 0.02128 0.02128 0.02128
-1.32000 0.02247 0.02247 0.02247 0.02247
-1.31600 0.02423 0.02423 0.02423 0.02423
-1.31200 0.02660 0.02660 0.02660 0.02660
-1.30800 0.02955 0.02955 0.02955 0.02955
-1.30400 0.03289 0.03289 0.03289 0.03289
-1.30000 0.03605 0.03605 0.03605 0.03605
-1.29600 0.03816 0.03816 0.03816 0.03816
-1.29200 0.03845 0.03845 0.03845 0.03845
-1.28800 0.03684 0.03684 0.03684 0.03684
-1.28400 0.03405 0.03405 0.03405 0.03405
-1.28000 0.03098 0.03098 0.03098 0.03098
-1.27600 0.02824 0.02824 0.02824 0.02824
-1.27200 0.02608 0.02608 0.02608 0.02608
-1.26800 0.02457 0.02457 0.02457 0.02457
-1.26400 0.02366 0.02366 0.02366 0.02366
-1.26000 0.02331 0.02331 0.02331 0.02331
-1.25600 0.02348 0.02348 0.02348 0.02348
-1.25200 0.02419 0.02419 0.02419 0.02419
-1.24800 0.02546 0.02546 0.02546 0.02546
-1.24400 0.02737 0.02737 0.02737 0.02737
-1.24000 0.02996 0.02996 0.02996 0.02996
-1.23600 0.03325 0.03325 0.03325 0.03325
-1.23200 0.03706 0.03706 0.03706 0.03706
-1.22800 0.04085 0.04085 0.04085 0.04085
-1.22400 0.04369 0.04369 0.04369 0.04369
-1.22000 0.04461 0.04461 0.04461 0.04461
-1.21600 0.04329 0.04329 0.04329 0.04329
-1.21200 0.04039 0.04039 0.04039 0.04039
-1.20800 0.03696 0.03696 0.03696 0.03696
-1.20400 0.03380 0.03380 0.03380 0.03380
-1.20000 0.03129 0.03129 0.03129 0.03129
-1.19600 0.02953 0.02953 0.02953 0.02953
-1.19200 0.02850 0.02850 0.02850 0.02850
-1.18800 0.02816 0.02816 0.02816 0.02816
-1.18400 0.02847 0.02847 0.02847 0.02847
-1.18000 0.02946 0.02946 0.02946 0.02946
-1.17600 0.03116 0.03116 0.03116 0.03116
-1.17200 0.03364 0.03364 0.03364 0.03364
-1.16800 0.03696 0.03696 0.03696 0.03696
-1.16400 0.04108 0.04108 0.04108 0.04108
-1.16000 0.04565 0.04565 0.04565 0.04565
-1.15600 0.04988 0.04988 0.04988 0.04988
-1.15200 0.05258 0.05258 0.05258 0.05258
-1.14800 0.05278 0.05278 0.05278 0.05278
-1.14400 0.05053 0.05053 0.05053 0.05053
-1.14000 0.04685 0.04685 0.04685 0.04685
-1.13600 0.04295 0.04295 0.04295 0.04295
-1.13200 0.03959 0.03959 0.03959 0.03959
-1.12800 0.03708 0.03708 0.03708 0.03708
-1.12400 0.03548 0.03548 0.03548 0.03548
-1.12000 0.03475 0.03475 0.03475 0.03475
-1.11600 0.03484 0.03484 0.03484 0.03484
-1.11200 0.03577 0.03577 0.03577 0.03577
-1.10800 0.03755 0.03755 0.03755 0.03755
-1.10400 0.04028 0.04028 0.04028 0.04028
-1.10000 0.04404 0.04404 0.04404 0.04404
-1.09600 0.04883 0.04883 0.04883 0.04883
-1.09200 0.05441 0.05441 0.05441 0.05441
-1.08800 0.06005 0.06005 0.06005 0.06005
-1.08400 0.06441 0.06441 0.06441 0.06441
-1.08000 0.06606 0.06606 0.06606 0.06606
-1.07600 0.06450 0.06450 0.06450 0.06450
-1.07200 0.06061 0.06061 0.06061 0.06061
-1.06800 0.05592 0.05592 0.05592 0.05592
-1.06400 0.05162 0.05162 0.05162 0.05162
-1.06000 0.04830 0.04830 0.04830 0.04830
-1.05600 0.04614 0.04614 0.04614 0.04614
-1.05200 0.04511 0.04511 0.04511 0.04511
-1.04800 0.04518 0.04518 0.04518 0.04518
-1.04400 0.04633 0.04633 0.04633 0.04633
-1.04000 0.04860 0.04860 0.04860 0.04860
-1.03600 0.05211 0.05211 0.05211 0.05211
-1.03200 0.05701 0.05701 0.05701 0.05701
-1.02800 0.06343 0.06343 0.06343 0.06343
-1.02400 0.07131 0.07131 0.07131 0.07131
-1.02000 0.08014 0.08014 0.08014 0.08014
-1.01600 0.08854 0.08854 0.08854 0.08854
-1.01200 0.09437 0.09437 0.09437 0.09437
-1.00800 0.09576 0.09576 0.09576 0.09576
-1.00400 0.09264 0.09264 0.09264 0.09264
-1.00000 0.08679 0.08679 0.08679 0.08679
-0.99600 0.08050 0.08050 0.08050 0.08050
-0.99200 0.07531 0.07531 0.07531 0.07531
-0.98800 0.07193 0.07193 0.07193 0.07193
-0.98400 0.07057 0.07057 0.07057 0.07057
-0.98000 0.07129 0.07129 0.07129 0.07129
-0.97600 0.07413 0.07413 0.07413 0.07413
-0.97200 0.07921 0.07921 0.07921 0.07921
-0.96800 0.08664 0.08664 0.08664 0.08664
-0.96400 0.09638 0.09638 0.09638 0.09638
-0.96000 0.10785 0.10785 0.10785 0.10785
-0.95600 0.11939 0.11939 0.11939 0.11939
-0.95200 0.12817 0.12817 0.12817 0.12817
-0.94800 0.13125 0.13125 0.13125 0.13125
-0.94400 0.12781 0.12781 0.12781 0.12781
-0.94000 0.11985 0.11985 0.11985 0.11985
-0.93600 0.11059 0.11059 0.11059 0.11059
-0.93200 0.10245 0.10245 0.10245 0.10245
-0.92800 0.09666 0.09666 0.09666 0.09666
-0.92400 0.09361 0.09361 0.09361 0.09361
-0.92000 0.09336 0.09336 0.09336 0.09336
-0.91600 0.09595 0.09595 0.09595 0.09595
-0.91200 0.10152 0.10152 0.10152 0.10152
-0.90800 0.11028 0.11028 0.11028 0.11028
-0.90400 0.12244 0.12244 0.12244 0.12244
-0.90000 0.13784 0.13784 0.13784 0.13784
-0.89600 0.15537 0.15537 0.15537 0.15537
-0.89200 0.17216 0.17216 0.17216 0.17216
-0.88800 0.18364 0.18364 0.18364 0.18364
-0.88400 0.18578 0.18578 0.18578 0.18578
-0.88000 0.17824 0.17824 0.17824 0.17824
-0.87600 0.16470 0.16470 0.16470 0.16470
-0.87200 0.14993 0.14993 0.14993 0.14993
-0.86800 0.13722 0.13722 0.13722 0.13722
-0.86400 0.12805 0.12805 0.12805 0.12805
-0.86000 0.12281 0.12281 0.12281 0.12281
-0.85600 0.12149 0.12149 0.12149 0.12149
-0.85200 0.12401 0.12401 0.12401 0.12401
-0.84800 0.13029 0.13029 0.13029 0.13029
-0.84400 0.14010 0.14010 0.14010 0.14010
-0.84000 0.15258 0.15258 0.15258 0.15258
-0.83600 0.16560 0.16560 0.16560 0.16560
-0.83200 0.17563 0.17563 0.17563 0.17563
-0.82800 0.17906 0.17906 0.17906 0.17906
-0.82400 0.17487 0.17487 0.17487 0.17487
-0.82000 0.16551 0.16551 0.16551 0.16551
-0.81600 0.15488 0.15488 0.15488 0.15488
-0.81200 0.14597 0.14597 0.14597 0.14597
-0.80800 0.14028 0.14028 0.14028 0.14028
-0.80400 0.13835 0.13835 0.13835 0.13835
-0.80000 0.14034 0.14034 0.14034 0.14034
-0.79600 0.14641 0.14641 0.14641 0.14641
-0.79200 0.15684 0.15684 0.15684 0.15684
-0.78800 0.17204 0.17204 0.17204 0.17204
-0.78400 0.19233 0.19233 0.19233 0.19233
-0.78000 0.21742 0.21742 0.21742 0.21742
-0.77600 0.24544 0.24544 0.24544 0.24544
-0.77200 0.27194 0.27194 0.27194 0.27194
-0.76800 0.29039 0.29039 0.29039 0.29039
-0.76400 0.29586 0.29586 0.29586 0.29586
-0.76000 0.28929 0.28929 0.28929 0.28929
-0.75600 0.27691 0.27691 0.27691 0.27691
-0.75200 0.26579 0.26579 0.26579 0.26579
-0.74800 0.26075 0.26075 0.26075 0.26075
-0.74400 0.26429 0.26429 0.26429 0.26429
-0.74000 0.27763 0.27763 0.27763 0.27763
-0.73600 0.30129 0.30129 0.30129 0.30129
-0.73200 0.33486 0.33486 0.33486 0.33486
-0.72800 0.37561 0.37561 0.37561 0.37561
-0.72400 0.41654 0.41654 0.41654 0.41654
-0.72000 0.44594 0.44594 0.44594 0.44594
-0.71600 0.45211 0.45211 0.45211 0.45211
-0.71200 0.43203 0.43203 0.43203 0.43203
-0.70800 0.39393 0.39393 0.39393 0.39393
-0.70400 0.35032 0.35032 0.35032 0.35032
-0.70000 0.31049 0.31049 0.31049 0.31049
-0.69600 0.27877 0.27877 0.27877 0.27877
-0.69200 0.25622 0.25622 0.25622 0.25622
-0.68800 0.24255 0.24255 0.24255 0.24255
-0.68400 0.23715 0.23715 0.23715 0.23715
-0.68000 0.23948 0.23948 0.23948 0.23948
-0.67600 0.24894 0.24894 0.24894 0.24894
-0.67200 0.26428 0.26428 0.26428 0.26428
-0.66800 0.28262 0.28262 0.28262 0.28262
-0.66400 0.29874 0.29874 0.29874 0.29874
-0.66000 0.30642 0.30642 0.30642 0.30642
-0.65600 0.30244 0.30244 0.30244 0.30244
-0.65200 0.28930 0.28930 0.28930 0.28930
-0.64800 0.27313 0.27313 0.27313 0.27313
-0.64400 0.25947 0.25947 0.25947 0.25947
-0.64000 0.25155 0.25155 0.25155 0.25155
-0.63600 0.25084 0.25084 0.25084 0.25084
-0.63200 0.25794 0.25794 0.25794 0.25794
-0.62800 0.27322 0.27322 0.27322 0.27322
-0.62400 0.29677 0.29677 0.29677 0.29677
-0.62000 0.32772 0.32772 0.32772 0.32772
-0.61600 0.36293 0.36293 0.36293 0.36293
-0.61200 0.39570 0.39570 0.39570 0.39570
-0.60800 0.41703 0.41703 0.41703 0.41703
-0.60400 0.42097 0.42097 0.42097 0.42097
-0.60000 0.40993 0.40993 0.40993 0.40993
-0.59600 0.39289 0.39289 0.39289 0.39289
-0.59200 0.37914 0.37914 0.37914 0.37914
-0.58800 0.37470 0.37470 0.37470 0.37470
-0.58400 0.38255 0.38255 0.38255 0.38255
-0.58000 0.40373 0.40373 0.40373 0.40373
-0.57600 0.43768 0.43768 0.43768 0.43768
-0.57200 0.48112 0.48112 0.48112 0.48112
-0.56800 0.52609 0.52609 0.52609 0.52609
-0.56400 0.55987 0.55987 0.55987 0.55987
-0.56000 0.57062 0.57062 0.57062 0.57062
-0.55600 0.55648 0.55648 0.55648 0.55648
-0.55200 0.52753 0.52753 0.52753 0.52753
-0.54800 0.49784 0.49784 0.49784 0.49784
-0.54400 0.47787 0.47787 0.47787 0.47787
-0.54000 0.47287 0.47287 0.47287 0.47287
-0.53600 0.48431 0.48431 0.48431 0.48431
-0.53200 0.51059 0.51059 0.51059 0.51059
-0.52800 0.54613 0.54613 0.54613 0.54613
-0.52400 0.57979 0.57979 0.57979 0.57979
-0.52000 0.59682 0.59682 0.59682 0.59682
-0.51600 0.58708 0.58708 0.58708 0.58708
-0.51200 0.55312 0.55312 0.55312 0.55312
-0.50800 0.50764 0.50764 0.50764 0.50764
-0.50400 0.46386 0.46386 0.46386 0.46386
-0.50000 0.42987 0.42987 0.42987 0.42987
-0.49600 0.40899 0.40899 0.40899 0.40899
-0.49200 0.40183 0.40183 0.40183 0.40183
-0.48800 0.40771 0.40771 0.40771 0.40771
-0.48400 0.42460 0.42460 0.42460 0.42460
-0.48000 0.44804 0.44804 0.44804 0.44804
-0.47600 0.47014 0.47014 0.47014 0.47014
-0.47200 0.48139 0.48139 0.48139 0.48139
-0.46800 0.47647 0.47647 0.47647 0.47647
-0.46400 0.45869 0.45869 0.45869 0.45869
-0.46000 0.43719 0.43719 0.43719 0.43719
-0.45600 0.42061 0.42061 0.42061 0.42061
-0.45200 0.41426 0.41426 0.41426 0.41426
-0.44800 0.42056 0.42056 0.42056 0.42056
-0.44400 0.44026 0.44026 0.44026 0.44026
-0.44000 0.47254 0.47254 0.47254 0.47254
-0.43600 0.51395 0.51395 0.51395 0.51395
-0.43200 0.55669 0.55669 0.55669 0.55669
-0.42800 0.58908 0.58908 0.58908 0.58908
-0.42400 0.60146 0.60146 0.60146 0.60146
-0.42000 0.59419 0.59419 0.59419 0.59419
-0.41600 0.57784 0.57784 0.57784 0.57784
-0.41200 0.56537 0.56537 0.56537 0.56537
-0.40800 0.56574 0.56574 0.56574 0.56574
-0.40400 0.58251 0.58251 0.58251 0.58251
-0.40000 0.61432 0.61432 0.61432 0.61432
-0.39600 0.65470 0.65470 0.65470 0.65470
-0.39200 0.69291 0.69291 0.69291 0.69291
-0.38800 0.71929 0.71929 0.71929 0.71929
-0.38400 0.73313 0.73313 0.73313 0.73313
-0.38000 0.74359 0.74359 0.74359 0.74359
-0.37600 0.76127 0.76127 0.76127 0.76127
-0.37200 0.78907 0.78907 0.78907 0.78907
-0.36800 0.81809 0.81809 0.81809 0.81809
-0.36400 0.83047 0.83047 0.83047 0.83047
-0.36000 0.81082 0.81082 0.81082 0.81082
-0.35600 0.75919 0.75919 0.75919 0.75919
-0.35200 0.69065 0.69065 0.69065 0.69065
-0.34800 0.62300 0.62300 0.62300 0.62300
-0.34400 0.56775 0.56775 0.56775 0.56775
-0.34000 0.52956 0.52956 0.52956 0.52956
-0.33600 0.50879 0.50879 0.50879 0.50879
-0.33200 0.50323 0.50323 0.50323 0.50323
-0.32800 0.50822 0.50822 0.50822 0.50822
-0.32400 0.51605 0.51605 0.51605 0.51605
-0.32000 0.51762 0.51762 0.51762 0.51762
-0.31600 0.50741 0.50741 0.50741 0.50741
-0.31200 0.48753 0.48753 0.48753 0.48753
-0.30800 0.46519 0.46519 0.46519 0.46519
-0.30400 0.44662 0.44662 0.44662 0.44662
-0.30000 0.43369 0.43369 0.43369 0.43369
-0.29600 0.42414 0.42414 0.42414 0.42414
-0.29200 0.41413 0.41413 0.41413 0.41413
-0.28800 0.40186 0.40186 0.40186 0.40186
-0.28400 0.38914 0.38914 0.38914 0.38914
-0.28000 0.37954 0.37954 0.37954 0.37954
-0.27600 0.37600 0.37600 0.37600 0.37600
-0.27200 0.37997 0.37997 0.37997 0.37997
-0.26800 0.39160 0.39160 0.39160 0.39160
-0.26400 0.40996 0.40996 0.40996 0.40996
-0.26000 0.43333 0.43333 0.43333 0.43333
-0.25600 0.46021 0.46021 0.46021 0.46021
-0.25200 0.49113 0.49113 0.49113 0.49113
-0.24800 0.52937 0.52937 0.52937 0.52937
-0.24400 0.57973 0.57973 0.57973 0.57973
-0.24000 0.64695 0.64695 0.64695 0.64695
-0.23600 0.73514 0.73514 0.73514 0.73514
-0.23200 0.84767 0.84767 0.84767 0.84767
-0.22800 0.98581 0.98581 0.98581 0.98581
-0.22400 1.14434 1.14434 1.14434 1.14434
-0.22000 1.30404 1.30404 1.30404 1.30404
-0.21600 1.42783 1.42783 1.42783 1.42783
-0.21200 1.47343 1.47343 1.47343 1.47343
-0.20800 1.42338 1.42338 1.42338 1.42338
-0.20400 1.30084 1.30084 1.30084 1.30084
-0.20000 1.14960 1.14960 1.14960 1.14960
-0.19600 1.00550 1.00550 1.00550 1.00550
-0.19200 0.88650 0.88650 0.88650 0.88650
-0.18800 0.79736 0.79736 0.79736 0.79736
-0.18400 0.73620 0.73620 0.73620 0.73620
-0.18000 0.69828 0.69828 0.69828 0.69828
-0.17600 0.67715 0.67715 0.67715 0.67715
-0.17200 0.66485 0.66485 0.66485 0.66485
-0.16800 0.65286 0.65286 0.65286 0.65286
-0.16400 0.63549 0.63549 0.63549 0.63549
-0.16000 0.61313 0.61313 0.61313 0.61313
-0.15600 0.59117 0.59117 0.59117 0.59117
-0.15200 0.57531 0.57531 0.57531 0.57531
-0.14800 0.56872 0.56872 0.56872 0.56872
-0.14400 0.57195 0.57195 0.57195 0.57195
-0.14000 0.58434 0.58434 0.58434 0.58434
-0.13600 0.60544 0.60544 0.60544 0.60544
-0.13200 0.63610 0.63610 0.63610 0.63610
-0.12800 0.67894 0.67894 0.67894 0.67894
-0.12400 0.73792 0.73792 0.73792 0.73792
-0.12000 0.81763 0.81763 0.81763 0.81763
-0.11600 0.92280 0.92280 0.92280 0.92280
-0.11200 1.05749 1.05749 1.05749 1.05749
-0.10800 1.22270 1.22270 1.22270 1.22270
-0.10400 1.41150 1.41150 1.41150 1.41150
-0.10000 1.60278 1.60278 1.60278 1.60278
-0.09600 1.76151 1.76151 1.76151 1.76151
-0.09200 1.85651 1.85651 1.85651 1.85651
-0.08800 1.88718 1.88718 1.88718 1.88718
-0.08400 1.88661 1.88661 1.88661 1.88661
-0.08000 1.89420 1.89420 1.89420 1.89420
-0.07600 1.92907 1.92907 1.92907 1.92907
-0.07200 1.98129 1.98129 1.98129 1.98129
-0.06800 2.01817 2.01817 2.01817 2.01817
-0.06400 2.00304 2.00304 2.00304 2.00304
-0.06000 1.92093 1.92093 1.92093 1.92093
-0.05600 1.79080 1.79080 1.79080 1.79080
-0.05200 1.65052 1.65052 1.65052 1.65052
-0.04800 1.53301 1.53301 1.53301 1.53301
-0.04400 1.45659 1.45659 1.45659 1.45659
-0.04000 1.42874 1.42874 1.42874 1.42874
-0.03600 1.45252 1.45252 1.45252 1.45252
-0.03200 1.53100 1.53100 1.53100 1.53100
-0.02800 1.66916 1.66916 1.66916 1.66916
-0.02400 1.87377 1.87377 1.87377 1.87377
-0.02000 2.15045 2.15045 2.15045 2.15045
-0.01600 2.49602 2.49602 2.49602 2.49602
-0.01200 2.88373 2.88373 2.88373 2.88373
-0.00800 3.24582 3.24582 3.24582 3.24582
-0.00400 3.47600 3.47600 3.47600 3.47600
0.00000 3.48143 3.48143 3.48143 3.48143
0.00400 3.25596 3.25596 3.25596 3.25596
0.00800 2.88534 2.88534 2.88534 2.88534
0.01200 2.47715 2.47715 2.47715 2.47715
0.01600 2.10331 2.10331 2.10331 2.10331
0.02000 1.79320 1.79320 1.79320 1.79320
0.02400 1.55035 1.55035 1.55035 1.55035
0.02800 1.36780 1.36780 1.36780 1.36780
0.03200 1.23651 1.23651 1.23651 1.23651
0.03600 1.14882 1.14882 1.14882 1.14882
0.04000 1.09947 1.09947 1.09947 1.09947
0.04400 1.08581 1.08581 1.08581 1.08581
0.04800 1.10764 1.10764 1.10764 1.10764
0.05200 1.16692 1.16692 1.16692 1.16692
0.05600 1.26688 1.26688 1.26688 1.26688
0.06000 1.40990 1.40990 1.40990 1.40990
0.06400 1.59248 1.59248 1.59248 1.59248
0.06800 1.79639 1.79639 1.79639 1.79639
0.07200 1.97922 1.97922 1.97922 1.97922
0.07600 2.07913 2.07913 2.07913 2.07913
0.08000 2.04820 2.04820 2.04820 2.04820
0.08400 1.89137 1.89137 1.89137 1.89137
0.08800 1.66154 1.66154 1.66154 1.66154
0.09200 1.41767 1.41767 1.41767 1.41767
0.09600 1.19637 1.19637 1.19637 1.19637
0.10000 1.01109 1.01109 1.01109 1.01109
0.10400 0.86205 0.86205 0.86205 0.86205
0.10800 0.74431 0.74431 0.74431 0.74431
0.11200 0.65204 0.65204 0.65204 0.65204
0.11600 0.58006 0.58006 0.58006 0.58006
0.12000 0.52429 0.52429 0.52429 0.52429
0.12400 0.48171 0.48171 0.48171 0.48171
0.12800 0.45022 0.45022 0.45022 0.45022
0.13200 0.42849 0.42849 0.42849 0.42849
0.13600 0.41582 0.41582 0.41582 0.41582
0.14000 0.41205 0.41205 0.41205 0.41205
0.14400 0.41746 0.41746 0.41746 0.41746
0.14800 0.43245 0.43245 0.43245 0.43245
0.15200 0.45697 0.45697 0.45697 0.45697
0.15600 0.48923 0.48923 0.48923 0.48923
0.16000 0.52393 0.52393 0.52393 0.52393
0.16400 0.55167 0.55167 0.55167 0.55167
0.16800 0.56258 0.56258 0.56258 0.56258
0.17200 0.55365 0.55365 0.55365 0.55365
0.17600 0.53153 0.53153 0.53153 0.53153
0.18000 0.50648 0.50648 0.50648 0.50648
0.18400 0.48514 0.48514 0.48514 0.48514
0.18800 0.46845 0.46845 0.46845 0.46845
0.19200 0.45453 0.45453 0.45453 0.45453
0.19600 0.44276 0.44276 0.44276 0.44276
0.20000 0.43534 0.43534 0.43534 0.43534
0.20400 0.43499 0.43499 0.43499 0.43499
0.20800 0.44187 0.44187 0.44187 0.44187
0.21200 0.45163 0.45163 0.45163 0.45163
0.21600 0.45582 0.45582 0.45582 0.45582
0.22000 0.44605 0.44605 0.44605 0.44605
0.22400 0.42035 0.42035 0.42035 0.42035
0.22800 0.38455 0.38455 0.38455 0.38455
0.23200 0.34705 0.34705 0.34705 0.34705
0.23600 0.31384 0.31384 0.31384 0.31384
0.24000 0.28754 0.28754 0.28754 0.28754
0.24400 0.26867 0.26867 0.26867 0.26867
0.24800 0.25687 0.25687 0.25687 0.25687
0.25200 0.25174 0.25174 0.25174 0.25174
0.25600 0.25303 0.25303 0.25303 0.25303
0.26000 0.26082 0.26082 0.26082 0.26082
0.26400 0.27544 0.27544 0.27544 0.27544
0.26800 0.29729 0.29729 0.29729 0.29729
0.27200 0.32627 0.32627 0.32627 0.32627
0.27600 0.36057 0.36057 0.36057 0.36057
0.28000 0.39548 0.39548 0.39548 0.39548
0.28400 0.42393 0.42393 0.42393 0.42393
0.28800 0.44042 0.44042 0.44042 0.44042
0.29200 0.44526 0.44526 0.44526 0.44526
0.29600 0.44312 0.44312 0.44312 0.44312
0.30000 0.43735 0.43735 0.43735 0.43735
0.30400 0.42770 0.42770 0.42770 0.42770
0.30800 0.41266 0.41266 0.41266 0.41266
0.31200 0.39155 0.39155 0.39155 0.39155
0.31600 0.36481 0.36481 0.36481 0.36481
0.32000 0.33451 0.33451 0.33451 0.33451
0.32400 0.30425 0.30425 0.30425 0.30425
0.32800 0.27715 0.27715 0.27715 0.27715
0.33200 0.25423 0.25423 0.25423 0.25423
0.33600 0.23470 0.23470 0.23470 0.23470
0.34000 0.21745 0.21745 0.21745 0.21745
0.34400 0.20234 0.20234 0.20234 0.20234
0.34800 0.19005 0.19005 0.19005 0.19005
0.35200 0.18136 0.18136 0.18136 0.18136
0.35600 0.17671 0.17671 0.17671 0.17671
0.36000 0.17626 0.17626 0.17626 0.17626
0.36400 0.18000 0.18000 0.18000 0.18000
0.36800 0.18762 0.18762 0.18762 0.18762
0.37200 0.19813 0.19813 0.19813 0.19813
0.37600 0.20952 0.20952 0.20952 0.20952
0.38000 0.21912 0.21912 0.21912 0.21912
0.38400 0.22523 0.22523 0.22523 0.22523
0.38800 0.22875 0.22875 0.22875 0.22875
0.39200 0.23240 0.23240 0.23240 0.23240
0.39600 0.23837 0.23837 0.23837 0.23837
0.40000 0.24697 0.24697 0.24697 0.24697
0.40400 0.25711 0.25711 0.25711 0.25711
0.40800 0.26791 0.26791 0.26791 0.26791
0.41200 0.27920 0.27920 0.27920 0.27920
0.41600 0.28979 0.28979 0.28979 0.28979
0.42000 0.29568 0.29568 0.29568 0.29568
0.42400 0.29162 0.29162 0.29162 0.29162
0.42800 0.27569 0.27569 0.27569 0.27569
0.43200 0.25144 0.25144 0.25144 0.25144
0.43600 0.22501 0.22501 0.22501 0.22501
0.44000 0.20115 0.20115 0.20115 0.20115
0.44400 0.18215 0.18215 0.18215 0.18215
0.44800 0.16855 0.16855 0.16855 0.16855
0.45200 0.16013 0.16013 0.16013 0.16013
0.45600 0.15638 0.15638 0.15638 0.15638
0.46000 0.15654 0.15654 0.15654 0.15654
0.46400 0.15935 0.15935 0.15935 0.15935
0.46800 0.16278 0.16278 0.16278 0.16278
0.47200 0.16436 0.16436 0.16436 0.16436
0.47600 0.16261 0.16261 0.16261 0.16261
0.48000 0.15824 0.15824 0.15824 0.15824
0.48400 0.15350 0.15350 0.15350 0.15350
0.48800 0.15072 0.15072 0.15072 0.15072
0.49200 0.15143 0.15143 0.15143 0.15143
0.49600 0.15645 0.15645 0.15645 0.15645
0.50000 0.16617 0.16617 0.16617 0.16617
0.50400 0.18048 0.18048 0.18048 0.18048
0.50800 0.19820 0.19820 0.19820 0.19820
0.51200 0.21635 0.21635 0.21635 0.21635
0.51600 0.23011 0.23011 0.23011 0.23011
0.52000 0.23495 0.23495 0.23495 0.23495
0.52400 0.23029 0.23029 0.23029 0.23029
0.52800 0.22011 0.22011 0.22011 0.22011
0.53200 0.20985 0.20985 0.20985 0.20985
0.53600 0.20323 0.20323 0.20323 0.20323
0.54000 0.20124 0.20124 0.20124 0.20124
0.54400 0.20236 0.20236 0.20236 0.20236
0.54800 0.20310 0.20310 0.20310 0.20310
0.55200 0.19967 0.19967 0.19967 0.19967
0.55600 0.19067 0.19067 0.19067 0.19067
0.56000 0.17811 0.17811 0.17811 0.17811
0.56400 0.16550 0.16550 0.16550 0.16550
0.56800 0.15561 0.15561 0.15561 0.15561
0.57200 0.14977 0.14977 0.14977 0.14977
0.57600 0.14812 0.14812 0.14812 0.14812
0.58000 0.14981 0.14981 0.14981 0.14981
0.58400 0.15293 0.15293 0.15293 0.15293
0.58800 0.15472 0.15472 0.15472 0.15472
0.59200 0.15281 0.15281 0.15281 0.15281
0.59600 0.14695 0.14695 0.14695 0.14695
0.60000 0.13914 0.13914 0.13914 0.13914
0.60400 0.13199 0.13199 0.13199 0.13199
0.60800 0.12737 0.12737 0.12737 0.12737
0.61200 0.12624 0.12624 0.12624 0.12624
0.61600 0.12903 0.12903 0.12903 0.12903
0.62000 0.13581 0.13581 0.13581 0.13581
0.62400 0.14626 0.14626 0.14626 0.14626
0.62800 0.15906 0.15906 0.15906 0.15906
0.63200 0.17138 0.17138 0.17138 0.17138
0.63600 0.17911 0.17911 0.17911 0.17911
0.64000 0.17902 0.17902 0.17902 0.17902
0.64400 0.17139 0.17139 0.17139 0.17139
0.64800 0.15984 0.15984 0.15984 0.15984
0.65200 0.14853 0.14853 0.14853 0.14853
0.65600 0.14021 0.14021 0.14021 0.14021
0.66000 0.13609 0.13609 0.13609 0.13609
0.66400 0.13628 0.13628 0.13628 0.13628
0.66800 0.14002 0.14002 0.14002 0.14002
0.67200 0.14544 0.14544 0.14544 0.14544
0.67600 0.14950 0.14950 0.14950 0.14950
0.68000 0.14898 0.14898 0.14898 0.14898
0.68400 0.14267 0.14267 0.14267 0.14267
0.68800 0.13224 0.13224 0.13224 0.13224
0.69200 0.12076 0.12076 0.12076 0.12076
0.69600 0.11069 0.11069 0.11069 0.11069
0.70000 0.10329 0.10329 0.10329 0.10329
0.70400 0.09897 0.09897 0.09897 0.09897
0.70800 0.09775 0.09775 0.09775 0.09775
0.71200 0.09944 0.09944 0.09944 0.09944
0.71600 0.10357 0.10357 0.10357 0.10357
0.72000 0.10905 0.10905 0.10905 0.10905
0.72400 0.11392 0.11392 0.11392 0.11392
0.72800 0.11574 0.11574 0.11574 0.11574
0.73200 0.11308 0.11308 0.11308 0.11308
0.73600 0.10670 0.10670 0.10670 0.10670
0.74000 0.09881 0.09881 0.09881 0.09881
0.74400 0.09152 0.09152 0.09152 0.09152
0.74800 0.08607 0.08607 0.08607 0.08607
0.75200 0.08294 0.08294 0.08294 0.08294
0.75600 0.08231 0.08231 0.08231 0.08231
0.76000 0.08426 0.08426 0.08426 0.08426
0.76400 0.08891 0.08891 0.08891 0.08891
0.76800 0.09639 0.09639 0.09639 0.09639
0.77200 0.10658 0.10658 0.10658 0.10658
0.77600 0.11867 0.11867 0.11867 0.11867
0.78000 0.13058 0.13058 0.13058 0.13058
0.78400 0.13879 0.13879 0.13879 0.13879
0.78800 0.13990 0.13990 0.13990 0.13990
0.79200 0.13315 0.13315 0.13315 0.13315
0.79600 0.12109 0.12109 0.12109 0.12109
0.80000 0.10744 0.10744 0.10744 0.10744
0.80400 0.09492 0.09492 0.09492 0.09492
0.80800 0.08478 0.08478 0.08478 0.08478
0.81200 0.07728 0.07728 0.07728 0.07728
0.81600 0.07230 0.07230 0.07230 0.07230
0.82000 0.06964 0.06964 0.06964 0.06964
0.82400 0.06908 0.06908 0.06908 0.06908
0.82800 0.07039 0.07039 0.07039 0.07039
0.83200 0.07311 0.07311 0.07311 0.07311
0.83600 0.07636 0.07636 0.07636 0.07636
0.84000 0.07877 0.07877 0.07877 0.07877
0.84400 0.07903 0.07903 0.07903 0.07903
0.84800 0.07683 0.07683 0.07683 0.07683
0.85200 0.07317 0.07317 0.07317 0.07317
0.85600 0.06951 0.06951 0.06951 0.06951
0.86000 0.06701 0.06701 0.06701 0.06701
0.86400 0.06629 0.06629 0.06629 0.06629
0.86800 0.06764 0.06764 0.06764 0.06764
0.87200 0.07117 0.07117 0.07117 0.07117
0.87600 0.07679 0.07679 0.07679 0.07679
0.88000 0.08395 0.08395 0.08395 0.08395
0.88400 0.09124 0.09124 0.09124 0.09124
0.88800 0.09633 0.09633 0.09633 0.09633
0.89200 0.09684 0.09684 0.09684 0.09684
0.89600 0.09212 0.09212 0.09212 0.09212
0.90000 0.08375 0.08375 0.08375 0.08375
0.90400 0.07421 0.07421 0.07421 0.07421
0.90800 0.06534 0.06534 0.06534 0.06534
0.91200 0.05801 0.05801 0.05801 0.05801
0.91600 0.05241 0.05241 0.05241 0.05241
0.92000 0.04844 0.04844 0.04844 0.04844
0.92400 0.04595 0.04595 0.04595 0.04595
0.92800 0.04482 0.04482 0.04482 0.04482
0.93200 0.04497 0.04497 0.04497 0.04497
0.93600 0.04632 0.04632 0.04632 0.04632
0.94000 0.04869 0.04869 0.04869 0.04869
0.94400 0.05162 0.05162 0.05162 0.05162
0.94800 0.05419 0.05419 0.05419 0.05419
0.95200 0.05521 0.05521 0.05521 0.05521
0.95600 0.05385 0.05385 0.05385 0.05385
0.96000 0.05038 0.05038 0.05038 0.05038
0.96400 0.04587 0.04587 0.04587 0.04587
0.96800 0.04138 0.04138 0.04138 0.04138
0.97200 0.03756 0.03756 0.03756 0.03756
0.97600 0.03463 0.03463 0.03463 0.03463
0.98000 0.03262 0.03262 0.03262 0.03262
0.98400 0.03148 0.03148 0.03148 0.03148
0.98800 0.03116 0.03116 0.03116 0.03116
0.99200 0.03162 0.03162 0.03162 0.03162
0.99600 0.03275 0.03275 0.03275 0.03275
1.00000 0.03433 0.03433 0.03433 0.03433
1.00400 0.03587 0.03587 0.03587 0.03587
1.00800 0.03665 0.03665 0.03665 0.03665
1.01200 0.03609 0.03609 0.03609 0.03609
1.01600 0.03418 0.03418 0.03418 0.03418
1.02000 0.03150 0.03150 0.03150 0.03150
1.02400 0.02870 0.02870 0.02870 0.02870
1.02800 0.02624 0.02624 0.02624 0.02624
1.03200 0.02429 0.02429 0.02429 0.02429
1.03600 0.02288 0.02288 0.02288 0.02288
1.04000 0.02198 0.02198 0.02198 0.02198
1.04400 0.02155 0.02155 0.02155 0.02155
1.04800 0.02160 0.02160 0.02160 0.02160
1.05200 0.02213 0.02213 0.02213 0.02213
1.05600 0.02315 0.02315 0.02315 0.02315
1.06000 0.02465 0.02465 0.02465 0.02465
1.06400 0.02651 0.02651 0.02651 0.02651
1.06800 0.02841 0.02841 0.02841 0.02841
1.07200 0.02978 0.02978 0.02978 0.02978
1.07600 0.03002 0.03002 0.03002 0.03002
1.08000 0.02894 0.02894 0.02894 0.02894
1.08400 0.02691 0.02691 0.02691 0.02691
1.08800 0.02456 0.02456 0.02456 0.02456
1.09200 0.02238 0.02238 0.02238 0.02238
1.09600 0.02061 0.02061 0.02061 0.02061
1.10000 0.01931 0.01931 0.01931 0.01931
1.10400 0.01848 0.01848 0.01848 0.01848
1.10800 0.01809 0.01809 0.01809 0.01809
1.11200 0.01812 0.01812 0.01812 0.01812
1.11600 0.01857 0.01857 0.01857 0.01857
1.12000 0.01939 0.01939 0.01939 0.01939
1.12400 0.02048 0.02048 0.02048 0.02048
1.12800 0.02160 0.02160 0.02160 0.02160
1.13200 0.02233 0.02233 0.02233 0.02233
1.13600 0.02228 0.02228 0.02228 0.02228
1.14000 0.02134 0.02134 0.02134 0.02134
1.14400 0.01980 0.01980 0.01980 0.01980
1.14800 0.01807 0.01807 0.01807 0.01807
1.15200 0.01648 0.01648 0.01648 0.01648
1.15600 0.01515 0.01515 0.01515 0.01515
1.16000 0.01411 0.01411 0.01411 0.01411
1.16400 0.01336 0.01336 0.01336 0.01336
1.16800 0.01285 0.01285 0.01285 0.01285
1.17200 0.01255 0.01255 0.01255 0.01255
1.17600 0.01247 0.01247 0.01247 0.01247
1.18000 0.01260 0.01260 0.01260 0.01260
1.18400 0.01295 0.01295 0.01295 0.01295
1.18800 0.01355 0.01355 0.01355 0.01355
1.19200 0.01441 0.01441 0.01441 0.01441
1.19600 0.01550 0.01550 0.01550 0.01550
1.20000 0.01672 0.01672 0.01672 0.01672
1.20400 0.01781 0.01781 0.01781 0.01781
1.20800 0.01840 0.01840 0.01840 0.01840
1.21200 0.01823 0.01823 0.01823 0.01823
1.21600 0.01734 0.01734 0.01734 0.01734
1.22000 0.01606 0.01606 0.01606 0.01606
1.22400 0.01473 0.01473 0.01473 0.01473
1.22800 0.01358 0.01358 0.01358 0.01358
1.23200 0.01268 0.01268 0.01268 0.01268
1.23600 0.01205 0.01205 0.01205 0.01205
1.24000 0.01169 0.01169 0.01169 0.01169
1.24400 0.01156 0.01156 0.01156 0.01156
1.24800 0.01168 0.01168 0.01168 0.01168
1.25200 0.01204 0.01204 0.01204 0.01204
1.25600 0.01265 0.01265 0.01265 0.01265
1.26000 0.01349 0.01349 0.01349 0.01349
1.26400 0.01448 0.01448 0.01448 0.01448
1.26800 0.01542 0.01542 0.01542 0.01542
1.27200 0.01600 0.01600 0.01600 0.01600
1.27600 0.01593 0.01593 0.01593 0.01593
1.28000 0.01521 0.01521 0.01521 0.01521
1.28400 0.01410 0.01410 0.01410 0.01410
1.28800 0.01289 0.01289 0.01289 0.01289
1.29200 0.01181 0.01181 0.01181 0.01181
1.29600 0.01094 0.01094 0.01094 0.01094
1.30000 0.01029 0.01029 0.01029 0.01029
1.30400 0.00986 0.00986 0.00986 0.00986
1.30800 0.00962 0.00962 0.00962 0.00962
1.31200 0.00957 0.00957 0.00957 0.00957
1.31600 0.00970 0.00970 0.00970 0.00970
1.32000 0.01002 0.01002 0.01002 0.01002
1.32400 0.01055 0.01055 0.01055 0.01055
1.32800 0.01125 0.01125 0.01125 0.01125
1.33200 0.01208 0.01208 0.01208 0.01208
1.33600 0.01284 0.01284 0.01284 0.01284
1.34000 0.01329 0.01329 0.01329 0.01329
1.34400 0.01320 0.01320 0.01320 0.01320
1.34800 0.01257 0.01257 0.01257 0.01257
1.35200 0.01161 0.01161 0.01161 0.01161
1.35600 0.01058 0.01058 0.01058 0.01058
1.36000 0.00964 0.00964 0.00964 0.00964
1.36400 0.00886 0.00886 0.00886 0.00886
1.36800 0.00825 0.00825 0.00825 0.00825
1.37200 0.00779 0.00779 0.00779 0.00779
1.37600 0.00746 0.00746 0.00746 0.00746
1.38000 0.00724 0.00724 0.00724 0.00724
1.38400 0.00713 0.00713 0.00713 0.00713
1.38800 0.00711 0.00711 0.00711 0.00711
1.39200 0.00720 0.00720 0.00720 0.00720
1.39600 0.00739 0.00739 0.00739 0.00739
1.40000 0.00771 0.00771 0.00771 0.00771
1.40400 0.00815 0.00815 0.00815 0.00815
1.40800 0.00871 0.00871 0.00871 0.00871
1.41200 0.00932 0.00932 0.00932 0.00932
1.41600 0.00985 0.00985 0.00985 0.00985
1.42000 0.01012 0.01012 0.01012 0.01012
1.42400 0.01000 0.01000 0.01000 0.01000
1.42800 0.00952 0.00952 0.00952 0.00952
1.43200 0.00886 0.00886 0.00886 0.00886
1.43600 0.00819 0.00819 0.00819 0.00819
1.44000 0.00760 0.00760 0.00760 0.00760
1.44400 0.00713 0.00713 0.00713 0.00713
1.44800 0.00680 0.00680 0.00680 0.00680
1.45200 0.00658 0.00658 0.00658 0.00658
1.45600 0.00646 0.00646 0.00646 0.00646
1.46000 0.00645 0.00645 0.00645 0.00645
1.46400 0.00654 0.00654 0.00654 0.00654
1.46800 0.00675 0.00675 0.00675 0.00675
1.47200 0.00707 0.00707 0.00707 0.00707
1.47600 0.00753 0.00753 0.00753 0.00753
1.48000 0.00812 0.00812 0.00812 0.00812
1.48400 0.00879 0.00879 0.00879 0.00879
1.48800 0.00942 0.00942 0.00942 0.00942
1.49200 0.00983 0.00983 0.00983 0.00983
1.49600 0.00984 0.00984 0.00984 0.00984
1.50000 0.00943 0.00943 0.00943 0.00943
1.50400 0.00877 0.00877 0.00877 0.00877
1.50800 0.00803 0.00803 0.00803 0.00803
1.51200 0.00736 0.00736 0.00736 0.00736
1.51600 0.00681 0.00681 0.00681 0.00681
1.52000 0.00640 0.00640 0.00640 0.00640
1.52400 0.00611 0.00611 0.00611 0.00611
1.52800 0.00593 0.00593 0.00593 0.00593
1.53200 0.00586 0.00586 0.00586 0.00586
1.53600 0.00590 0.00590 0.00590 0.00590
1.54000 0.00603 0.00603 0.00603 0.00603
1.54400 0.00628 0.00628 0.00628 0.00628
1.54800 0.00663 0.00663 0.00663 0.00663
1.55200 0.00706 0.00706 0.00706 0.00706
1.55600 0.00749 0.00749 0.00749 0.00749
1.56000 0.00779 0.00779 0.00779 0.00779
1.56400 0.00783 0.00783 0.00783 0.00783
1.56800 0.00756 0.00756 0.00756 0.00756
1.57200 0.00706 0.00706 0.00706 0.00706
1.57600 0.00649 0.00649 0.00649 0.00649
1.58000 0.00595 0.00595 0.00595 0.00595
1.58400 0.00550 0.00550 0.00550 0.00550
1.58800 0.00513 0.00513 0.00513 0.00513
1.59200 0.00485 0.00485 0.00485 0.00485
1.59600 0.00463 0.00463 0.00463 0.00463
1.60000 0.00448 0.00448 0.00448 0.00448
1.60400 0.00439 0.00439 0.00439 0.00439
1.60800 0.00434 0.00434 0.00434 0.00434
1.61200 0.00434 0.00434 0.00434 0.00434
1.61600 0.00439 0.00439 0.00439 0.00439
1.62000 0.00449 0.00449 0.00449 0.00449
1.62400 0.00466 0.00466 0.00466 0.00466
1.62800 0.00489 0.00489 0.00489 0.00489
1.63200 0.00517 0.00517 0.00517 0.00517
1.63600 0.00547 0.00547 0.00547 0.00547
1.64000 0.00571 0.00571 0.00571 0.00571
1.64400 0.00581 0.00581 0.00581 0.00581
1.64800 0.00570 0.00570 0.00570 0.00570
1.65200 0.00542 0.00542 0.00542 0.00542
1.65600 0.00507 0.00507 0.00507 0.00507
1.66000 0.00472 0.00472 0.00472 0.00472
1.66400 0.00442 0.00442 0.00442 0.00442
1.66800 0.00417 0.00417 0.00417 0.00417
1.67200 0.00399 0.00399 0.00399 0.00399
1.67600 0.00385 0.00385 0.00385 0.00385
1.68000 0.00376 0.00376 0.00376 0.00376
1.68400 0.00371 0.00371 0.00371 0.00371
1.68800 0.00370 0.00370 0.00370 0.00370
1.69200 0.00373 0.00373 0.00373 0.00373
1.69600 0.00380 0.00380 0.00380 0.00380
1.70000 0.00392 0.00392 0.00392 0.00392
1.70400 0.00409 0.00409 0.00409 0.00409
1.70800 0.00432 0.00432 0.00432 0.00432
1.71200 0.00461 0.00461 0.00461 0.00461
1.71600 0.00491 0.00491 0.00491 0.00491
1.72000 0.00517 0.00517 0.00517 0.00517
1.72400 0.00530 0.00530 0.00530 0.00530
1.72800 0.00523 0.00523 0.00523 0.00523
1.73200 0.00499 0.00499 0.00499 0.00499
1.73600 0.00466 0.00466 0.00466 0.00466
1.74000 0.00433 0.00433 0.00433 0.00433
1.74400 0.00403 0.00403 0.00403 0.00403
1.74800 0.00379 0.00379 0.00379 0.00379
1.75200 0.00361 0.00361 0.00361 0.00361
1.75600 0.00348 0.00348 0.00348 0.00348
1.76000 0.00339 0.00339 0.00339 0.00339
1.76400 0.00334 0.00334 0.00334 0.00334
1.76800 0.00334 0.00334 0.00334 0.00334
1.77200 0.00337 0.00337 0.00337 0.00337
1.77600 0.00344 0.00344 0.00344 0.00344
1.78000 0.00356 0.00356 0.00356 0.00356
1.78400 0.00372 0.00372 0.00372 0.00372
1.78800 0.00393 0.00393 0.00393 0.00393
1.79200 0.00415 0.00415 0.00415 0.00415
1.79600 0.00434 0.00434 0.00434 0.00434
1.80000 0.00441 0.00441 0.00441 0.00441
1.80400 0.00434 0.00434 0.00434 0.00434
1.80800 0.00414 0.00414 0.00414 0.00414
1.81200 0.00387 0.00387 0.00387 0.00387
1.81600 0.00361 0.00361 0.00361 0.00361
1.82000 0.00337 0.00337 0.00337 0.00337
1.82400 0.00318 0.00318 0.00318 0.00318
1.82800 0.00303 0.00303 0.00303 0.00303
1.83200 0.00292 0.00292 0.00292 0.00292
1.83600 0.00284 0.00284 0.00284 0.00284
1.84000 0.00278 0.00278 0.00278 0.00278
1.84400 0.00275 0.00275 0.00275 0.00275
1.84800 0.00275 0.00275 0.00275 0.00275
1.85200 0.00277 0.00277 0.00277 0.00277
1.85600 0.00282 0.00282 0.00282 0.00282
1.86000 0.00289 0.00289 0.00289 0.00289
1.86400 0.00300 0.00300 0.00300 0.00300
1.86800 0.00311 0.00311 0.00311 0.00311
1.87200 0.00322 0.00322 0.00322 0.00322
1.87600 0.00328 0.00328 0.00328 0.00328
1.88000 0.00326 0.00326 0.00326 0.00326
1.88400 0.00316 0.00316 0.00316 0.00316
1.88800 0.00301 0.00301 0.00301 0.00301
1.89200 0.00285 0.00285 0.00285 0.00285
1.89600 0.00270 0.00270 0.00270 0.00270
1.90000 0.00258 0.00258 0.00258 0.00258
1.90400 0.00248 0.00248 0.00248 0.00248
1.90800 0.00240 0.00240 0.00240 0.00240
1.91200 0.00234 0.00234 0.00234 0.00234
1.91600 0.00230 0.00230 0.00230 0.00230
1.92000 0.00227 0.00227 0.00227 0.00227
1.92400 0.00225 0.00225 0.00225 0.00225
1.92800 0.00225 0.00225 0.00225 0.00225
1.93200 0.00225 0.00225 0.00225 0.00225
1.93600 0.00227 0.00227 0.00227 0.00227
1.94000 0.00231 0.00231 0.00231 0.00231
1.94400 0.00236 0.00236 0.00236 0.00236
1.94800 0.00244 0.00244 0.00244 0.00244
1.95200 0.00254 0.00254 0.00254 0.00254
1.95600 0.00264 0.00264 0.00264 0.00264
1.96000 0.00274 0.00274 0.00274 0.00274
1.96400 0.00279 0.00279 0.00279 0.00279
1.96800 0.00277 0.00277 0.00277 0.00277
1.97200 0.00269 0.00269 0.00269 0.00269
1.97600 0.00257 0.00257 0.00257 0.00257
1.98000 0.00244 0.00244 0.00244 0.00244
1.98400 0.00233 0.00233 0.00233 0.00233
1.98800 0.00223 0.00223 0.00223 0.00223
1.99200 0.00215 0.00215 0.00215 0.00215
1.99600 0.00209 0.00209 0.00209 0.00209
2.00000 0.00205 0.00205 0.00205 0.00205
