-2.00000 0.00245 0.00245 0.00245 0.00245
-1.99600 0.00246 0.00246 0.00246 0.00246
-1.99200 0.00249 0.00249 0.00249 0.00249
-1.98800 0.00253 0.00253 0.00253 0.00253
-1.98400 0.00259 0.00259 0.00259 0.00259
-1.98000 0.00266 0.00266 0.00266 0.00266
-1.97600 0.00276 0.00276 0.00276 0.00276
-1.97200 0.00289 0.00289 0.00289 0.00289
-1.96800 0.00305 0.00305 0.00305 0.00305
-1.96400 0.00324 0.00324 0.00324 0.00324
-1.96000 0.00344 0.00344 0.00344 0.00344
-1.95600 0.00362 0.00362 0.00362 0.00362
-1.95200 0.00373 0.00373 0.00373 0.00373
-1.94800 0.00374 0.00374 0.00374 0.00374
-1.94400 0.00364 0.00364 0.00364 0.00364
-1.94000 0.00349 0.00349 0.00349 0.00349
-1.93600 0.00333 0.00333 0.00333 0.00333
-1.93200 0.00319 0.00319 0.00319 0.00319
-1.92800 0.00308 0.00308 0.00308 0.00308
-1.92400 0.00301 0.00301 0.00301 0.00301
-1.92000 0.00296 0.00296 0.00296 0.00296
-1.91600 0.00294 0.00294 0.00294 0.00294
-1.91200 0.00294 0.00294 0.00294 0.00294
-1.90800 0.00296 0.00296 0.00296 0.00296
-1.90400 0.00301 0.00301 0.00301 0.00301
-1.90000 0.00307 0.00307 0.00307 0.00307
-1.89600 0.00317 0.00317 0.00317 0.00317
-1.89200 0.00329 0.00329 0.00329 0.00329
-1.88800 0.00345 0.00345 0.00345 0.00345
-1.88400 0.00365 0.00365 0.00365 0.00365
-1.88000 0.00390 0.00390 0.00390 0.00390
-1.87600 0.00419 0.00419 0.00419 0.00419
-1.87200 0.00450 0.00450 0.00450 0.00450
-1.86800 0.00476 0.00476 0.00476 0.00476
-1.86400 0.00490 0.00490 0.00490 0.00490
-1.86000 0.00487 0.00487 0.00487 0.00487
-1.85600 0.00471 0.00471 0.00471 0.00471
-1.85200 0.00447 0.00447 0.00447 0.00447
-1.84800 0.00423 0.00423 0.00423 0.00423
-1.84400 0.00404 0.00404 0.00404 0.00404
-1.84000 0.00389 0.00389 0.00389 0.00389
-1.83600 0.00379 0.00379 0.00379 0.00379
-1.83200 0.00374 0.00374 0.00374 0.00374
-1.82800 0.00373 0.00373 0.00373 0.00373
-1.82400 0.00376 0.00376 0.00376 0.00376
-1.82000 0.00383 0.00383 0.00383 0.00383
-1.81600 0.00394 0.00394 0.00394 0.00394
-1.81200 0.00409 0.00409 0.00409 0.00409
-1.80800 0.00430 0.00430 0.00430 0.00430
-1.80400 0.00457 0.00457 0.00457 0.00457
-1.80000 0.00492 0.00492 0.00492 0.00492
-1.79600 0.00534 0.00534 0.00534 0.00534
-1.79200 0.00582 0.00582 0.00582 0.00582
-1.78800 0.00629 0.00629 0.00629 0.00629
-1.78400 0.00665 0.00665 0.00665 0.00665
-1.78000 0.00677 0.00677 0.00677 0.00677
-1.77600 0.00663 0.00663 0.00663 0.00663
-1.77200 0.00630 0.00630 0.00630 0.00630
-1.76800 0.00590 0.00590 0.00590 0.00590
-1.76400 0.00553 0.00553 0.00553 0.00553
-1.76000 0.00523 0.00523 0.00523 0.00523
-1.75600 0.00502 0.00502 0.00502 0.00502
-1.75200 0.00489 0.00489 0.00489 0.00489
-1.74800 0.00483 0.00483 0.00483 0.00483
-1.74400 0.00483 0.00483 0.00483 0.00483
-1.74000 0.00490 0.00490 0.00490 0.00490
-1.73600 0.00503 0.00503 0.00503 0.00503
-1.73200 0.00524 0.00524 0.00524 0.00524
-1.72800 0.00553 0.00553 0.00553 0.00553
-1.72400 0.00592 0.00592 0.00592 0.00592
-1.72000 0.00642 0.00642 0.00642 0.00642
-1.71600 0.00703 0.00703 0.00703 0.00703
-1.71200 0.00773 0.00773 0.00773 0.00773
-1.70800 0.00843 0.00843 0.00843 0.00843
-1.70400 0.00897 0.00897 0.00897 0.00897
-1.70000 0.00916 0.00916 0.00916 0.00916
-1.69600 0.00896 0.00896 0.00896 0.00896
-1.69200 0.00846 0.00846 0.00846 0.00846
-1.68800 0.00786 0.00786 0.00786 0.00786
-1.68400 0.00729 0.00729 0.00729 0.00729
-1.68000 0.00684 0.00684 0.00684 0.00684
-1.67600 0.00650 0.00650 0.00650 0.00650
-1.67200 0.00629 0.00629 0.00629 0.00629
-1.66800 0.00618 0.00618 0.00618 0.00618
-1.66400 0.00618 0.00618 0.00618 0.00618
-1.66000 0.00627 0.00627 0.00627 0.00627
-1.65600 0.00646 0.00646 0.00646 0.00646
-1.65200 0.00675 0.00675 0.00675 0.00675
-1.64800 0.00717 0.00717 0.00717 0.00717
-1.64400 0.00774 0.00774 0.00774 0.00774
-1.64000 0.00846 0.00846 0.00846 0.00846
-1.63600 0.00934 0.00934 0.00934 0.00934
-1.63200 0.01033 0.01033 0.01033 0.01033
-1.62800 0.01127 0.01127 0.01127 0.01127
-1.62400 0.01193 0.01193 0.01193 0.01193
-1.62000 0.01207 0.01207 0.01207 0.01207
-1.61600 0.01168 0.01168 0.01168 0.01168
-1.61200 0.01095 0.01095 0.01095 0.01095
-1.60800 0.01012 0.01012 0.01012 0.01012
-1.60400 0.00938 0.00938 0.00938 0.00938
-1.60000 0.00881 0.00881 0.00881 0.00881
-1.59600 0.00842 0.00842 0.00842 0.00842
-1.59200 0.00820 0.00820 0.00820 0.00820
-1.58800 0.00814 0.00814 0.00814 0.00814
-1.58400 0.00824 0.00824 0.00824 0.00824
-1.58000 0.00848 0.00848 0.00848 0.00848
-1.57600 0.00890 0.00890 0.00890 0.00890
-1.57200 0.00950 0.00950 0.00950 0.00950
-1.56800 0.01032 0.01032 0.01032 0.01032
-1.56400 0.01140 0.01140 0.01140 0.01140
-1.56000 0.01273 0.01273 0.01273 0.01273
-1.55600 0.01425 0.01425 0.01425 0.01425
-1.55200 0.01578 0.01578 0.01578 0.01578
-1.54800 0.01695 0.01695 0.01695 0.01695
-1.54400 0.01737 0.01737 0.01737 0.01737
-1.54000 0.01689 0.01689 0.01689 0.01689
-1.53600 0.01576 0.01576 0.01576 0.01576
-1.53200 0.01438 0.01438 0.01438 0.01438
-1.52800 0.01307 0.01307 0.01307 0.01307
-1.52400 0.01201 0.01201 0.01201 0.01201
-1.52000 0.01121 0.01121 0.01121 0.01121
-1.51600 0.01069 0.01069 0.01069 0.01069
-1.51200 0.01040 0.01040 0.01040 0.01040
-1.50800 0.01033 0.01033 0.01033 0.01033
-1.50400 0.01048 0.01048 0.01048 0.01048
-1.50000 0.01084 0.01084 0.01084 0.01084
-1.49600 0.01144 0.01144 0.01144 0.01144
-1.49200 0.01231 0.01231 0.01231 0.01231
-1.48800 0.01348 0.01348 0.01348 0.01348
-1.48400 0.01496 0.01496 0.01496 0.01496
-1.48000 0.01671 0.01671 0.01671 0.01671
-1.47600 0.01853 0.01853 0.01853 0.01853
-1.47200 0.02000 0.02000 0.02000 0.02000
-1.46800 0.02065 0.02065 0.02065 0.02065
-1.46400 0.02024 0.02024 0.02024 0.02024
-1.46000 0.01897 0.01897 0.01897 0.01897
-1.45600 0.01732 0.01732 0.01732 0.01732
-1.45200 0.01571 0.01571 0.01571 0.01571
-1.44800 0.01437 0.01437 0.01437 0.01437
-1.44400 0.01336 0.01336 0.01336 0.01336
-1.44000 0.01266 0.01266 0.01266 0.01266
-1.43600 0.01226 0.01226 0.01226 0.01226
-1.43200 0.01212 0.01212 0.01212 0.01212
-1.42800 0.01224 0.01224 0.01224 0.01224
-1.42400 0.01261 0.01261 0.01261 0.01261
-1.42000 0.01326 0.01326 0.01326 0.01326
-1.41600 0.01422 0.01422 0.01422 0.01422
-1.41200 0.01552 0.01552 0.01552 0.01552
-1.40800 0.01715 0.01715 0.01715 0.01715
-1.40400 0.01903 0.01903 0.01903 0.01903
-1.40000 0.02087 0.02087 0.02087 0.02087
-1.39600 0.02222 0.02222 0.02222 0.02222
-1.39200 0.02259 0.02259 0.02259 0.02259
-1.38800 0.02188 0.02188 0.02188 0.02188
-1.38400 0.02042 0.02042 0.02042 0.02042
-1.38000 0.01873 0.01873 0.01873 0.01873
-1.37600 0.01718 0.01718 0.01718 0.01718
-1.37200 0.01596 0.01596 0.01596 0.01596
-1.36800 0.01511 0.01511 0.01511 0.01511
-1.36400 0.01461 0.01461 0.01461 0.01461
-1.36000 0.01445 0.01445 0.01445 0.01445
-1.35600 0.01460 0.01460 0.01460 0.01460
-1.35200 0.01507 0.01507 0.01507 0.01507
-1.34800 0.01590 0.01590 0.01590 0.01590
-1.34400 0.01711 0.01711 0.01711 0.01711
-1.34000 0.01875 0.01875 0.01875 0.01875
-1.33600 0.02083 0.02083 0.02083 0.02083
-1.33200 0.02323 0.02323 0.02323 0.02323
-1.32800 0.02564 0.02564 0.02564 0.02564
-1.32400 0.02746 0.02746 0.02746 0.02746
-1.32000 0.02806 0.02806 0.02806 0.02806
-1.31600 0.02724 0.02724 0.02724 0.02724
-1.31200 0.02537 0.02537 0.02537 0.02537
-1.30800 0.02313 0.02313 0.02313 0.02313
-1.30400 0.02104 0.02104 0.02104 0.02104
-1.30000 0.01934 0.01934 0.01934 0.01934
-1.29600 0.01809 0.01809 0.01809 0.01809
-1.29200 0.01729 0.01729 0.01729 0.01729
-1.28800 0.01689 0.01689 0.01689 0.01689
-1.28400 0.01686 0.01686 0.01686 0.01686
-1.28000 0.01721 0.01721 0.01721 0.01721
-1.27600 0.01794 0.01794 0.01794 0.01794
-1.27200 0.01909 0.01909 0.01909 0.01909
-1.26800 0.02071 0.02071 0.02071 0.02071
-1.26400 0.02282 0.02282 0.02282 0.02282
-1.26000 0.02536 0.02536 0.02536 0.02536
-1.25600 0.02804 0.02804 0.02804 0.02804
-1.25200 0.03029 0.03029 0.03029 0.03029
-1.24800 0.03140 0.03140 0.03140 0.03140
-1.24400 0.03093 0.03093 0.03093 0.03093
-1.24000 0.02913 0.02913 0.02913 0.02913
-1.23600 0.02670 0.02670 0.02670 0.02670
-1.23200 0.02429 0.02429 0.02429 0.02429
-1.22800 0.02225 0.02225 0.02225 0.02225
-1.22400 0.02070 0.02070 0.02070 0.02070
-1.22000 0.01963 0.01963 0.01963 0.01963
-1.21600 0.01900 0.01900 0.01900 0.01900
-1.21200 0.01876 0.01876 0.01876 0.01876
-1.20800 0.01891 0.01891 0.01891 0.01891
-1.20400 0.01944 0.01944 0.01944 0.01944
-1.20000 0.02037 0.02037 0.02037 0.02037
-1.19600 0.02175 0.02175 0.02175 0.02175
-1.19200 0.02363 0.02363 0.02363 0.02363
-1.18800 0.02602 0.02602 0.02602 0.02602
-1.18400 0.02881 0.02881 0.02881 0.02881
-1.18000 0.03165 0.03165 0.03165 0.03165
-1.17600 0.03388 0.03388 0.03388 0.03388
-1.17200 0.03478 0.03478 0.03478 0.03478
-1.16800 0.03406 0.03406 0.03406 0.03406
-1.16400 0.03213 0.03213 0.03213 0.03213
-1.16000 0.02975 0.02975 0.02975 0.02975
-1.15600 0.02754 0.02754 0.02754 0.02754
-1.15200 0.02581 0.02581 0.02581 0.02581
-1.14800 0.02463 0.02463 0.02463 0.02463
-1.14400 0.02403 0.02403 0.02403 0.02403
-1.14000 0.02395 0.02395 0.02395 0.02395
-1.13600 0.02440 0.02440 0.02440 0.02440
-1.13200 0.02539 0.02539 0.02539 0.02539
-1.12800 0.02696 0.02696 0.02696 0.02696
-1.12400 0.02918 0.02918 0.02918 0.02918
-1.12000 0.03208 0.03208 0.03208 0.03208
-1.11600 0.03561 0.03561 0.03561 0.03561
-1.11200 0.03945 0.03945 0.03945 0.03945
-1.10800 0.04290 0.04290 0.04290 0.04290
-1.10400 0.04499 0.04499 0.04499 0.04499
-1.10000 0.04500 0.04500 0.04500 0.04500
-1.09600 0.04312 0.04312 0.04312 0.04312
-1.09200 0.04024 0.04024 0.04024 0.04024
-1.08800 0.03731 0.03731 0.03731 0.03731
-1.08400 0.03491 0.03491 0.03491 0.03491
-1.08000 0.03324 0.03324 0.03324 0.03324
-1.07600 0.03236 0.03236 0.03236 0.03236
-1.07200 0.03225 0.03225 0.03225 0.03225
-1.06800 0.03287 0.03287 0.03287 0.03287
-1.06400 0.03427 0.03427 0.03427 0.03427
-1.06000 0.03650 0.03650 0.03650 0.03650
-1.05600 0.03965 0.03965 0.03965 0.03965
-1.05200 0.04384 0.04384 0.04384 0.04384
-1.04800 0.04907 0.04907 0.04907 0.04907
-1.04400 0.05508 0.05508 0.05508 0.05508
-1.04000 0.06110 0.06110 0.06110 0.06110
-1.03600 0.06574 0.06574 0.06574 0.06574
-1.03200 0.06759 0.06759 0.06759 0.06759
-1.02800 0.06625 0.06625 0.06625 0.06625
-1.02400 0.06271 0.06271 0.06271 0.06271
-1.02000 0.05855 0.05855 0.05855 0.05855
-1.01600 0.05498 0.05498 0.05498 0.05498
-1.01200 0.05263 0.05263 0.05263 0.05263
-1.00800 0.05170 0.05170 0.05170 0.05170
-1.00400 0.05227 0.05227 0.05227 0.05227
-1.00000 0.05438 0.05438 0.05438 0.05438
-0.99600 0.05815 0.05815 0.05815 0.05815
-0.99200 0.06369 0.06369 0.06369 0.06369
-0.98800 0.07110 0.07110 0.07110 0.07110
-0.98400 0.08014 0.08014 0.08014 0.08014
-0.98000 0.08990 0.08990 0.08990 0.08990
-0.97600 0.09843 0.09843 0.09843 0.09843
-0.97200 0.10312 0.10312 0.10312 0.10312
-0.96800 0.10229 0.10229 0.10229 0.10229
-0.96400 0.09664 0.09664 0.09664 0.09664
-0.96000 0.08859 0.08859 0.08859 0.08859
-0.95600 0.08055 0.08055 0.08055 0.08055
-0.95200 0.07395 0.07395 0.07395 0.07395
-0.94800 0.06931 0.06931 0.06931 0.06931
-0.94400 0.06669 0.06669 0.06669 0.06669
-0.94000 0.06605 0.06605 0.06605 0.06605
-0.93600 0.06734 0.06734 0.06734 0.06734
-0.93200 0.07061 0.07061 0.07061 0.07061
-0.92800 0.07600 0.07600 0.07600 0.07600
-0.92400 0.08365 0.08365 0.08365 0.08365
-0.92000 0.09351 0.09351 0.09351 0.09351
-0.91600 0.10497 0.10497 0.10497 0.10497
-0.91200 0.11633 0.11633 0.11633 0.11633
-0.90800 0.12469 0.12469 0.12469 0.12469
-0.90400 0.12721 0.12721 0.12721 0.12721
-0.90000 0.12322 0.12322 0.12322 0.12322
-0.89600 0.11486 0.11486 0.11486 0.11486
-0.89200 0.10531 0.10531 0.10531 0.10531
-0.88800 0.09693 0.09693 0.09693 0.09693
-0.88400 0.09088 0.09088 0.09088 0.09088
-0.88000 0.08748 0.08748 0.08748 0.08748
-0.87600 0.08679 0.08679 0.08679 0.08679
-0.87200 0.08879 0.08879 0.08879 0.08879
-0.86800 0.09348 0.09348 0.09348 0.09348
-0.86400 0.10084 0.10084 0.10084 0.10084
-0.86000 0.11055 0.11055 0.11055 0.11055
-0.85600 0.12149 0.12149 0.12149 0.12149
-0.85200 0.13144 0.13144 0.13144 0.13144
-0.84800 0.13741 0.13741 0.13741 0.13741
-0.84400 0.13750 0.13750 0.13750 0.13750
-0.84000 0.13251 0.13251 0.13251 0.13251
-0.83600 0.12532 0.12532 0.12532 0.12532
-0.83200 0.11877 0.11877 0.11877 0.11877
-0.82800 0.11466 0.11466 0.11466 0.11466
-0.82400 0.11381 0.11381 0.11381 0.11381
-0.82000 0.11657 0.11657 0.11657 0.11657
-0.81600 0.12321 0.12321 0.12321 0.12321
-0.81200 0.13399 0.13399 0.13399 0.13399
-0.80800 0.14907 0.14907 0.14907 0.14907
-0.80400 0.16799 0.16799 0.16799 0.16799
-0.80000 0.18889 0.18889 0.18889 0.18889
-0.79600 0.20764 0.20764 0.20764 0.20764
-0.79200 0.21850 0.21850 0.21850 0.21850
-0.78800 0.21738 0.21738 0.21738 0.21738
-0.78400 0.20528 0.20528 0.20528 0.20528
-0.78000 0.18738 0.18738 0.18738 0.18738
-0.77600 0.16914 0.16914 0.16914 0.16914
-0.77200 0.15387 0.15387 0.15387 0.15387
-0.76800 0.14288 0.14288 0.14288 0.14288
-0.76400 0.13638 0.13638 0.13638 0.13638
-0.76000 0.13423 0.13423 0.13423 0.13423
-0.75600 0.13633 0.13633 0.13633 0.13633
-0.75200 0.14269 0.14269 0.14269 0.14269
-0.74800 0.15336 0.15336 0.15336 0.15336
-0.74400 0.16819 0.16819 0.16819 0.16819
-0.74000 0.18615 0.18615 0.18615 0.18615
-0.73600 0.20459 0.20459 0.20459 0.20459
-0.73200 0.21915 0.21915 0.21915 0.21915
-0.72800 0.22558 0.22558 0.22558 0.22558
-0.72400 0.22314 0.22314 0.22314 0.22314
-0.72000 0.21546 0.21546 0.21546 0.21546
-0.71600 0.20773 0.20773 0.20773 0.20773
-0.71200 0.20397 0.20397 0.20397 0.20397
-0.70800 0.20639 0.20639 0.20639 0.20639
-0.70400 0.21590 0.21590 0.21590 0.21590
-0.70000 0.23242 0.23242 0.23242 0.23242
-0.69600 0.25446 0.25446 0.25446 0.25446
-0.69200 0.27807 0.27807 0.27807 0.27807
-0.68800 0.29647 0.29647 0.29647 0.29647
-0.68400 0.30243 0.30243 0.30243 0.30243
-0.68000 0.29345 0.29345 0.29345 0.29345
-0.67600 0.27387 0.27387 0.27387 0.27387
-0.67200 0.25122 0.25122 0.25122 0.25122
-0.66800 0.23153 0.23153 0.23153 0.23153
-0.66400 0.21789 0.21789 0.21789 0.21789
-0.66000 0.21144 0.21144 0.21144 0.21144
-0.65600 0.21237 0.21237 0.21237 0.21237
-0.65200 0.22053 0.22053 0.22053 0.22053
-0.64800 0.23525 0.23525 0.23525 0.23525
-0.64400 0.25459 0.25459 0.25459 0.25459
-0.64000 0.27433 0.27433 0.27433 0.27433
-0.63600 0.28798 0.28798 0.28798 0.28798
-0.63200 0.28979 0.28979 0.28979 0.28979
-0.62800 0.27912 0.27912 0.27912 0.27912
-0.62400 0.26102 0.26102 0.26102 0.26102
-0.62000 0.24213 0.24213 0.24213 0.24213
-0.61600 0.22715 0.22715 0.22715 0.22715
-0.61200 0.21835 0.21835 0.21835 0.21835
-0.60800 0.21657 0.21657 0.21657 0.21657
-0.60400 0.22205 0.22205 0.22205 0.22205
-0.60000 0.23490 0.23490 0.23490 0.23490
-0.59600 0.25481 0.25481 0.25481 0.25481
-0.59200 0.28029 0.28029 0.28029 0.28029
-0.58800 0.30747 0.30747 0.30747 0.30747
-0.58400 0.32963 0.32963 0.32963 0.32963
-0.58000 0.33972 0.33972 0.33972 0.33972
-0.57600 0.33560 0.33560 0.33560 0.33560
-0.57200 0.32216 0.32216 0.32216 0.32216
-0.56800 0.30747 0.30747 0.30747 0.30747
-0.56400 0.29799 0.29799 0.29799 0.29799
-0.56000 0.29700 0.29700 0.29700 0.29700
-0.55600 0.30502 0.30502 0.30502 0.30502
-0.55200 0.31994 0.31994 0.31994 0.31994
-0.54800 0.33660 0.33660 0.33660 0.33660
-0.54400 0.34723 0.34723 0.34723 0.34723
-0.54000 0.34516 0.34516 0.34516 0.34516
-0.53600 0.32978 0.32978 0.32978 0.32978
-0.53200 0.30690 0.30690 0.30690 0.30690
-0.52800 0.28395 0.28395 0.28395 0.28395
-0.52400 0.26607 0.26607 0.26607 0.26607
-0.52000 0.25561 0.25561 0.25561 0.25561
-0.51600 0.25321 0.25321 0.25321 0.25321
-0.51200 0.25846 0.25846 0.25846 0.25846
-0.50800 0.26993 0.26993 0.26993 0.26993
-0.50400 0.28446 0.28446 0.28446 0.28446
-0.50000 0.29687 0.29687 0.29687 0.29687
-0.49600 0.30171 0.30171 0.30171 0.30171
-0.49200 0.29694 0.29694 0.29694 0.29694
-0.48800 0.28571 0.28571 0.28571 0.28571
-0.48400 0.27370 0.27370 0.27370 0.27370
-0.48000 0.26566 0.26566 0.26566 0.26566
-0.47600 0.26430 0.26430 0.26430 0.26430
-0.47200 0.27097 0.27097 0.27097 0.27097
-0.46800 0.28638 0.28638 0.28638 0.28638
-0.46400 0.31095 0.31095 0.31095 0.31095
-0.46000 0.34427 0.34427 0.34427 0.34427
-0.45600 0.38396 0.38396 0.38396 0.38396
-0.45200 0.42419 0.42419 0.42419 0.42419
-0.44800 0.45607 0.45607 0.45607 0.45607
-0.44400 0.47240 0.47240 0.47240 0.47240
-0.44000 0.47402 0.47402 0.47402 0.47402
-0.43600 0.46976 0.46976 0.46976 0.46976
-0.43200 0.46989 0.46989 0.46989 0.46989
-0.42800 0.48034 0.48034 0.48034 0.48034
-0.42400 0.50067 0.50067 0.50067 0.50067
-0.42000 0.52355 0.52355 0.52355 0.52355
-0.41600 0.53648 0.53648 0.53648 0.53648
-0.41200 0.52854 0.52854 0.52854 0.52854
-0.40800 0.49876 0.49876 0.49876 0.49876
-0.40400 0.45663 0.45663 0.45663 0.45663
-0.40000 0.41404 0.41404 0.41404 0.41404
-0.39600 0.37876 0.37876 0.37876 0.37876
-0.39200 0.35340 0.35340 0.35340 0.35340
-0.38800 0.33673 0.33673 0.33673 0.33673
-0.38400 0.32492 0.32492 0.32492 0.32492
-0.38000 0.31320 0.31320 0.31320 0.31320
-0.37600 0.29848 0.29848 0.29848 0.29848
-0.37200 0.28129 0.28129 0.28129 0.28129
-0.36800 0.26458 0.26458 0.26458 0.26458
-0.36400 0.25127 0.25127 0.25127 0.25127
-0.36000 0.24305 0.24305 0.24305 0.24305
-0.35600 0.24058 0.24058 0.24058 0.24058
-0.35200 0.24399 0.24399 0.24399 0.24399
-0.34800 0.25306 0.25306 0.25306 0.25306
-0.34400 0.26699 0.26699 0.26699 0.26699
-0.34000 0.28386 0.28386 0.28386 0.28386
-0.33600 0.30039 0.30039 0.30039 0.30039
-0.33200 0.31329 0.31329 0.31329 0.31329
-0.32800 0.32180 0.32180 0.32180 0.32180
-0.32400 0.32874 0.32874 0.32874 0.32874
-0.32000 0.33838 0.33838 0.33838 0.33838
-0.31600 0.35364 0.35364 0.35364 0.35364
-0.31200 0.37493 0.37493 0.37493 0.37493
-0.30800 0.40061 0.40061 0.40061 0.40061
-0.30400 0.42898 0.42898 0.42898 0.42898
-0.30000 0.46061 0.46061 0.46061 0.46061
-0.29600 0.49817 0.49817 0.49817 0.49817
-0.29200 0.54276 0.54276 0.54276 0.54276
-0.28800 0.58962 0.58962 0.58962 0.58962
-0.28400 0.62664 0.62664 0.62664 0.62664
-0.28000 0.63950 0.63950 0.63950 0.63950
-0.27600 0.62248 0.62248 0.62248 0.62248
-0.27200 0.58389 0.58389 0.58389 0.58389
-0.26800 0.53880 0.53880 0.53880 0.53880
-0.26400 0.49911 0.49911 0.49911 0.49911
-0.26000 0.46991 0.46991 0.46991 0.46991
-0.25600 0.45097 0.45097 0.45097 0.45097
-0.25200 0.43969 0.43969 0.43969 0.43969
-0.24800 0.43416 0.43416 0.43416 0.43416
-0.24400 0.43497 0.43497 0.43497 0.43497
-0.24000 0.44433 0.44433 0.44433 0.44433
-0.23600 0.46391 0.46391 0.46391 0.46391
-0.23200 0.49289 0.49289 0.49289 0.49289
-0.22800 0.52651 0.52651 0.52651 0.52651
-0.22400 0.55596 0.55596 0.55596 0.55596
-0.22000 0.57198 0.57198 0.57198 0.57198
-0.21600 0.57142 0.57142 0.57142 0.57142
-0.21200 0.55936 0.55936 0.55936 0.55936
-0.20800 0.54409 0.54409 0.54409 0.54409
-0.20400 0.53208 0.53208 0.53208 0.53208
-0.20000 0.52745 0.52745 0.52745 0.52745
-0.19600 0.53307 0.53307 0.53307 0.53307
-0.19200 0.55140 0.55140 0.55140 0.55140
-0.18800 0.58472 0.58472 0.58472 0.58472
-0.18400 0.63422 0.63422 0.63422 0.63422
-0.18000 0.69789 0.69789 0.69789 0.69789
-0.17600 0.76729 0.76729 0.76729 0.76729
-0.17200 0.82569 0.82569 0.82569 0.82569
-0.16800 0.85297 0.85297 0.85297 0.85297
-0.16400 0.83892 0.83892 0.83892 0.83892
-0.16000 0.79213 0.79213 0.79213 0.79213
-0.15600 0.73234 0.73234 0.73234 0.73234
-0.15200 0.67689 0.67689 0.67689 0.67689
-0.14800 0.63526 0.63526 0.63526 0.63526
-0.14400 0.61085 0.61085 0.61085 0.61085
-0.14000 0.60428 0.60428 0.60428 0.60428
-0.13600 0.61555 0.61555 0.61555 0.61555
-0.13200 0.64503 0.64503 0.64503 0.64503
-0.12800 0.69374 0.69374 0.69374 0.69374
-0.12400 0.76294 0.76294 0.76294 0.76294
-0.12000 0.85289 0.85289 0.85289 0.85289
-0.11600 0.96045 0.96045 0.96045 0.96045
-0.11200 1.07649 1.07649 1.07649 1.07649
-0.10800 1.18680 1.18680 1.18680 1.18680
-0.10400 1.28048 1.28048 1.28048 1.28048
-0.10000 1.35915 1.35915 1.35915 1.35915
-0.09600 1.43222 1.43222 1.43222 1.43222
-0.09200 1.50025 1.50025 1.50025 1.50025
-0.08800 1.54569 1.54569 1.54569 1.54569
-0.08400 1.54449 1.54449 1.54449 1.54449
-0.08000 1.49051 1.49051 1.49051 1.49051
-0.07600 1.40459 1.40459 1.40459 1.40459
-0.07200 1.31829 1.31829 1.31829 1.31829
-0.06800 1.25575 1.25575 1.25575 1.25575
-0.06400 1.22962 1.22962 1.22962 1.22962
-0.06000 1.24549 1.24549 1.24549 1.24549
-0.05600 1.30675 1.30675 1.30675 1.30675
-0.05200 1.41730 1.41730 1.41730 1.41730
-0.04800 1.58197 1.58197 1.58197 1.58197
-0.04400 1.80422 1.80422 1.80422 1.80422
-0.04000 2.07992 2.07992 2.07992 2.07992
-0.03600 2.38563 2.38563 2.38563 2.38563
-0.03200 2.66655 2.66655 2.66655 2.66655
-0.02800 2.84275 2.84275 2.84275 2.84275
-0.02400 2.85322 2.85322 2.85322 2.85322
-0.02000 2.70677 2.70677 2.70677 2.70677
-0.01600 2.47535 2.47535 2.47535 2.47535
-0.01200 2.23940 2.23940 2.23940 2.23940
-0.00800 2.05097 2.05097 2.05097 2.05097
-0.00400 1.93314 1.93314 1.93314 1.93314
0.00000 1.89304 1.89304 1.89304 1.89304
0.00400 1.93194 1.93194 1.93194 1.93194
0.00800 2.04871 2.04871 2.04871 2.04871
0.01200 2.23653 2.23653 2.23653 2.23653
0.01600 2.47295 2.47295 2.47295 2.47295
0.02000 2.70672 2.70672 2.70672 2.70672
0.02400 2.85764 2.85764 2.85764 2.85764
0.02800 2.85235 2.85235 2.85235 2.85235
0.03200 2.67967 2.67967 2.67967 2.67967
0.03600 2.39936 2.39936 2.39936 2.39936
0.04000 2.09188 2.09188 2.09188 2.09188
0.04400 1.81327 1.81327 1.81327 1.81327
0.04800 1.58781 1.58781 1.58781 1.58781
0.05200 1.42000 1.42000 1.42000 1.42000
0.05600 1.30641 1.30641 1.30641 1.30641
0.06000 1.24210 1.24210 1.24210 1.24210
0.06400 1.22297 1.22297 1.22297 1.22297
0.06800 1.24535 1.24535 1.24535 1.24535
0.07200 1.30331 1.30331 1.30331 1.30331
0.07600 1.38384 1.38384 1.38384 1.38384
0.08000 1.46264 1.46264 1.46264 1.46264
0.08400 1.50865 1.50865 1.50865 1.50865
0.08800 1.50245 1.50245 1.50245 1.50245
0.09200 1.45225 1.45225 1.45225 1.45225
0.09600 1.38489 1.38489 1.38489 1.38489
0.10000 1.32181 1.32181 1.32181 1.32181
0.10400 1.26534 1.26534 1.26534 1.26534
0.10800 1.20228 1.20228 1.20228 1.20228
0.11200 1.11951 1.11951 1.11951 1.11951
0.11600 1.01811 1.01811 1.01811 1.01811
0.12000 0.91181 0.91181 0.91181 0.91181
0.12400 0.81517 0.81517 0.81517 0.81517
0.12800 0.73655 0.73655 0.73655 0.73655
0.13200 0.67855 0.67855 0.67855 0.67855
0.13600 0.64097 0.64097 0.64097 0.64097
0.14000 0.62292 0.62292 0.62292 0.62292
0.14400 0.62385 0.62385 0.62385 0.62385
0.14800 0.64363 0.64363 0.64363 0.64363
0.15200 0.68184 0.68184 0.68184 0.68184
0.15600 0.73589 0.73589 0.73589 0.73589
0.16000 0.79787 0.79787 0.79787 0.79787
0.16400 0.85167 0.85167 0.85167 0.85167
0.16800 0.87594 0.87594 0.87594 0.87594
0.17200 0.85673 0.85673 0.85673 0.85673
0.17600 0.79922 0.79922 0.79922 0.79922
0.18000 0.72304 0.72304 0.72304 0.72304
0.18400 0.64776 0.64776 0.64776 0.64776
0.18800 0.58485 0.58485 0.58485 0.58485
0.19200 0.53840 0.53840 0.53840 0.53840
0.19600 0.50836 0.50836 0.50836 0.50836
0.20000 0.49296 0.49296 0.49296 0.49296
0.20400 0.48982 0.48982 0.48982 0.48982
0.20800 0.49645 0.49645 0.49645 0.49645
0.21200 0.50949 0.50949 0.50949 0.50949
0.21600 0.52302 0.52302 0.52302 0.52302
0.22000 0.52869 0.52869 0.52869 0.52869
0.22400 0.52025 0.52025 0.52025 0.52025
0.22800 0.49895 0.49895 0.49895 0.49895
0.23200 0.47248 0.47248 0.47248 0.47248
0.23600 0.44896 0.44896 0.44896 0.44896
0.24000 0.43282 0.43282 0.43282 0.43282
0.24400 0.42472 0.42472 0.42472 0.42472
0.24800 0.42348 0.42348 0.42348 0.42348
0.25200 0.42858 0.42858 0.42858 0.42858
0.25600 0.44144 0.44144 0.44144 0.44144
0.26000 0.46446 0.46446 0.46446 0.46446
0.26400 0.49884 0.49884 0.49884 0.49884
0.26800 0.54233 0.54233 0.54233 0.54233
0.27200 0.58759 0.58759 0.58759 0.58759
0.27600 0.62315 0.62315 0.62315 0.62315
0.28000 0.63952 0.63952 0.63952 0.63952
0.28400 0.63602 0.63602 0.63602 0.63602
0.28800 0.61881 0.61881 0.61881 0.61881
0.29200 0.59256 0.59256 0.59256 0.59256
0.29600 0.55774 0.55774 0.55774 0.55774
0.30000 0.51550 0.51550 0.51550 0.51550
0.30400 0.47118 0.47118 0.47118 0.47118
0.30800 0.43153 0.43153 0.43153 0.43153
0.31200 0.40078 0.40078 0.40078 0.40078
0.31600 0.37933 0.37933 0.37933 0.37933
0.32000 0.36413 0.36413 0.36413 0.36413
0.32400 0.35003 0.35003 0.35003 0.35003
0.32800 0.33249 0.33249 0.33249 0.33249
0.33200 0.31054 0.31054 0.31054 0.31054
0.33600 0.28691 0.28691 0.28691 0.28691
0.34000 0.26520 0.26520 0.26520 0.26520
0.34400 0.24782 0.24782 0.24782 0.24782
0.34800 0.23572 0.23572 0.23572 0.23572
0.35200 0.22907 0.22907 0.22907 0.22907
0.35600 0.22778 0.22778 0.22778 0.22778
0.36000 0.23176 0.23176 0.23176 0.23176
0.36400 0.24086 0.24086 0.24086 0.24086
0.36800 0.25452 0.25452 0.25452 0.25452
0.37200 0.27128 0.27128 0.27128 0.27128
0.37600 0.28853 0.28853 0.28853 0.28853
0.38000 0.30359 0.30359 0.30359 0.30359
0.38400 0.31606 0.31606 0.31606 0.31606
0.38800 0.32891 0.32891 0.32891 0.32891
0.39200 0.34676 0.34676 0.34676 0.34676
0.39600 0.37346 0.37346 0.37346 0.37346
0.40000 0.41066 0.41066 0.41066 0.41066
0.40400 0.45656 0.45656 0.45656 0.45656
0.40800 0.50432 0.50432 0.50432 0.50432
0.41200 0.54187 0.54187 0.54187 0.54187
0.41600 0.55718 0.55718 0.55718 0.55718
0.42000 0.54749 0.54749 0.54749 0.54749
0.42400 0.52216 0.52216 0.52216 0.52216
0.42800 0.49495 0.49495 0.49495 0.49495
0.43200 0.47534 0.47534 0.47534 0.47534
0.43600 0.46537 0.46537 0.46537 0.46537
0.44000 0.46017 0.46017 0.46017 0.46017
0.44400 0.45074 0.45074 0.45074 0.45074
0.44800 0.42954 0.42954 0.42954 0.42954
0.45200 0.39632 0.39632 0.39632 0.39632
0.45600 0.35744 0.35744 0.35744 0.35744
0.46000 0.32025 0.32025 0.32025 0.32025
0.46400 0.28934 0.28934 0.28934 0.28934
0.46800 0.26643 0.26643 0.26643 0.26643
0.47200 0.25164 0.25164 0.25164 0.25164
0.47600 0.24461 0.24461 0.24461 0.24461
0.48000 0.24486 0.24486 0.24486 0.24486
0.48400 0.25178 0.25178 0.25178 0.25178
0.48800 0.26410 0.26410 0.26410 0.26410
0.49200 0.27904 0.27904 0.27904 0.27904
0.49600 0.29202 0.29202 0.29202 0.29202
0.50000 0.29839 0.29839 0.29839 0.29839
0.50400 0.29679 0.29679 0.29679 0.29679
0.50800 0.29067 0.29067 0.29067 0.29067
0.51200 0.28563 0.28563 0.28563 0.28563
0.51600 0.28624 0.28624 0.28624 0.28624
0.52000 0.29491 0.29491 0.29491 0.29491
0.52400 0.31181 0.31181 0.31181 0.31181
0.52800 0.33459 0.33459 0.33459 0.33459
0.53200 0.35748 0.35748 0.35748 0.35748
0.53600 0.37214 0.37214 0.37214 0.37214
0.54000 0.37199 0.37199 0.37199 0.37199
0.54400 0.35759 0.35759 0.35759 0.35759
0.54800 0.33620 0.33620 0.33620 0.33620
0.55200 0.31626 0.31626 0.31626 0.31626
0.55600 0.30340 0.30340 0.30340 0.30340
0.56000 0.30001 0.30001 0.30001 0.30001
0.56400 0.30604 0.30604 0.30604 0.30604
0.56800 0.31905 0.31905 0.31905 0.31905
0.57200 0.33358 0.33358 0.33358 0.33358
0.57600 0.34158 0.34158 0.34158 0.34158
0.58000 0.33608 0.33608 0.33608 0.33608
0.58400 0.31633 0.31633 0.31633 0.31633
0.58800 0.28813 0.28813 0.28813 0.28813
0.59200 0.25888 0.25888 0.25888 0.25888
0.59600 0.23360 0.23360 0.23360 0.23360
0.60000 0.21442 0.21442 0.21442 0.21442
0.60400 0.20180 0.20180 0.20180 0.20180
0.60800 0.19557 0.19557 0.19557 0.19557
0.61200 0.19555 0.19555 0.19555 0.19555
0.61600 0.20165 0.20165 0.20165 0.20165
0.62000 0.21380 0.21380 0.21380 0.21380
0.62400 0.23141 0.23141 0.23141 0.23141
0.62800 0.25250 0.25250 0.25250 0.25250
0.63200 0.27262 0.27262 0.27262 0.27262
0.63600 0.28541 0.28541 0.28541 0.28541
0.64000 0.28600 0.28600 0.28600 0.28600
0.64400 0.27507 0.27507 0.27507 0.27507
0.64800 0.25837 0.25837 0.25837 0.25837
0.65200 0.24247 0.24247 0.24247 0.24247
0.65600 0.23176 0.23176 0.23176 0.23176
0.66000 0.22833 0.22833 0.22833 0.22833
0.66400 0.23295 0.23295 0.23295 0.23295
0.66800 0.24547 0.24547 0.24547 0.24547
0.67200 0.26460 0.26460 0.26460 0.26460
0.67600 0.28675 0.28675 0.28675 0.28675
0.68000 0.30529 0.30529 0.30529 0.30529
0.68400 0.31214 0.31214 0.31214 0.31214
0.68800 0.30292 0.30292 0.30292 0.30292
0.69200 0.28055 0.28055 0.28055 0.28055
0.69600 0.25263 0.25263 0.25263 0.25263
0.70000 0.22601 0.22601 0.22601 0.22601
0.70400 0.20449 0.20449 0.20449 0.20449
0.70800 0.18942 0.18942 0.18942 0.18942
0.71200 0.18089 0.18089 0.18089 0.18089
0.71600 0.17861 0.17861 0.17861 0.17861
0.72000 0.18202 0.18202 0.18202 0.18202
0.72400 0.19001 0.19001 0.19001 0.19001
0.72800 0.20022 0.20022 0.20022 0.20022
0.73200 0.20860 0.20860 0.20860 0.20860
0.73600 0.21051 0.21051 0.21051 0.21051
0.74000 0.20368 0.20368 0.20368 0.20368
0.74400 0.19009 0.19009 0.19009 0.19009
0.74800 0.17414 0.17414 0.17414 0.17414
0.75200 0.15966 0.15966 0.15966 0.15966
0.75600 0.14875 0.14875 0.14875 0.14875
0.76000 0.14219 0.14219 0.14219 0.14219
0.76400 0.14017 0.14017 0.14017 0.14017
0.76800 0.14278 0.14278 0.14278 0.14278
0.77200 0.15015 0.15015 0.15015 0.15015
0.77600 0.16233 0.16233 0.16233 0.16233
0.78000 0.17883 0.17883 0.17883 0.17883
0.78400 0.19777 0.19777 0.19777 0.19777
0.78800 0.21498 0.21498 0.21498 0.21498
0.79200 0.22446 0.22446 0.22446 0.22446
0.79600 0.22163 0.22163 0.22163 0.22163
0.80000 0.20701 0.20701 0.20701 0.20701
0.80400 0.18576 0.18576 0.18576 0.18576
0.80800 0.16356 0.16356 0.16356 0.16356
0.81200 0.14398 0.14398 0.14398 0.14398
0.81600 0.12839 0.12839 0.12839 0.12839
0.82000 0.11693 0.11693 0.11693 0.11693
0.82400 0.10930 0.10930 0.10930 0.10930
0.82800 0.10517 0.10517 0.10517 0.10517
0.83200 0.10429 0.10429 0.10429 0.10429
0.83600 0.10652 0.10652 0.10652 0.10652
0.84000 0.11164 0.11164 0.11164 0.11164
0.84400 0.11899 0.11899 0.11899 0.11899
0.84800 0.12702 0.12702 0.12702 0.12702
0.85200 0.13305 0.13305 0.13305 0.13305
0.85600 0.13422 0.13422 0.13422 0.13422
0.86000 0.12952 0.12952 0.12952 0.12952
0.86400 0.12063 0.12063 0.12063 0.12063
0.86800 0.11051 0.11051 0.11051 0.11051
0.87200 0.10154 0.10154 0.10154 0.10154
0.87600 0.09494 0.09494 0.09494 0.09494
0.88000 0.09114 0.09114 0.09114 0.09114
0.88400 0.09025 0.09025 0.09025 0.09025
0.88800 0.09224 0.09224 0.09224 0.09224
0.89200 0.09701 0.09701 0.09701 0.09701
0.89600 0.10413 0.10413 0.10413 0.10413
0.90000 0.11243 0.11243 0.11243 0.11243
0.90400 0.11954 0.11954 0.11954 0.11954
0.90800 0.12249 0.12249 0.12249 0.12249
0.91200 0.11938 0.11938 0.11938 0.11938
0.91600 0.11102 0.11102 0.11102 0.11102
0.92000 0.10012 0.10012 0.10012 0.10012
0.92400 0.08933 0.08933 0.08933 0.08933
0.92800 0.08014 0.08014 0.08014 0.08014
0.93200 0.07306 0.07306 0.07306 0.07306
0.93600 0.06811 0.06811 0.06811 0.06811
0.94000 0.06516 0.06516 0.06516 0.06516
0.94400 0.06408 0.06408 0.06408 0.06408
0.94800 0.06485 0.06485 0.06485 0.06485
0.95200 0.06751 0.06751 0.06751 0.06751
0.95600 0.07216 0.07216 0.07216 0.07216
0.96000 0.07883 0.07883 0.07883 0.07883
0.96400 0.08714 0.08714 0.08714 0.08714
0.96800 0.09593 0.09593 0.09593 0.09593
0.97200 0.10294 0.10294 0.10294 0.10294
0.97600 0.10543 0.10543 0.10543 0.10543
0.98000 0.10203 0.10203 0.10203 0.10203
0.98400 0.09389 0.09389 0.09389 0.09389
0.98800 0.08368 0.08368 0.08368 0.08368
0.99200 0.07371 0.07371 0.07371 0.07371
0.99600 0.06521 0.06521 0.06521 0.06521
1.00000 0.05855 0.05855 0.05855 0.05855
1.00400 0.05370 0.05370 0.05370 0.05370
1.00800 0.05047 0.05047 0.05047 0.05047
1.01200 0.04872 0.04872 0.04872 0.04872
1.01600 0.04835 0.04835 0.04835 0.04835
1.02000 0.04929 0.04929 0.04929 0.04929
1.02400 0.05142 0.05142 0.05142 0.05142
1.02800 0.05444 0.05444 0.05444 0.05444
1.03200 0.05757 0.05757 0.05757 0.05757
1.03600 0.05961 0.05961 0.05961 0.05961
1.04000 0.05934 0.05934 0.05934 0.05934
1.04400 0.05648 0.05648 0.05648 0.05648
1.04800 0.05184 0.05184 0.05184 0.05184
1.05200 0.04669 0.04669 0.04669 0.04669
1.05600 0.04195 0.04195 0.04195 0.04195
1.06000 0.03802 0.03802 0.03802 0.03802
1.06400 0.03501 0.03501 0.03501 0.03501
1.06800 0.03285 0.03285 0.03285 0.03285
1.07200 0.03146 0.03146 0.03146 0.03146
1.07600 0.03078 0.03078 0.03078 0.03078
1.08000 0.03079 0.03079 0.03079 0.03079
1.08400 0.03150 0.03150 0.03150 0.03150
1.08800 0.03296 0.03296 0.03296 0.03296
1.09200 0.03520 0.03520 0.03520 0.03520
1.09600 0.03816 0.03816 0.03816 0.03816
1.10000 0.04151 0.04151 0.04151 0.04151
1.10400 0.04455 0.04455 0.04455 0.04455
1.10800 0.04622 0.04622 0.04622 0.04622
1.11200 0.04569 0.04569 0.04569 0.04569
1.11600 0.04306 0.04306 0.04306 0.04306
1.12000 0.03921 0.03921 0.03921 0.03921
1.12400 0.03517 0.03517 0.03517 0.03517
1.12800 0.03157 0.03157 0.03157 0.03157
1.13200 0.02865 0.02865 0.02865 0.02865
1.13600 0.02643 0.02643 0.02643 0.02643
1.14000 0.02486 0.02486 0.02486 0.02486
1.14400 0.02387 0.02387 0.02387 0.02387
1.14800 0.02340 0.02340 0.02340 0.02340
1.15200 0.02344 0.02344 0.02344 0.02344
1.15600 0.02400 0.02400 0.02400 0.02400
1.16000 0.02511 0.02511 0.02511 0.02511
1.16400 0.02677 0.02677 0.02677 0.02677
1.16800 0.02890 0.02890 0.02890 0.02890
1.17200 0.03122 0.03122 0.03122 0.03122
1.17600 0.03316 0.03316 0.03316 0.03316
1.18000 0.03397 0.03397 0.03397 0.03397
1.18400 0.03320 0.03320 0.03320 0.03320
1.18800 0.03108 0.03108 0.03108 0.03108
1.19200 0.02832 0.02832 0.02832 0.02832
1.19600 0.02557 0.02557 0.02557 0.02557
1.20000 0.02318 0.02318 0.02318 0.02318
1.20400 0.02129 0.02129 0.02129 0.02129
1.20800 0.01988 0.01988 0.01988 0.01988
1.21200 0.01891 0.01891 0.01891 0.01891
1.21600 0.01833 0.01833 0.01833 0.01833
1.22000 0.01810 0.01810 0.01810 0.01810
1.22400 0.01822 0.01822 0.01822 0.01822
1.22800 0.01871 0.01871 0.01871 0.01871
1.23200 0.01960 0.01960 0.01960 0.01960
1.23600 0.02095 0.02095 0.02095 0.02095
1.24000 0.02277 0.02277 0.02277 0.02277
1.24400 0.02505 0.02505 0.02505 0.02505
1.24800 0.02758 0.02758 0.02758 0.02758
1.25200 0.02985 0.02985 0.02985 0.02985
1.25600 0.03115 0.03115 0.03115 0.03115
1.26000 0.03092 0.03092 0.03092 0.03092
1.26400 0.02924 0.02924 0.02924 0.02924
1.26800 0.02673 0.02673 0.02673 0.02673
1.27200 0.02409 0.02409 0.02409 0.02409
1.27600 0.02176 0.02176 0.02176 0.02176
1.28000 0.01991 0.01991 0.01991 0.01991
1.28400 0.01855 0.01855 0.01855 0.01855
1.28800 0.01765 0.01765 0.01765 0.01765
1.29200 0.01718 0.01718 0.01718 0.01718
1.29600 0.01710 0.01710 0.01710 0.01710
1.30000 0.01742 0.01742 0.01742 0.01742
1.30400 0.01816 0.01816 0.01816 0.01816
1.30800 0.01935 0.01935 0.01935 0.01935
1.31200 0.02101 0.02101 0.02101 0.02101
1.31600 0.02306 0.02306 0.02306 0.02306
1.32000 0.02527 0.02527 0.02527 0.02527
1.32400 0.02710 0.02710 0.02710 0.02710
1.32800 0.02791 0.02791 0.02791 0.02791
1.33200 0.02729 0.02729 0.02729 0.02729
1.33600 0.02545 0.02545 0.02545 0.02545
1.34000 0.02303 0.02303 0.02303 0.02303
1.34400 0.02059 0.02059 0.02059 0.02059
1.34800 0.01848 0.01848 0.01848 0.01848
1.35200 0.01680 0.01680 0.01680 0.01680
1.35600 0.01554 0.01554 0.01554 0.01554
1.36000 0.01465 0.01465 0.01465 0.01465
1.36400 0.01409 0.01409 0.01409 0.01409
1.36800 0.01382 0.01382 0.01382 0.01382
1.37200 0.01384 0.01384 0.01384 0.01384
1.37600 0.01415 0.01415 0.01415 0.01415
1.38000 0.01478 0.01478 0.01478 0.01478
1.38400 0.01576 0.01576 0.01576 0.01576
1.38800 0.01710 0.01710 0.01710 0.01710
1.39200 0.01876 0.01876 0.01876 0.01876
1.39600 0.02057 0.02057 0.02057 0.02057
1.40000 0.02212 0.02212 0.02212 0.02212
1.40400 0.02288 0.02288 0.02288 0.02288
1.40800 0.02250 0.02250 0.02250 0.02250
1.41200 0.02111 0.02111 0.02111 0.02111
1.41600 0.01919 0.01919 0.01919 0.01919
1.42000 0.01724 0.01724 0.01724 0.01724
1.42400 0.01554 0.01554 0.01554 0.01554
1.42800 0.01418 0.01418 0.01418 0.01418
1.43200 0.01317 0.01317 0.01317 0.01317
1.43600 0.01248 0.01248 0.01248 0.01248
1.44000 0.01206 0.01206 0.01206 0.01206
1.44400 0.01190 0.01190 0.01190 0.01190
1.44800 0.01199 0.01199 0.01199 0.01199
1.45200 0.01234 0.01234 0.01234 0.01234
1.45600 0.01297 0.01297 0.01297 0.01297
1.46000 0.01392 0.01392 0.01392 0.01392
1.46400 0.01517 0.01517 0.01517 0.01517
1.46800 0.01665 0.01665 0.01665 0.01665
1.47200 0.01815 0.01815 0.01815 0.01815
1.47600 0.01926 0.01926 0.01926 0.01926
1.48000 0.01954 0.01954 0.01954 0.01954
1.48400 0.01883 0.01883 0.01883 0.01883
1.48800 0.01741 0.01741 0.01741 0.01741
1.49200 0.01571 0.01571 0.01571 0.01571
1.49600 0.01410 0.01410 0.01410 0.01410
1.50000 0.01274 0.01274 0.01274 0.01274
1.50400 0.01168 0.01168 0.01168 0.01168
1.50800 0.01090 0.01090 0.01090 0.01090
1.51200 0.01037 0.01037 0.01037 0.01037
1.51600 0.01006 0.01006 0.01006 0.01006
1.52000 0.00996 0.00996 0.00996 0.00996
1.52400 0.01006 0.01006 0.01006 0.01006
1.52800 0.01038 0.01038 0.01038 0.01038
1.53200 0.01092 0.01092 0.01092 0.01092
1.53600 0.01173 0.01173 0.01173 0.01173
1.54000 0.01278 0.01278 0.01278 0.01278
1.54400 0.01404 0.01404 0.01404 0.01404
1.54800 0.01530 0.01530 0.01530 0.01530
1.55200 0.01623 0.01623 0.01623 0.01623
1.55600 0.01647 0.01647 0.01647 0.01647
1.56000 0.01586 0.01586 0.01586 0.01586
1.56400 0.01464 0.01464 0.01464 0.01464
1.56800 0.01319 0.01319 0.01319 0.01319
1.57200 0.01179 0.01179 0.01179 0.01179
1.57600 0.01061 0.01061 0.01061 0.01061
1.58000 0.00968 0.00968 0.00968 0.00968
1.58400 0.00897 0.00897 0.00897 0.00897
1.58800 0.00846 0.00846 0.00846 0.00846
1.59200 0.00813 0.00813 0.00813 0.00813
1.59600 0.00795 0.00795 0.00795 0.00795
1.60000 0.00792 0.00792 0.00792 0.00792
1.60400 0.00803 0.00803 0.00803 0.00803
1.60800 0.00831 0.00831 0.00831 0.00831
1.61200 0.00876 0.00876 0.00876 0.00876
1.61600 0.00938 0.00938 0.00938 0.00938
1.62000 0.01015 0.01015 0.01015 0.01015
1.62400 0.01096 0.01096 0.01096 0.01096
1.62800 0.01161 0.01161 0.01161 0.01161
1.63200 0.01184 0.01184 0.01184 0.01184
1.63600 0.01151 0.01151 0.01151 0.01151
1.64000 0.01075 0.01075 0.01075 0.01075
1.64400 0.00978 0.00978 0.00978 0.00978
1.64800 0.00882 0.00882 0.00882 0.00882
1.65200 0.00799 0.00799 0.00799 0.00799
1.65600 0.00731 0.00731 0.00731 0.00731
1.66000 0.00679 0.00679 0.00679 0.00679
1.66400 0.00640 0.00640 0.00640 0.00640
1.66800 0.00612 0.00612 0.00612 0.00612
1.67200 0.00593 0.00593 0.00593 0.00593
1.67600 0.00583 0.00583 0.00583 0.00583
1.68000 0.00581 0.00581 0.00581 0.00581
1.68400 0.00587 0.00587 0.00587 0.00587
1.68800 0.00603 0.00603 0.00603 0.00603
1.69200 0.00629 0.00629 0.00629 0.00629
1.69600 0.00666 0.00666 0.00666 0.00666
1.70000 0.00715 0.00715 0.00715 0.00715
1.70400 0.00773 0.00773 0.00773 0.00773
1.70800 0.00831 0.00831 0.00831 0.00831
1.71200 0.00872 0.00872 0.00872 0.00872
1.71600 0.00881 0.00881 0.00881 0.00881
1.72000 0.00852 0.00852 0.00852 0.00852
1.72400 0.00794 0.00794 0.00794 0.00794
1.72800 0.00725 0.00725 0.00725 0.00725
1.73200 0.00659 0.00659 0.00659 0.00659
1.73600 0.00604 0.00604 0.00604 0.00604
1.74000 0.00559 0.00559 0.00559 0.00559
1.74400 0.00525 0.00525 0.00525 0.00525
1.74800 0.00500 0.00500 0.00500 0.00500
1.75200 0.00482 0.00482 0.00482 0.00482
1.75600 0.00472 0.00472 0.00472 0.00472
1.76000 0.00468 0.00468 0.00468 0.00468
1.76400 0.00470 0.00470 0.00470 0.00470
1.76800 0.00478 0.00478 0.00478 0.00478
1.77200 0.00495 0.00495 0.00495 0.00495
1.77600 0.00518 0.00518 0.00518 0.00518
1.78000 0.00549 0.00549 0.00549 0.00549
1.78400 0.00584 0.00584 0.00584 0.00584
1.78800 0.00615 0.00615 0.00615 0.00615
1.79200 0.00632 0.00632 0.00632 0.00632
1.79600 0.00625 0.00625 0.00625 0.00625
1.80000 0.00597 0.00597 0.00597 0.00597
1.80400 0.00555 0.00555 0.00555 0.00555
1.80800 0.00511 0.00511 0.00511 0.00511
1.81200 0.00472 0.00472 0.00472 0.00472
1.81600 0.00439 0.00439 0.00439 0.00439
1.82000 0.00412 0.00412 0.00412 0.00412
1.82400 0.00392 0.00392 0.00392 0.00392
1.82800 0.00376 0.00376 0.00376 0.00376
1.83200 0.00365 0.00365 0.00365 0.00365
1.83600 0.00357 0.00357 0.00357 0.00357
1.84000 0.00353 0.00353 0.00353 0.00353
1.84400 0.00351 0.00351 0.00351 0.00351
1.84800 0.00353 0.00353 0.00353 0.00353
1.85200 0.00359 0.00359 0.00359 0.00359
1.85600 0.00368 0.00368 0.00368 0.00368
1.86000 0.00382 0.00382 0.00382 0.00382
1.86400 0.00401 0.00401 0.00401 0.00401
1.86800 0.00423 0.00423 0.00423 0.00423
1.87200 0.00446 0.00446 0.00446 0.00446
1.87600 0.00463 0.00463 0.00463 0.00463
1.88000 0.00467 0.00467 0.00467 0.00467
1.88400 0.00455 0.00455 0.00455 0.00455
1.88800 0.00432 0.00432 0.00432 0.00432
1.89200 0.00404 0.00404 0.00404 0.00404
1.89600 0.00376 0.00376 0.00376 0.00376
1.90000 0.00352 0.00352 0.00352 0.00352
1.90400 0.00333 0.00333 0.00333 0.00333
1.90800 0.00318 0.00318 0.00318 0.00318
1.91200 0.00306 0.00306 0.00306 0.00306
1.91600 0.00297 0.00297 0.00297 0.00297
1.92000 0.00291 0.00291 0.00291 0.00291
1.92400 0.00286 0.00286 0.00286 0.00286
1.92800 0.00284 0.00284 0.00284 0.00284
1.93200 0.00284 0.00284 0.00284 0.00284
1.93600 0.00286 0.00286 0.00286 0.00286
1.94000 0.00290 0.00290 0.00290 0.00290
1.94400 0.00297 0.00297 0.00297 0.00297
1.94800 0.00306 0.00306 0.00306 0.00306
1.95200 0.00319 0.00319 0.00319 0.00319
1.95600 0.00334 0.00334 0.00334 0.00334
1.96000 0.00348 0.00348 0.00348 0.00348
1.96400 0.00357 0.00357 0.00357 0.00357
1.96800 0.00357 0.00357 0.00357 0.00357
1.97200 0.00346 0.00346 0.00346 0.00346
1.97600 0.00330 0.00330 0.00330 0.00330
1.98000 0.00311 0.00311 0.00311 0.00311
1.98400 0.00294 0.00294 0.00294 0.00294
1.98800 0.00279 0.00279 0.00279 0.00279
1.99200 0.00267 0.00267 0.00267 0.00267
1.99600 0.00258 0.00258 0.00258 0.00258
2.00000 0.00250 0.00250 0.00250 0.00250
