-2.00000 0.00307 0.00307 0.00307 0.00307
-1.99600 0.00296 0.00296 0.00296 0.00296
-1.99200 0.00289 0.00289 0.00289 0.00289
-1.98800 0.00286 0.00286 0.00286 0.00286
-1.98400 0.00286 0.00286 0.00286 0.00286
-1.98000 0.00289 0.00289 0.00289 0.00289
-1.97600 0.00295 0.00295 0.00295 0.00295
-1.97200 0.00304 0.00304 0.00304 0.00304
-1.96800 0.00317 0.00317 0.00317 0.00317
-1.96400 0.00331 0.00331 0.00331 0.00331
-1.96000 0.00345 0.00345 0.00345 0.00345
-1.95600 0.00354 0.00354 0.00354 0.00354
-1.95200 0.00355 0.00355 0.00355 0.00355
-1.94800 0.00349 0.00349 0.00349 0.00349
-1.94400 0.00338 0.00338 0.00338 0.00338
-1.94000 0.00326 0.00326 0.00326 0.00326
-1.93600 0.00316 0.00316 0.00316 0.00316
-1.93200 0.00309 0.00309 0.00309 0.00309
-1.92800 0.00305 0.00305 0.00305 0.00305
-1.92400 0.00304 0.00304 0.00304 0.00304
-1.92000 0.00305 0.00305 0.00305 0.00305
-1.91600 0.00310 0.00310 0.00310 0.00310
-1.91200 0.00317 0.00317 0.00317 0.00317
-1.90800 0.00328 0.00328 0.00328 0.00328
-1.90400 0.00343 0.00343 0.00343 0.00343
-1.90000 0.00360 0.00360 0.00360 0.00360
-1.89600 0.00380 0.00380 0.00380 0.00380
-1.89200 0.00398 0.00398 0.00398 0.00398
-1.88800 0.00411 0.00411 0.00411 0.00411
-1.88400 0.00413 0.00413 0.00413 0.00413
-1.88000 0.00406 0.00406 0.00406 0.00406
-1.87600 0.00392 0.00392 0.00392 0.00392
-1.87200 0.00378 0.00378 0.00378 0.00378
-1.86800 0.00365 0.00365 0.00365 0.00365
-1.86400 0.00356 0.00356 0.00356 0.00356
-1.86000 0.00351 0.00351 0.00351 0.00351
-1.85600 0.00349 0.00349 0.00349 0.00349
-1.85200 0.00351 0.00351 0.00351 0.00351
-1.84800 0.00357 0.00357 0.00357 0.00357
-1.84400 0.00366 0.00366 0.00366 0.00366
-1.84000 0.00379 0.00379 0.00379 0.00379
-1.83600 0.00396 0.00396 0.00396 0.00396
-1.83200 0.00416 0.00416 0.00416 0.00416
-1.82800 0.00439 0.00439 0.00439 0.00439
-1.82400 0.00461 0.00461 0.00461 0.00461
-1.82000 0.00477 0.00477 0.00477 0.00477
-1.81600 0.00481 0.00481 0.00481 0.00481
-1.81200 0.00475 0.00475 0.00475 0.00475
-1.80800 0.00463 0.00463 0.00463 0.00463
-1.80400 0.00451 0.00451 0.00451 0.00451
-1.80000 0.00442 0.00442 0.00442 0.00442
-1.79600 0.00438 0.00438 0.00438 0.00438
-1.79200 0.00440 0.00440 0.00440 0.00440
-1.78800 0.00447 0.00447 0.00447 0.00447
-1.78400 0.00460 0.00460 0.00460 0.00460
-1.78000 0.00480 0.00480 0.00480 0.00480
-1.77600 0.00507 0.00507 0.00507 0.00507
-1.77200 0.00543 0.00543 0.00543 0.00543
-1.76800 0.00587 0.00587 0.00587 0.00587
-1.76400 0.00638 0.00638 0.00638 0.00638
-1.76000 0.00690 0.00690 0.00690 0.00690
-1.75600 0.00733 0.00733 0.00733 0.00733
-1.75200 0.00753 0.00753 0.00753 0.00753
-1.74800 0.00746 0.00746 0.00746 0.00746
-1.74400 0.00717 0.00717 0.00717 0.00717
-1.74000 0.00679 0.00679 0.00679 0.00679
-1.73600 0.00645 0.00645 0.00645 0.00645
-1.73200 0.00618 0.00618 0.00618 0.00618
-1.72800 0.00602 0.00602 0.00602 0.00602
-1.72400 0.00595 0.00595 0.00595 0.00595
-1.72000 0.00598 0.00598 0.00598 0.00598
-1.71600 0.00611 0.00611 0.00611 0.00611
-1.71200 0.00634 0.00634 0.00634 0.00634
-1.70800 0.00667 0.00667 0.00667 0.00667
-1.70400 0.00713 0.00713 0.00713 0.00713
-1.70000 0.00773 0.00773 0.00773 0.00773
-1.69600 0.00849 0.00849 0.00849 0.00849
-1.69200 0.00941 0.00941 0.00941 0.00941
-1.68800 0.01042 0.01042 0.01042 0.01042
-1.68400 0.01139 0.01139 0.01139 0.01139
-1.68000 0.01210 0.01210 0.01210 0.01210
-1.67600 0.01237 0.01237 0.01237 0.01237
-1.67200 0.01224 0.01224 0.01224 0.01224
-1.66800 0.01191 0.01191 0.01191 0.01191
-1.66400 0.01163 0.01163 0.01163 0.01163
-1.66000 0.01158 0.01158 0.01158 0.01158
-1.65600 0.01184 0.01184 0.01184 0.01184
-1.65200 0.01247 0.01247 0.01247 0.01247
-1.64800 0.01348 0.01348 0.01348 0.01348
-1.64400 0.01485 0.01485 0.01485 0.01485
-1.64000 0.01644 0.01644 0.01644 0.01644
-1.63600 0.01794 0.01794 0.01794 0.01794
-1.63200 0.01887 0.01887 0.01887 0.01887
-1.62800 0.01884 0.01884 0.01884 0.01884
-1.62400 0.01782 0.01782 0.01782 0.01782
-1.62000 0.01620 0.01620 0.01620 0.01620
-1.61600 0.01443 0.01443 0.01443 0.01443
-1.61200 0.01285 0.01285 0.01285 0.01285
-1.60800 0.01155 0.01155 0.01155 0.01155
-1.60400 0.01057 0.01057 0.01057 0.01057
-1.60000 0.00987 0.00987 0.00987 0.00987
-1.59600 0.00942 0.00942 0.00942 0.00942
-1.59200 0.00916 0.00916 0.00916 0.00916
-1.58800 0.00907 0.00907 0.00907 0.00907
-1.58400 0.00907 0.00907 0.00907 0.00907
-1.58000 0.00907 0.00907 0.00907 0.00907
-1.57600 0.00897 0.00897 0.00897 0.00897
-1.57200 0.00875 0.00875 0.00875 0.00875
-1.56800 0.00845 0.00845 0.00845 0.00845
-1.56400 0.00813 0.00813 0.00813 0.00813
-1.56000 0.00787 0.00787 0.00787 0.00787
-1.55600 0.00770 0.00770 0.00770 0.00770
-1.55200 0.00761 0.00761 0.00761 0.00761
-1.54800 0.00762 0.00762 0.00762 0.00762
-1.54400 0.00771 0.00771 0.00771 0.00771
-1.54000 0.00789 0.00789 0.00789 0.00789
-1.53600 0.00817 0.00817 0.00817 0.00817
-1.53200 0.00856 0.00856 0.00856 0.00856
-1.52800 0.00909 0.00909 0.00909 0.00909
-1.52400 0.00977 0.00977 0.00977 0.00977
-1.52000 0.01064 0.01064 0.01064 0.01064
-1.51600 0.01173 0.01173 0.01173 0.01173
-1.51200 0.01303 0.01303 0.01303 0.01303
-1.50800 0.01447 0.01447 0.01447 0.01447
-1.50400 0.01585 0.01585 0.01585 0.01585
-1.50000 0.01689 0.01689 0.01689 0.01689
-1.49600 0.01738 0.01738 0.01738 0.01738
-1.49200 0.01737 0.01737 0.01737 0.01737
-1.48800 0.01717 0.01717 0.01717 0.01717
-1.48400 0.01710 0.01710 0.01710 0.01710
-1.48000 0.01742 0.01742 0.01742 0.01742
-1.47600 0.01821 0.01821 0.01821 0.01821
-1.47200 0.01944 0.01944 0.01944 0.01944
-1.46800 0.02094 0.02094 0.02094 0.02094
-1.46400 0.02228 0.02228 0.02228 0.02228
-1.46000 0.02291 0.02291 0.02291 0.02291
-1.45600 0.02246 0.02246 0.02246 0.02246
-1.45200 0.02103 0.02103 0.02103 0.02103
-1.44800 0.01910 0.01910 0.01910 0.01910
-1.44400 0.01712 0.01712 0.01712 0.01712
-1.44000 0.01540 0.01540 0.01540 0.01540
-1.43600 0.01401 0.01401 0.01401 0.01401
-1.43200 0.01296 0.01296 0.01296 0.01296
-1.42800 0.01220 0.01220 0.01220 0.01220
-1.42400 0.01168 0.01168 0.01168 0.01168
-1.42000 0.01137 0.01137 0.01137 0.01137
-1.41600 0.01124 0.01124 0.01124 0.01124
-1.41200 0.01129 0.01129 0.01129 0.01129
-1.40800 0.01151 0.01151 0.01151 0.01151
-1.40400 0.01191 0.01191 0.01191 0.01191
-1.40000 0.01251 0.01251 0.01251 0.01251
-1.39600 0.01330 0.01330 0.01330 0.01330
-1.39200 0.01429 0.01429 0.01429 0.01429
-1.38800 0.01538 0.01538 0.01538 0.01538
-1.38400 0.01641 0.01641 0.01641 0.01641
-1.38000 0.01715 0.01715 0.01715 0.01715
-1.37600 0.01747 0.01747 0.01747 0.01747
-1.37200 0.01745 0.01745 0.01745 0.01745
-1.36800 0.01734 0.01734 0.01734 0.01734
-1.36400 0.01738 0.01738 0.01738 0.01738
-1.36000 0.01774 0.01774 0.01774 0.01774
-1.35600 0.01853 0.01853 0.01853 0.01853
-1.35200 0.01982 0.01982 0.01982 0.01982
-1.34800 0.02169 0.02169 0.02169 0.02169
-1.34400 0.02419 0.02419 0.02419 0.02419
-1.34000 0.02734 0.02734 0.02734 0.02734
-1.33600 0.03098 0.03098 0.03098 0.03098
-1.33200 0.03463 0.03463 0.03463 0.03463
-1.32800 0.03747 0.03747 0.03747 0.03747
-1.32400 0.03866 0.03866 0.03866 0.03866
-1.32000 0.03802 0.03802 0.03802 0.03802
-1.31600 0.03619 0.03619 0.03619 0.03619
-1.31200 0.03414 0.03414 0.03414 0.03414
-1.30800 0.03261 0.03261 0.03261 0.03261
-1.30400 0.03190 0.03190 0.03190 0.03190
-1.30000 0.03195 0.03195 0.03195 0.03195
-1.29600 0.03233 0.03233 0.03233 0.03233
-1.29200 0.03240 0.03240 0.03240 0.03240
-1.28800 0.03153 0.03153 0.03153 0.03153
-1.28400 0.02958 0.02958 0.02958 0.02958
-1.28000 0.02697 0.02697 0.02697 0.02697
-1.27600 0.02426 0.02426 0.02426 0.02426
-1.27200 0.02184 0.02184 0.02184 0.02184
-1.26800 0.01988 0.01988 0.01988 0.01988
-1.26400 0.01837 0.01837 0.01837 0.01837
-1.26000 0.01728 0.01728 0.01728 0.01728
-1.25600 0.01654 0.01654 0.01654 0.01654
-1.25200 0.01610 0.01610 0.01610 0.01610
-1.24800 0.01587 0.01587 0.01587 0.01587
-1.24400 0.01573 0.01573 0.01573 0.01573
-1.24000 0.01558 0.01558 0.01558 0.01558
-1.23600 0.01530 0.01530 0.01530 0.01530
-1.23200 0.01492 0.01492 0.01492 0.01492
-1.22800 0.01449 0.01449 0.01449 0.01449
-1.22400 0.01412 0.01412 0.01412 0.01412
-1.22000 0.01386 0.01386 0.01386 0.01386
-1.21600 0.01371 0.01371 0.01371 0.01371
-1.21200 0.01368 0.01368 0.01368 0.01368
-1.20800 0.01378 0.01378 0.01378 0.01378
-1.20400 0.01399 0.01399 0.01399 0.01399
-1.20000 0.01432 0.01432 0.01432 0.01432
-1.19600 0.01478 0.01478 0.01478 0.01478
-1.19200 0.01539 0.01539 0.01539 0.01539
-1.18800 0.01617 0.01617 0.01617 0.01617
-1.18400 0.01716 0.01716 0.01716 0.01716
-1.18000 0.01840 0.01840 0.01840 0.01840
-1.17600 0.01992 0.01992 0.01992 0.01992
-1.17200 0.02171 0.02171 0.02171 0.02171
-1.16800 0.02366 0.02366 0.02366 0.02366
-1.16400 0.02557 0.02557 0.02557 0.02557
-1.16000 0.02713 0.02713 0.02713 0.02713
-1.15600 0.02818 0.02818 0.02818 0.02818
-1.15200 0.02887 0.02887 0.02887 0.02887
-1.14800 0.02961 0.02961 0.02961 0.02961
-1.14400 0.03077 0.03077 0.03077 0.03077
-1.14000 0.03260 0.03260 0.03260 0.03260
-1.13600 0.03517 0.03517 0.03517 0.03517
-1.13200 0.03830 0.03830 0.03830 0.03830
-1.12800 0.04148 0.04148 0.04148 0.04148
-1.12400 0.04391 0.04391 0.04391 0.04391
-1.12000 0.04493 0.04493 0.04493 0.04493
-1.11600 0.04450 0.04450 0.04450 0.04450
-1.11200 0.04324 0.04324 0.04324 0.04324
-1.10800 0.04182 0.04182 0.04182 0.04182
-1.10400 0.04048 0.04048 0.04048 0.04048
-1.10000 0.03910 0.03910 0.03910 0.03910
-1.09600 0.03752 0.03752 0.03752 0.03752
-1.09200 0.03583 0.03583 0.03583 0.03583
-1.08800 0.03430 0.03430 0.03430 0.03430
-1.08400 0.03319 0.03319 0.03319 0.03319
-1.08000 0.03261 0.03261 0.03261 0.03261
-1.07600 0.03262 0.03262 0.03262 0.03262
-1.07200 0.03322 0.03322 0.03322 0.03322
-1.06800 0.03443 0.03443 0.03443 0.03443
-1.06400 0.03628 0.03628 0.03628 0.03628
-1.06000 0.03885 0.03885 0.03885 0.03885
-1.05600 0.04224 0.04224 0.04224 0.04224
-1.05200 0.04659 0.04659 0.04659 0.04659
-1.04800 0.05200 0.05200 0.05200 0.05200
-1.04400 0.05848 0.05848 0.05848 0.05848
-1.04000 0.06575 0.06575 0.06575 0.06575
-1.03600 0.07321 0.07321 0.07321 0.07321
-1.03200 0.08016 0.08016 0.08016 0.08016
-1.02800 0.08650 0.08650 0.08650 0.08650
-1.02400 0.09308 0.09308 0.09308 0.09308
-1.02000 0.10131 0.10131 0.10131 0.10131
-1.01600 0.11234 0.11234 0.11234 0.11234
-1.01200 0.12644 0.12644 0.12644 0.12644
-1.00800 0.14241 0.14241 0.14241 0.14241
-1.00400 0.15703 0.15703 0.15703 0.15703
-1.00000 0.16549 0.16549 0.16549 0.16549
-0.99600 0.16400 0.16400 0.16400 0.16400
-0.99200 0.15290 0.15290 0.15290 0.15290
-0.98800 0.13625 0.13625 0.13625 0.13625
-0.98400 0.11863 0.11863 0.11863 0.11863
-0.98000 0.10292 0.10292 0.10292 0.10292
-0.97600 0.09020 0.09020 0.09020 0.09020
-0.97200 0.08056 0.08056 0.08056 0.08056
-0.96800 0.07368 0.07368 0.07368 0.07368
-0.96400 0.06921 0.06921 0.06921 0.06921
-0.96000 0.06685 0.06685 0.06685 0.06685
-0.95600 0.06642 0.06642 0.06642 0.06642
-0.95200 0.06772 0.06772 0.06772 0.06772
-0.94800 0.07043 0.07043 0.07043 0.07043
-0.94400 0.07387 0.07387 0.07387 0.07387
-0.94000 0.07687 0.07687 0.07687 0.07687
-0.93600 0.07804 0.07804 0.07804 0.07804
-0.93200 0.07669 0.07669 0.07669 0.07669
-0.92800 0.07336 0.07336 0.07336 0.07336
-0.92400 0.06935 0.06935 0.06935 0.06935
-0.92000 0.06569 0.06569 0.06569 0.06569
-0.91600 0.06277 0.06277 0.06277 0.06277
-0.91200 0.06043 0.06043 0.06043 0.06043
-0.90800 0.05834 0.05834 0.05834 0.05834
-0.90400 0.05637 0.05637 0.05637 0.05637
-0.90000 0.05465 0.05465 0.05465 0.05465
-0.89600 0.05338 0.05338 0.05338 0.05338
-0.89200 0.05273 0.05273 0.05273 0.05273
-0.88800 0.05278 0.05278 0.05278 0.05278
-0.88400 0.05355 0.05355 0.05355 0.05355
-0.88000 0.05504 0.05504 0.05504 0.05504
-0.87600 0.05729 0.05729 0.05729 0.05729
-0.87200 0.06035 0.06035 0.06035 0.06035
-0.86800 0.06432 0.06432 0.06432 0.06432
-0.86400 0.06935 0.06935 0.06935 0.06935
-0.86000 0.07567 0.07567 0.07567 0.07567
-0.85600 0.08357 0.08357 0.08357 0.08357
-0.85200 0.09346 0.09346 0.09346 0.09346
-0.84800 0.10591 0.10591 0.10591 0.10591
-0.84400 0.12162 0.12162 0.12162 0.12162
-0.84000 0.14152 0.14152 0.14152 0.14152
-0.83600 0.16664 0.16664 0.16664 0.16664
-0.83200 0.19790 0.19790 0.19790 0.19790
-0.82800 0.23541 0.23541 0.23541 0.23541
-0.82400 0.27718 0.27718 0.27718 0.27718
-0.82000 0.31728 0.31728 0.31728 0.31728
-0.81600 0.34559 0.34559 0.34559 0.34559
-0.81200 0.35218 0.35218 0.35218 0.35218
-0.80800 0.33487 0.33487 0.33487 0.33487
-0.80400 0.30116 0.30116 0.30116 0.30116
-0.80000 0.26189 0.26189 0.26189 0.26189
-0.79600 0.22482 0.22482 0.22482 0.22482
-0.79200 0.19339 0.19339 0.19339 0.19339
-0.78800 0.16823 0.16823 0.16823 0.16823
-0.78400 0.14877 0.14877 0.14877 0.14877
-0.78000 0.13411 0.13411 0.13411 0.13411
-0.77600 0.12338 0.12338 0.12338 0.12338
-0.77200 0.11582 0.11582 0.11582 0.11582
-0.76800 0.11090 0.11090 0.11090 0.11090
-0.76400 0.10824 0.10824 0.10824 0.10824
-0.76000 0.10762 0.10762 0.10762 0.10762
-0.75600 0.10894 0.10894 0.10894 0.10894
-0.75200 0.11221 0.11221 0.11221 0.11221
-0.74800 0.11753 0.11753 0.11753 0.11753
-0.74400 0.12515 0.12515 0.12515 0.12515
-0.74000 0.13545 0.13545 0.13545 0.13545
-0.73600 0.14896 0.14896 0.14896 0.14896
-0.73200 0.16645 0.16645 0.16645 0.16645
-0.72800 0.18894 0.18894 0.18894 0.18894
-0.72400 0.21772 0.21772 0.21772 0.21772
-0.72000 0.25427 0.25427 0.25427 0.25427
-0.71600 0.30007 0.30007 0.30007 0.30007
-0.71200 0.35594 0.35594 0.35594 0.35594
-0.70800 0.42120 0.42120 0.42120 0.42120
-0.70400 0.49238 0.49238 0.49238 0.49238
-0.70000 0.56153 0.56153 0.56153 0.56153
-0.69600 0.61450 0.61450 0.61450 0.61450
-0.69200 0.63387 0.63387 0.63387 0.63387
-0.68800 0.61020 0.61020 0.61020 0.61020
-0.68400 0.55118 0.55118 0.55118 0.55118
-0.68000 0.47556 0.47556 0.47556 0.47556
-0.67600 0.40019 0.40019 0.40019 0.40019
-0.67200 0.33400 0.33400 0.33400 0.33400
-0.66800 0.27953 0.27953 0.27953 0.27953
-0.66400 0.23604 0.23604 0.23604 0.23604
-0.66000 0.20172 0.20172 0.20172 0.20172
-0.65600 0.17466 0.17466 0.17466 0.17466
-0.65200 0.15324 0.15324 0.15324 0.15324
-0.64800 0.13619 0.13619 0.13619 0.13619
-0.64400 0.12251 0.12251 0.12251 0.12251
-0.64000 0.11148 0.11148 0.11148 0.11148
-0.63600 0.10253 0.10253 0.10253 0.10253
-0.63200 0.09525 0.09525 0.09525 0.09525
-0.62800 0.08931 0.08931 0.08931 0.08931
-0.62400 0.08447 0.08447 0.08447 0.08447
-0.62000 0.08055 0.08055 0.08055 0.08055
-0.61600 0.07740 0.07740 0.07740 0.07740
-0.61200 0.07492 0.07492 0.07492 0.07492
-0.60800 0.07303 0.07303 0.07303 0.07303
-0.60400 0.07167 0.07167 0.07167 0.07167
-0.60000 0.07078 0.07078 0.07078 0.07078
-0.59600 0.07036 0.07036 0.07036 0.07036
-0.59200 0.07039 0.07039 0.07039 0.07039
-0.58800 0.07088 0.07088 0.07088 0.07088
-0.58400 0.07185 0.07185 0.07185 0.07185
-0.58000 0.07334 0.07334 0.07334 0.07334
-0.57600 0.07541 0.07541 0.07541 0.07541
-0.57200 0.07811 0.07811 0.07811 0.07811
-0.56800 0.08147 0.08147 0.08147 0.08147
-0.56400 0.08541 0.08541 0.08541 0.08541
-0.56000 0.08966 0.08966 0.08966 0.08966
-0.55600 0.09370 0.09370 0.09370 0.09370
-0.55200 0.09697 0.09697 0.09697 0.09697
-0.54800 0.09927 0.09927 0.09927 0.09927
-0.54400 0.10101 0.10101 0.10101 0.10101
-0.54000 0.10287 0.10287 0.10287 0.10287
-0.53600 0.10542 0.10542 0.10542 0.10542
-0.53200 0.10898 0.10898 0.10898 0.10898
-0.52800 0.11372 0.11372 0.11372 0.11372
-0.52400 0.11976 0.11976 0.11976 0.11976
-0.52000 0.12721 0.12721 0.12721 0.12721
-0.51600 0.13624 0.13624 0.13624 0.13624
-0.51200 0.14708 0.14708 0.14708 0.14708
-0.50800 0.16004 0.16004 0.16004 0.16004
-0.50400 0.17556 0.17556 0.17556 0.17556
-0.50000 0.19420 0.19420 0.19420 0.19420
-0.49600 0.21670 0.21670 0.21670 0.21670
-0.49200 0.24406 0.24406 0.24406 0.24406
-0.48800 0.27760 0.27760 0.27760 0.27760
-0.48400 0.31906 0.31906 0.31906 0.31906
-0.48000 0.37078 0.37078 0.37078 0.37078
-0.47600 0.43578 0.43578 0.43578 0.43578
-0.47200 0.51795 0.51795 0.51795 0.51795
-0.46800 0.62182 0.62182 0.62182 0.62182
-0.46400 0.75184 0.75184 0.75184 0.75184
-0.46000 0.90999 0.90999 0.90999 0.90999
-0.45600 1.09067 1.09067 1.09067 1.09067
-0.45200 1.27282 1.27282 1.27282 1.27282
-0.44800 1.41533 1.41533 1.41533 1.41533
-0.44400 1.47011 1.47011 1.47011 1.47011
-0.44000 1.41500 1.41500 1.41500 1.41500
-0.43600 1.27343 1.27343 1.27343 1.27343
-0.43200 1.09379 1.09379 1.09379 1.09379
-0.42800 0.91679 0.91679 0.91679 0.91679
-0.42400 0.76309 0.76309 0.76309 0.76309
-0.42000 0.63814 0.63814 0.63814 0.63814
-0.41600 0.54004 0.54004 0.54004 0.54004
-0.41200 0.46454 0.46454 0.46454 0.46454
-0.40800 0.40734 0.40734 0.40734 0.40734
-0.40400 0.36467 0.36467 0.36467 0.36467
-0.40000 0.33316 0.33316 0.33316 0.33316
-0.39600 0.30934 0.30934 0.30934 0.30934
-0.39200 0.28933 0.28933 0.28933 0.28933
-0.38800 0.26952 0.26952 0.26952 0.26952
-0.38400 0.24806 0.24806 0.24806 0.24806
-0.38000 0.22560 0.22560 0.22560 0.22560
-0.37600 0.20397 0.20397 0.20397 0.20397
-0.37200 0.18461 0.18461 0.18461 0.18461
-0.36800 0.16807 0.16807 0.16807 0.16807
-0.36400 0.15428 0.15428 0.15428 0.15428
-0.36000 0.14288 0.14288 0.14288 0.14288
-0.35600 0.13348 0.13348 0.13348 0.13348
-0.35200 0.12571 0.12571 0.12571 0.12571
-0.34800 0.11927 0.11927 0.11927 0.11927
-0.34400 0.11394 0.11394 0.11394 0.11394
-0.34000 0.10951 0.10951 0.10951 0.10951
-0.33600 0.10585 0.10585 0.10585 0.10585
-0.33200 0.10284 0.10284 0.10284 0.10284
-0.32800 0.10038 0.10038 0.10038 0.10038
-0.32400 0.09842 0.09842 0.09842 0.09842
-0.32000 0.09688 0.09688 0.09688 0.09688
-0.31600 0.09574 0.09574 0.09574 0.09574
-0.31200 0.09494 0.09494 0.09494 0.09494
-0.30800 0.09446 0.09446 0.09446 0.09446
-0.30400 0.09428 0.09428 0.09428 0.09428
-0.30000 0.09439 0.09439 0.09439 0.09439
-0.29600 0.09476 0.09476 0.09476 0.09476
-0.29200 0.09539 0.09539 0.09539 0.09539
-0.28800 0.09627 0.09627 0.09627 0.09627
-0.28400 0.09740 0.09740 0.09740 0.09740
-0.28000 0.09878 0.09878 0.09878 0.09878
-0.27600 0.10041 0.10041 0.10041 0.10041
-0.27200 0.10229 0.10229 0.10229 0.10229
-0.26800 0.10444 0.10444 0.10444 0.10444
-0.26400 0.10686 0.10686 0.10686 0.10686
-0.26000 0.10956 0.10956 0.10956 0.10956
-0.25600 0.11257 0.11257 0.11257 0.11257
-0.25200 0.11589 0.11589 0.11589 0.11589
-0.24800 0.11956 0.11956 0.11956 0.11956
-0.24400 0.12359 0.12359 0.12359 0.12359
-0.24000 0.12803 0.12803 0.12803 0.12803
-0.23600 0.13289 0.13289 0.13289 0.13289
-0.23200 0.13822 0.13822 0.13822 0.13822
-0.22800 0.14407 0.14407 0.14407 0.14407
-0.22400 0.15050 0.15050 0.15050 0.15050
-0.22000 0.15756 0.15756 0.15756 0.15756
-0.21600 0.16533 0.16533 0.16533 0.16533
-0.21200 0.17388 0.17388 0.17388 0.17388
-0.20800 0.18333 0.18333 0.18333 0.18333
-0.20400 0.19379 0.19379 0.19379 0.19379
-0.20000 0.20539 0.20539 0.20539 0.20539
-0.19600 0.21829 0.21829 0.21829 0.21829
-0.19200 0.23269 0.23269 0.23269 0.23269
-0.18800 0.24881 0.24881 0.24881 0.24881
-0.18400 0.26694 0.26694 0.26694 0.26694
-0.18000 0.28740 0.28740 0.28740 0.28740
-0.17600 0.31059 0.31059 0.31059 0.31059
-0.17200 0.33703 0.33703 0.33703 0.33703
-0.16800 0.36731 0.36731 0.36731 0.36731
-0.16400 0.40220 0.40220 0.40220 0.40220
-0.16000 0.44266 0.44266 0.44266 0.44266
-0.15600 0.48990 0.48990 0.48990 0.48990
-0.15200 0.54547 0.54547 0.54547 0.54547
-0.14800 0.61135 0.61135 0.61135 0.61135
-0.14400 0.69014 0.69014 0.69014 0.69014
-0.14000 0.78522 0.78522 0.78522 0.78522
-0.13600 0.90107 0.90107 0.90107 0.90107
-0.13200 1.04361 1.04361 1.04361 1.04361
-0.12800 1.22071 1.22071 1.22071 1.22071
-0.12400 1.44267 1.44267 1.44267 1.44267
-0.12000 1.72271 1.72271 1.72271 1.72271
-0.11600 2.07670 2.07670 2.07670 2.07670
-0.11200 2.52101 2.52101 2.52101 2.52101
-0.10800 3.06569 3.06569 3.06569 3.06569
-0.10400 3.69839 3.69839 3.69839 3.69839
-0.10000 4.35754 4.35754 4.35754 4.35754
-0.09600 4.91003 4.91003 4.91003 4.91003
-0.09200 5.18069 5.18069 5.18069 5.18069
-0.08800 5.06106 5.06106 5.06106 5.06106
-0.08400 4.60252 4.60252 4.60252 4.60252
-0.08000 3.97014 3.97014 3.97014 3.97014
-0.07600 3.32147 3.32147 3.32147 3.32147
-0.07200 2.74465 2.74465 2.74465 2.74465
-0.06800 2.26749 2.26749 2.26749 2.26749
-0.06400 1.88610 1.88610 1.88610 1.88610
-0.06000 1.58538 1.58538 1.58538 1.58538
-0.05600 1.34887 1.34887 1.34887 1.34887
-0.05200 1.16229 1.16229 1.16229 1.16229
-0.04800 1.01428 1.01428 1.01428 1.01428
-0.04400 0.89616 0.89616 0.89616 0.89616
-0.04000 0.80138 0.80138 0.80138 0.80138
-0.03600 0.72502 0.72502 0.72502 0.72502
-0.03200 0.66339 0.66339 0.66339 0.66339
-0.02800 0.61372 0.61372 0.61372 0.61372
-0.02400 0.57391 0.57391 0.57391 0.57391
-0.02000 0.54239 0.54239 0.54239 0.54239
-0.01600 0.51798 0.51798 0.51798 0.51798
-0.01200 0.49980 0.49980 0.49980 0.49980
-0.00800 0.48723 0.48723 0.48723 0.48723
-0.00400 0.47985 0.47985 0.47985 0.47985
0.00000 0.47742 0.47742 0.47742 0.47742
0.00400 0.47985 0.47985 0.47985 0.47985
0.00800 0.48723 0.48723 0.48723 0.48723
0.01200 0.49980 0.49980 0.49980 0.49980
0.01600 0.51798 0.51798 0.51798 0.51798
0.02000 0.54239 0.54239 0.54239 0.54239
0.02400 0.57391 0.57391 0.57391 0.57391
0.02800 0.61372 0.61372 0.61372 0.61372
0.03200 0.66339 0.66339 0.66339 0.66339
0.03600 0.72501 0.72501 0.72501 0.72501
0.04000 0.80137 0.80137 0.80137 0.80137
0.04400 0.89616 0.89616 0.89616 0.89616
0.04800 1.01427 1.01427 1.01427 1.01427
0.05200 1.16228 1.16228 1.16228 1.16228
0.05600 1.34886 1.34886 1.34886 1.34886
0.06000 1.58538 1.58538 1.58538 1.58538
0.06400 1.88609 1.88609 1.88609 1.88609
0.06800 2.26748 2.26748 2.26748 2.26748
0.07200 2.74464 2.74464 2.74464 2.74464
0.07600 3.32145 3.32145 3.32145 3.32145
0.08000 3.97012 3.97012 3.97012 3.97012
0.08400 4.60251 4.60251 4.60251 4.60251
0.08800 5.06106 5.06106 5.06106 5.06106
0.09200 5.18071 5.18071 5.18071 5.18071
0.09600 4.91006 4.91006 4.91006 4.91006
0.10000 4.35758 4.35758 4.35758 4.35758
0.10400 3.69843 3.69843 3.69843 3.69843
0.10800 3.06572 3.06572 3.06572 3.06572
0.11200 2.52104 2.52104 2.52104 2.52104
0.11600 2.07672 2.07672 2.07672 2.07672
0.12000 1.72273 1.72273 1.72273 1.72273
0.12400 1.44269 1.44269 1.44269 1.44269
0.12800 1.22072 1.22072 1.22072 1.22072
0.13200 1.04362 1.04362 1.04362 1.04362
0.13600 0.90108 0.90108 0.90108 0.90108
0.14000 0.78523 0.78523 0.78523 0.78523
0.14400 0.69014 0.69014 0.69014 0.69014
0.14800 0.61136 0.61136 0.61136 0.61136
0.15200 0.54547 0.54547 0.54547 0.54547
0.15600 0.48991 0.48991 0.48991 0.48991
0.16000 0.44266 0.44266 0.44266 0.44266
0.16400 0.40220 0.40220 0.40220 0.40220
0.16800 0.36731 0.36731 0.36731 0.36731
0.17200 0.33703 0.33703 0.33703 0.33703
0.17600 0.31059 0.31059 0.31059 0.31059
0.18000 0.28740 0.28740 0.28740 0.28740
0.18400 0.26694 0.26694 0.26694 0.26694
0.18800 0.24881 0.24881 0.24881 0.24881
0.19200 0.23269 0.23269 0.23269 0.23269
0.19600 0.21829 0.21829 0.21829 0.21829
0.20000 0.20539 0.20539 0.20539 0.20539
0.20400 0.19379 0.19379 0.19379 0.19379
0.20800 0.18333 0.18333 0.18333 0.18333
0.21200 0.17388 0.17388 0.17388 0.17388
0.21600 0.16532 0.16532 0.16532 0.16532
0.22000 0.15756 0.15756 0.15756 0.15756
0.22400 0.15050 0.15050 0.15050 0.15050
0.22800 0.14407 0.14407 0.14407 0.14407
0.23200 0.13822 0.13822 0.13822 0.13822
0.23600 0.13289 0.13289 0.13289 0.13289
0.24000 0.12802 0.12802 0.12802 0.12802
0.24400 0.12359 0.12359 0.12359 0.12359
0.24800 0.11956 0.11956 0.11956 0.11956
0.25200 0.11589 0.11589 0.11589 0.11589
0.25600 0.11257 0.11257 0.11257 0.11257
0.26000 0.10956 0.10956 0.10956 0.10956
0.26400 0.10686 0.10686 0.10686 0.10686
0.26800 0.10443 0.10443 0.10443 0.10443
0.27200 0.10229 0.10229 0.10229 0.10229
0.27600 0.10040 0.10040 0.10040 0.10040
0.28000 0.09877 0.09877 0.09877 0.09877
0.28400 0.09739 0.09739 0.09739 0.09739
0.28800 0.09626 0.09626 0.09626 0.09626
0.29200 0.09538 0.09538 0.09538 0.09538
0.29600 0.09475 0.09475 0.09475 0.09475
0.30000 0.09438 0.09438 0.09438 0.09438
0.30400 0.09428 0.09428 0.09428 0.09428
0.30800 0.09446 0.09446 0.09446 0.09446
0.31200 0.09493 0.09493 0.09493 0.09493
0.31600 0.09573 0.09573 0.09573 0.09573
0.32000 0.09688 0.09688 0.09688 0.09688
0.32400 0.09841 0.09841 0.09841 0.09841
0.32800 0.10037 0.10037 0.10037 0.10037
0.33200 0.10282 0.10282 0.10282 0.10282
0.33600 0.10583 0.10583 0.10583 0.10583
0.34000 0.10949 0.10949 0.10949 0.10949
0.34400 0.11392 0.11392 0.11392 0.11392
0.34800 0.11925 0.11925 0.11925 0.11925
0.35200 0.12568 0.12568 0.12568 0.12568
0.35600 0.13344 0.13344 0.13344 0.13344
0.36000 0.14284 0.14284 0.14284 0.14284
0.36400 0.15423 0.15423 0.15423 0.15423
0.36800 0.16802 0.16802 0.16802 0.16802
0.37200 0.18454 0.18454 0.18454 0.18454
0.37600 0.20389 0.20389 0.20389 0.20389
0.38000 0.22550 0.22550 0.22550 0.22550
0.38400 0.24795 0.24795 0.24795 0.24795
0.38800 0.26939 0.26939 0.26939 0.26939
0.39200 0.28919 0.28919 0.28919 0.28919
0.39600 0.30918 0.30918 0.30918 0.30918
0.40000 0.33298 0.33298 0.33298 0.33298
0.40400 0.36448 0.36448 0.36448 0.36448
0.40800 0.40712 0.40712 0.40712 0.40712
0.41200 0.46427 0.46427 0.46427 0.46427
0.41600 0.53970 0.53970 0.53970 0.53970
0.42000 0.63773 0.63773 0.63773 0.63773
0.42400 0.76259 0.76259 0.76259 0.76259
0.42800 0.91621 0.91621 0.91621 0.91621
0.43200 1.09319 1.09319 1.09319 1.09319
0.43600 1.27294 1.27294 1.27294 1.27294
0.44000 1.41485 1.41485 1.41485 1.41485
0.44400 1.47047 1.47047 1.47047 1.47047
0.44800 1.41617 1.41617 1.41617 1.41617
0.45200 1.27392 1.27392 1.27392 1.27392
0.45600 1.09181 1.09181 1.09181 1.09181
0.46000 0.91100 0.91100 0.91100 0.91100
0.46400 0.75268 0.75268 0.75268 0.75268
0.46800 0.62250 0.62250 0.62250 0.62250
0.47200 0.51849 0.51849 0.51849 0.51849
0.47600 0.43621 0.43621 0.43621 0.43621
0.48000 0.37111 0.37111 0.37111 0.37111
0.48400 0.31933 0.31933 0.31933 0.31933
0.48800 0.27781 0.27781 0.27781 0.27781
0.49200 0.24423 0.24423 0.24423 0.24423
0.49600 0.21684 0.21684 0.21684 0.21684
0.50000 0.19430 0.19430 0.19430 0.19430
0.50400 0.17564 0.17564 0.17564 0.17564
0.50800 0.16010 0.16010 0.16010 0.16010
0.51200 0.14712 0.14712 0.14712 0.14712
0.51600 0.13626 0.13626 0.13626 0.13626
0.52000 0.12721 0.12721 0.12721 0.12721
0.52400 0.11974 0.11974 0.11974 0.11974
0.52800 0.11368 0.11368 0.11368 0.11368
0.53200 0.10891 0.10891 0.10891 0.10891
0.53600 0.10532 0.10532 0.10532 0.10532
0.54000 0.10275 0.10275 0.10275 0.10275
0.54400 0.10086 0.10086 0.10086 0.10086
0.54800 0.09909 0.09909 0.09909 0.09909
0.55200 0.09678 0.09678 0.09678 0.09678
0.55600 0.09352 0.09352 0.09352 0.09352
0.56000 0.08950 0.08950 0.08950 0.08950
0.56400 0.08527 0.08527 0.08527 0.08527
0.56800 0.08134 0.08134 0.08134 0.08134
0.57200 0.07800 0.07800 0.07800 0.07800
0.57600 0.07532 0.07532 0.07532 0.07532
0.58000 0.07326 0.07326 0.07326 0.07326
0.58400 0.07177 0.07177 0.07177 0.07177
0.58800 0.07081 0.07081 0.07081 0.07081
0.59200 0.07032 0.07032 0.07032 0.07032
0.59600 0.07029 0.07029 0.07029 0.07029
0.60000 0.07071 0.07071 0.07071 0.07071
0.60400 0.07159 0.07159 0.07159 0.07159
0.60800 0.07295 0.07295 0.07295 0.07295
0.61200 0.07484 0.07484 0.07484 0.07484
0.61600 0.07731 0.07731 0.07731 0.07731
0.62000 0.08044 0.08044 0.08044 0.08044
0.62400 0.08434 0.08434 0.08434 0.08434
0.62800 0.08916 0.08916 0.08916 0.08916
0.63200 0.09508 0.09508 0.09508 0.09508
0.63600 0.10234 0.10234 0.10234 0.10234
0.64000 0.11125 0.11125 0.11125 0.11125
0.64400 0.12223 0.12223 0.12223 0.12223
0.64800 0.13585 0.13585 0.13585 0.13585
0.65200 0.15282 0.15282 0.15282 0.15282
0.65600 0.17414 0.17414 0.17414 0.17414
0.66000 0.20107 0.20107 0.20107 0.20107
0.66400 0.23523 0.23523 0.23523 0.23523
0.66800 0.27851 0.27851 0.27851 0.27851
0.67200 0.33273 0.33273 0.33273 0.33273
0.67600 0.39866 0.39866 0.39866 0.39866
0.68000 0.47385 0.47385 0.47385 0.47385
0.68400 0.54946 0.54946 0.54946 0.54946
0.68800 0.60882 0.60882 0.60882 0.60882
0.69200 0.63315 0.63315 0.63315 0.63315
0.69600 0.61455 0.61455 0.61455 0.61455
0.70000 0.56218 0.56218 0.56218 0.56218
0.70400 0.49339 0.49339 0.49339 0.49339
0.70800 0.42233 0.42233 0.42233 0.42233
0.71200 0.35704 0.35704 0.35704 0.35704
0.71600 0.30104 0.30104 0.30104 0.30104
0.72000 0.25510 0.25510 0.25510 0.25510
0.72400 0.21840 0.21840 0.21840 0.21840
0.72800 0.18950 0.18950 0.18950 0.18950
0.73200 0.16692 0.16692 0.16692 0.16692
0.73600 0.14936 0.14936 0.14936 0.14936
0.74000 0.13581 0.13581 0.13581 0.13581
0.74400 0.12549 0.12549 0.12549 0.12549
0.74800 0.11786 0.11786 0.11786 0.11786
0.75200 0.11254 0.11254 0.11254 0.11254
0.75600 0.10928 0.10928 0.10928 0.10928
0.76000 0.10799 0.10799 0.10799 0.10799
0.76400 0.10864 0.10864 0.10864 0.10864
0.76800 0.11133 0.11133 0.11133 0.11133
0.77200 0.11628 0.11628 0.11628 0.11628
0.77600 0.12385 0.12385 0.12385 0.12385
0.78000 0.13460 0.13460 0.13460 0.13460
0.78400 0.14926 0.14926 0.14926 0.14926
0.78800 0.16874 0.16874 0.16874 0.16874
0.79200 0.19394 0.19394 0.19394 0.19394
0.79600 0.22543 0.22543 0.22543 0.22543
0.80000 0.26260 0.26260 0.26260 0.26260
0.80400 0.30208 0.30208 0.30208 0.30208
0.80800 0.33609 0.33609 0.33609 0.33609
0.81200 0.35376 0.35376 0.35376 0.35376
0.81600 0.34745 0.34745 0.34745 0.34745
0.82000 0.31923 0.31923 0.31923 0.31923
0.82400 0.27899 0.27899 0.27899 0.27899
0.82800 0.23697 0.23697 0.23697 0.23697
0.83200 0.19917 0.19917 0.19917 0.19917
0.83600 0.16765 0.16765 0.16765 0.16765
0.84000 0.14231 0.14231 0.14231 0.14231
0.84400 0.12222 0.12222 0.12222 0.12222
0.84800 0.10635 0.10635 0.10635 0.10635
0.85200 0.09378 0.09378 0.09378 0.09378
0.85600 0.08378 0.08378 0.08378 0.08378
0.86000 0.07579 0.07579 0.07579 0.07579
0.86400 0.06939 0.06939 0.06939 0.06939
0.86800 0.06427 0.06427 0.06427 0.06427
0.87200 0.06022 0.06022 0.06022 0.06022
0.87600 0.05707 0.05707 0.05707 0.05707
0.88000 0.05473 0.05473 0.05473 0.05473
0.88400 0.05313 0.05313 0.05313 0.05313
0.88800 0.05225 0.05225 0.05225 0.05225
0.89200 0.05206 0.05206 0.05206 0.05206
0.89600 0.05256 0.05256 0.05256 0.05256
0.90000 0.05365 0.05365 0.05365 0.05365
0.90400 0.05517 0.05517 0.05517 0.05517
0.90800 0.05688 0.05688 0.05688 0.05688
0.91200 0.05868 0.05868 0.05868 0.05868
0.91600 0.06075 0.06075 0.06075 0.06075
0.92000 0.06339 0.06339 0.06339 0.06339
0.92400 0.06671 0.06671 0.06671 0.06671
0.92800 0.07037 0.07037 0.07037 0.07037
0.93200 0.07356 0.07356 0.07356 0.07356
0.93600 0.07523 0.07523 0.07523 0.07523
0.94000 0.07477 0.07477 0.07477 0.07477
0.94400 0.07251 0.07251 0.07251 0.07251
0.94800 0.06957 0.06957 0.06957 0.06957
0.95200 0.06709 0.06709 0.06709 0.06709
0.95600 0.06586 0.06586 0.06586 0.06586
0.96000 0.06626 0.06626 0.06626 0.06626
0.96400 0.06853 0.06853 0.06853 0.06853
0.96800 0.07288 0.07288 0.07288 0.07288
0.97200 0.07960 0.07960 0.07960 0.07960
0.97600 0.08905 0.08905 0.08905 0.08905
0.98000 0.10155 0.10155 0.10155 0.10155
0.98400 0.11709 0.11709 0.11709 0.11709
0.98800 0.13467 0.13467 0.13467 0.13467
0.99200 0.15161 0.15161 0.15161 0.15161
0.99600 0.16338 0.16338 0.16338 0.16338
1.00000 0.16571 0.16571 0.16571 0.16571
1.00400 0.15788 0.15788 0.15788 0.15788
1.00800 0.14340 0.14340 0.14340 0.14340
1.01200 0.12715 0.12715 0.12715 0.12715
1.01600 0.11257 0.11257 0.11257 0.11257
1.02000 0.10104 0.10104 0.10104 0.10104
1.02400 0.09249 0.09249 0.09249 0.09249
1.02800 0.08591 0.08591 0.08591 0.08591
1.03200 0.07991 0.07991 0.07991 0.07991
1.03600 0.07344 0.07344 0.07344 0.07344
1.04000 0.06638 0.06638 0.06638 0.06638
1.04400 0.05929 0.05929 0.05929 0.05929
1.04800 0.05285 0.05285 0.05285 0.05285
1.05200 0.04740 0.04740 0.04740 0.04740
1.05600 0.04301 0.04301 0.04301 0.04301
1.06000 0.03958 0.03958 0.03958 0.03958
1.06400 0.03702 0.03702 0.03702 0.03702
1.06800 0.03520 0.03520 0.03520 0.03520
1.07200 0.03406 0.03406 0.03406 0.03406
1.07600 0.03356 0.03356 0.03356 0.03356
1.08000 0.03370 0.03370 0.03370 0.03370
1.08400 0.03449 0.03449 0.03449 0.03449
1.08800 0.03590 0.03590 0.03590 0.03590
1.09200 0.03782 0.03782 0.03782 0.03782
1.09600 0.03999 0.03999 0.03999 0.03999
1.10000 0.04204 0.04204 0.04204 0.04204
1.10400 0.04375 0.04375 0.04375 0.04375
1.10800 0.04519 0.04519 0.04519 0.04519
1.11200 0.04652 0.04652 0.04652 0.04652
1.11600 0.04756 0.04756 0.04756 0.04756
1.12000 0.04767 0.04767 0.04767 0.04767
1.12400 0.04625 0.04625 0.04625 0.04625
1.12800 0.04337 0.04337 0.04337 0.04337
1.13200 0.03974 0.03974 0.03974 0.03974
1.13600 0.03618 0.03618 0.03618 0.03618
1.14000 0.03322 0.03322 0.03322 0.03322
1.14400 0.03102 0.03102 0.03102 0.03102
1.14800 0.02954 0.02954 0.02954 0.02954
1.15200 0.02855 0.02855 0.02855 0.02855
1.15600 0.02770 0.02770 0.02770 0.02770
1.16000 0.02661 0.02661 0.02661 0.02661
1.16400 0.02509 0.02509 0.02509 0.02509
1.16800 0.02326 0.02326 0.02326 0.02326
1.17200 0.02139 0.02139 0.02139 0.02139
1.17600 0.01966 0.01966 0.01966 0.01966
1.18000 0.01819 0.01819 0.01819 0.01819
1.18400 0.01698 0.01698 0.01698 0.01698
1.18800 0.01601 0.01601 0.01601 0.01601
1.19200 0.01523 0.01523 0.01523 0.01523
1.19600 0.01462 0.01462 0.01462 0.01462
1.20000 0.01415 0.01415 0.01415 0.01415
1.20400 0.01381 0.01381 0.01381 0.01381
1.20800 0.01358 0.01358 0.01358 0.01358
1.21200 0.01347 0.01347 0.01347 0.01347
1.21600 0.01346 0.01346 0.01346 0.01346
1.22000 0.01358 0.01358 0.01358 0.01358
1.22400 0.01381 0.01381 0.01381 0.01381
1.22800 0.01416 0.01416 0.01416 0.01416
1.23200 0.01457 0.01457 0.01457 0.01457
1.23600 0.01496 0.01496 0.01496 0.01496
1.24000 0.01523 0.01523 0.01523 0.01523
1.24400 0.01533 0.01533 0.01533 0.01533
1.24800 0.01530 0.01530 0.01530 0.01530
1.25200 0.01529 0.01529 0.01529 0.01529
1.25600 0.01539 0.01539 0.01539 0.01539
1.26000 0.01571 0.01571 0.01571 0.01571
1.26400 0.01629 0.01629 0.01629 0.01629
1.26800 0.01718 0.01718 0.01718 0.01718
1.27200 0.01844 0.01844 0.01844 0.01844
1.27600 0.02012 0.02012 0.02012 0.02012
1.28000 0.02224 0.02224 0.02224 0.02224
1.28400 0.02473 0.02473 0.02473 0.02473
1.28800 0.02734 0.02734 0.02734 0.02734
1.29200 0.02963 0.02963 0.02963 0.02963
1.29600 0.03112 0.03112 0.03112 0.03112
1.30000 0.03173 0.03173 0.03173 0.03173
1.30400 0.03189 0.03189 0.03189 0.03189
1.30800 0.03221 0.03221 0.03221 0.03221
1.31200 0.03315 0.03315 0.03315 0.03315
1.31600 0.03480 0.03480 0.03480 0.03480
1.32000 0.03679 0.03679 0.03679 0.03679
1.32400 0.03833 0.03833 0.03833 0.03833
1.32800 0.03846 0.03846 0.03846 0.03846
1.33200 0.03674 0.03674 0.03674 0.03674
1.33600 0.03357 0.03357 0.03357 0.03357
1.34000 0.02985 0.02985 0.02985 0.02985
1.34400 0.02630 0.02630 0.02630 0.02630
1.34800 0.02331 0.02331 0.02331 0.02331
1.35200 0.02097 0.02097 0.02097 0.02097
1.35600 0.01925 0.01925 0.01925 0.01925
1.36000 0.01808 0.01808 0.01808 0.01808
1.36400 0.01737 0.01737 0.01737 0.01737
1.36800 0.01705 0.01705 0.01705 0.01705
1.37200 0.01699 0.01699 0.01699 0.01699
1.37600 0.01699 0.01699 0.01699 0.01699
1.38000 0.01681 0.01681 0.01681 0.01681
1.38400 0.01628 0.01628 0.01628 0.01628
1.38800 0.01544 0.01544 0.01544 0.01544
1.39200 0.01446 0.01446 0.01446 0.01446
1.39600 0.01353 0.01353 0.01353 0.01353
1.40000 0.01275 0.01275 0.01275 0.01275
1.40400 0.01217 0.01217 0.01217 0.01217
1.40800 0.01178 0.01178 0.01178 0.01178
1.41200 0.01158 0.01158 0.01158 0.01158
1.41600 0.01156 0.01156 0.01156 0.01156
1.42000 0.01172 0.01172 0.01172 0.01172
1.42400 0.01208 0.01208 0.01208 0.01208
1.42800 0.01267 0.01267 0.01267 0.01267
1.43200 0.01351 0.01351 0.01351 0.01351
1.43600 0.01468 0.01468 0.01468 0.01468
1.44000 0.01622 0.01622 0.01622 0.01622
1.44400 0.01815 0.01815 0.01815 0.01815
1.44800 0.02042 0.02042 0.02042 0.02042
1.45200 0.02278 0.02278 0.02278 0.02278
1.45600 0.02470 0.02470 0.02470 0.02470
1.46000 0.02559 0.02559 0.02559 0.02559
1.46400 0.02517 0.02517 0.02517 0.02517
1.46800 0.02372 0.02372 0.02372 0.02372
1.47200 0.02188 0.02188 0.02188 0.02188
1.47600 0.02019 0.02019 0.02019 0.02019
1.48000 0.01894 0.01894 0.01894 0.01894
1.48400 0.01817 0.01817 0.01817 0.01817
1.48800 0.01775 0.01775 0.01775 0.01775
1.49200 0.01740 0.01740 0.01740 0.01740
1.49600 0.01681 0.01681 0.01681 0.01681
1.50000 0.01583 0.01583 0.01583 0.01583
1.50400 0.01453 0.01453 0.01453 0.01453
1.50800 0.01313 0.01313 0.01313 0.01313
1.51200 0.01183 0.01183 0.01183 0.01183
1.51600 0.01072 0.01072 0.01072 0.01072
1.52000 0.00981 0.00981 0.00981 0.00981
1.52400 0.00908 0.00908 0.00908 0.00908
1.52800 0.00850 0.00850 0.00850 0.00850
1.53200 0.00805 0.00805 0.00805 0.00805
1.53600 0.00769 0.00769 0.00769 0.00769
1.54000 0.00742 0.00742 0.00742 0.00742
1.54400 0.00722 0.00722 0.00722 0.00722
1.54800 0.00709 0.00709 0.00709 0.00709
1.55200 0.00701 0.00701 0.00701 0.00701
1.55600 0.00698 0.00698 0.00698 0.00698
1.56000 0.00702 0.00702 0.00702 0.00702
1.56400 0.00712 0.00712 0.00712 0.00712
1.56800 0.00729 0.00729 0.00729 0.00729
1.57200 0.00754 0.00754 0.00754 0.00754
1.57600 0.00789 0.00789 0.00789 0.00789
1.58000 0.00836 0.00836 0.00836 0.00836
1.58400 0.00895 0.00895 0.00895 0.00895
1.58800 0.00967 0.00967 0.00967 0.00967
1.59200 0.01045 0.01045 0.01045 0.01045
1.59600 0.01122 0.01122 0.01122 0.01122
1.60000 0.01189 0.01189 0.01189 0.01189
1.60400 0.01245 0.01245 0.01245 0.01245
1.60800 0.01301 0.01301 0.01301 0.01301
1.61200 0.01377 0.01377 0.01377 0.01377
1.61600 0.01483 0.01483 0.01483 0.01483
1.62000 0.01621 0.01621 0.01621 0.01621
1.62400 0.01776 0.01776 0.01776 0.01776
1.62800 0.01909 0.01909 0.01909 0.01909
1.63200 0.01969 0.01969 0.01969 0.01969
1.63600 0.01922 0.01922 0.01922 0.01922
1.64000 0.01782 0.01782 0.01782 0.01782
1.64400 0.01594 0.01594 0.01594 0.01594
1.64800 0.01404 0.01404 0.01404 0.01404
1.65200 0.01237 0.01237 0.01237 0.01237
1.65600 0.01102 0.01102 0.01102 0.01102
1.66000 0.00999 0.00999 0.00999 0.00999
1.66400 0.00924 0.00924 0.00924 0.00924
1.66800 0.00872 0.00872 0.00872 0.00872
1.67200 0.00842 0.00842 0.00842 0.00842
1.67600 0.00831 0.00831 0.00831 0.00831
1.68000 0.00837 0.00837 0.00837 0.00837
1.68400 0.00855 0.00855 0.00855 0.00855
1.68800 0.00878 0.00878 0.00878 0.00878
1.69200 0.00894 0.00894 0.00894 0.00894
1.69600 0.00888 0.00888 0.00888 0.00888
1.70000 0.00856 0.00856 0.00856 0.00856
1.70400 0.00805 0.00805 0.00805 0.00805
1.70800 0.00749 0.00749 0.00749 0.00749
1.71200 0.00698 0.00698 0.00698 0.00698
1.71600 0.00658 0.00658 0.00658 0.00658
1.72000 0.00628 0.00628 0.00628 0.00628
1.72400 0.00610 0.00610 0.00610 0.00610
1.72800 0.00603 0.00603 0.00603 0.00603
1.73200 0.00606 0.00606 0.00606 0.00606
1.73600 0.00621 0.00621 0.00621 0.00621
1.74000 0.00648 0.00648 0.00648 0.00648
1.74400 0.00685 0.00685 0.00685 0.00685
1.74800 0.00728 0.00728 0.00728 0.00728
1.75200 0.00769 0.00769 0.00769 0.00769
1.75600 0.00792 0.00792 0.00792 0.00792
1.76000 0.00786 0.00786 0.00786 0.00786
1.76400 0.00750 0.00750 0.00750 0.00750
1.76800 0.00696 0.00696 0.00696 0.00696
1.77200 0.00638 0.00638 0.00638 0.00638
1.77600 0.00585 0.00585 0.00585 0.00585
1.78000 0.00541 0.00541 0.00541 0.00541
1.78400 0.00508 0.00508 0.00508 0.00508
1.78800 0.00483 0.00483 0.00483 0.00483
1.79200 0.00466 0.00466 0.00466 0.00466
1.79600 0.00456 0.00456 0.00456 0.00456
1.80000 0.00453 0.00453 0.00453 0.00453
1.80400 0.00455 0.00455 0.00455 0.00455
1.80800 0.00464 0.00464 0.00464 0.00464
1.81200 0.00475 0.00475 0.00475 0.00475
1.81600 0.00487 0.00487 0.00487 0.00487
1.82000 0.00492 0.00492 0.00492 0.00492
1.82400 0.00485 0.00485 0.00485 0.00485
1.82800 0.00468 0.00468 0.00468 0.00468
1.83200 0.00444 0.00444 0.00444 0.00444
1.83600 0.00420 0.00420 0.00420 0.00420
1.84000 0.00398 0.00398 0.00398 0.00398
1.84400 0.00379 0.00379 0.00379 0.00379
1.84800 0.00366 0.00366 0.00366 0.00366
1.85200 0.00356 0.00356 0.00356 0.00356
1.85600 0.00349 0.00349 0.00349 0.00349
1.86000 0.00346 0.00346 0.00346 0.00346
1.86400 0.00347 0.00347 0.00347 0.00347
1.86800 0.00351 0.00351 0.00351 0.00351
1.87200 0.00358 0.00358 0.00358 0.00358
1.87600 0.00369 0.00369 0.00369 0.00369
1.88000 0.00382 0.00382 0.00382 0.00382
1.88400 0.00396 0.00396 0.00396 0.00396
1.88800 0.00405 0.00405 0.00405 0.00405
1.89200 0.00405 0.00405 0.00405 0.00405
1.89600 0.00395 0.00395 0.00395 0.00395
1.90000 0.00379 0.00379 0.00379 0.00379
1.90400 0.00360 0.00360 0.00360 0.00360
1.90800 0.00343 0.00343 0.00343 0.00343
1.91200 0.00329 0.00329 0.00329 0.00329
1.91600 0.00318 0.00318 0.00318 0.00318
1.92000 0.00311 0.00311 0.00311 0.00311
1.92400 0.00306 0.00306 0.00306 0.00306
1.92800 0.00305 0.00305 0.00305 0.00305
1.93200 0.00307 0.00307 0.00307 0.00307
1.93600 0.00312 0.00312 0.00312 0.00312
1.94000 0.00320 0.00320 0.00320 0.00320
1.94400 0.00331 0.00331 0.00331 0.00331
1.94800 0.00344 0.00344 0.00344 0.00344
1.95200 0.00355 0.00355 0.00355 0.00355
1.95600 0.00360 0.00360 0.00360 0.00360
1.96000 0.00357 0.00357 0.00357 0.00357
1.96400 0.00346 0.00346 0.00346 0.00346
1.96800 0.00331 0.00331 0.00331 0.00331
1.97200 0.00316 0.00316 0.00316 0.00316
1.97600 0.00302 0.00302 0.00302 0.00302
1.98000 0.00292 0.00292 0.00292 0.00292
1.98400 0.00285 0.00285 0.00285 0.00285
1.98800 0.00281 0.00281 0.00281 0.00281
1.99200 0.00280 0.00280 0.00280 0.00280
1.99600 0.00282 0.00282 0.00282 0.00282
2.00000 0.00287 0.00287 0.00287 0.00287
