-2.00000 0.00323 0.00323 0.00323 0.00323
-1.99600 0.00310 0.00310 0.00310 0.00310
-1.99200 0.00297 0.00297 0.00297 0.00297
-1.98800 0.00286 0.00286 0.00286 0.00286
-1.98400 0.00278 0.00278 0.00278 0.00278
-1.98000 0.00273 0.00273 0.00273 0.00273
-1.97600 0.00270 0.00270 0.00270 0.00270
-1.97200 0.00270 0.00270 0.00270 0.00270
-1.96800 0.00272 0.00272 0.00272 0.00272
-1.96400 0.00276 0.00276 0.00276 0.00276
-1.96000 0.00282 0.00282 0.00282 0.00282
-1.95600 0.00291 0.00291 0.00291 0.00291
-1.95200 0.00303 0.00303 0.00303 0.00303
-1.94800 0.00318 0.00318 0.00318 0.00318
-1.94400 0.00336 0.00336 0.00336 0.00336
-1.94000 0.00356 0.00356 0.00356 0.00356
-1.93600 0.00373 0.00373 0.00373 0.00373
-1.93200 0.00384 0.00384 0.00384 0.00384
-1.92800 0.00384 0.00384 0.00384 0.00384
-1.92400 0.00375 0.00375 0.00375 0.00375
-1.92000 0.00360 0.00360 0.00360 0.00360
-1.91600 0.00345 0.00345 0.00345 0.00345
-1.91200 0.00332 0.00332 0.00332 0.00332
-1.90800 0.00322 0.00322 0.00322 0.00322
-1.90400 0.00316 0.00316 0.00316 0.00316
-1.90000 0.00312 0.00312 0.00312 0.00312
-1.89600 0.00312 0.00312 0.00312 0.00312
-1.89200 0.00314 0.00314 0.00314 0.00314
-1.88800 0.00318 0.00318 0.00318 0.00318
-1.88400 0.00326 0.00326 0.00326 0.00326
-1.88000 0.00336 0.00336 0.00336 0.00336
-1.87600 0.00350 0.00350 0.00350 0.00350
-1.87200 0.00368 0.00368 0.00368 0.00368
-1.86800 0.00390 0.00390 0.00390 0.00390
-1.86400 0.00416 0.00416 0.00416 0.00416
-1.86000 0.00443 0.00443 0.00443 0.00443
-1.85600 0.00465 0.00465 0.00465 0.00465
-1.85200 0.00477 0.00477 0.00477 0.00477
-1.84800 0.00474 0.00474 0.00474 0.00474
-1.84400 0.00460 0.00460 0.00460 0.00460
-1.84000 0.00442 0.00442 0.00442 0.00442
-1.83600 0.00424 0.00424 0.00424 0.00424
-1.83200 0.00411 0.00411 0.00411 0.00411
-1.82800 0.00402 0.00402 0.00402 0.00402
-1.82400 0.00399 0.00399 0.00399 0.00399
-1.82000 0.00400 0.00400 0.00400 0.00400
-1.81600 0.00406 0.00406 0.00406 0.00406
-1.81200 0.00417 0.00417 0.00417 0.00417
-1.80800 0.00434 0.00434 0.00434 0.00434
-1.80400 0.00457 0.00457 0.00457 0.00457
-1.80000 0.00487 0.00487 0.00487 0.00487
-1.79600 0.00525 0.00525 0.00525 0.00525
-1.79200 0.00571 0.00571 0.00571 0.00571
-1.78800 0.00621 0.00621 0.00621 0.00621
-1.78400 0.00668 0.00668 0.00668 0.00668
-1.78000 0.00700 0.00700 0.00700 0.00700
-1.77600 0.00706 0.00706 0.00706 0.00706
-1.77200 0.00686 0.00686 0.00686 0.00686
-1.76800 0.00651 0.00651 0.00651 0.00651
-1.76400 0.00614 0.00614 0.00614 0.00614
-1.76000 0.00582 0.00582 0.00582 0.00582
-1.75600 0.00560 0.00560 0.00560 0.00560
-1.75200 0.00547 0.00547 0.00547 0.00547
-1.74800 0.00543 0.00543 0.00543 0.00543
-1.74400 0.00549 0.00549 0.00549 0.00549
-1.74000 0.00565 0.00565 0.00565 0.00565
-1.73600 0.00591 0.00591 0.00591 0.00591
-1.73200 0.00628 0.00628 0.00628 0.00628
-1.72800 0.00679 0.00679 0.00679 0.00679
-1.72400 0.00743 0.00743 0.00743 0.00743
-1.72000 0.00819 0.00819 0.00819 0.00819
-1.71600 0.00900 0.00900 0.00900 0.00900
-1.71200 0.00968 0.00968 0.00968 0.00968
-1.70800 0.01002 0.01002 0.01002 0.01002
-1.70400 0.00991 0.00991 0.00991 0.00991
-1.70000 0.00941 0.00941 0.00941 0.00941
-1.69600 0.00871 0.00871 0.00871 0.00871
-1.69200 0.00802 0.00802 0.00802 0.00802
-1.68800 0.00743 0.00743 0.00743 0.00743
-1.68400 0.00699 0.00699 0.00699 0.00699
-1.68000 0.00668 0.00668 0.00668 0.00668
-1.67600 0.00651 0.00651 0.00651 0.00651
-1.67200 0.00645 0.00645 0.00645 0.00645
-1.66800 0.00650 0.00650 0.00650 0.00650
-1.66400 0.00666 0.00666 0.00666 0.00666
-1.66000 0.00693 0.00693 0.00693 0.00693
-1.65600 0.00734 0.00734 0.00734 0.00734
-1.65200 0.00790 0.00790 0.00790 0.00790
-1.64800 0.00859 0.00859 0.00859 0.00859
-1.64400 0.00939 0.00939 0.00939 0.00939
-1.64000 0.01019 0.01019 0.01019 0.01019
-1.63600 0.01079 0.01079 0.01079 0.01079
-1.63200 0.01100 0.01100 0.01100 0.01100
-1.62800 0.01075 0.01075 0.01075 0.01075
-1.62400 0.01020 0.01020 0.01020 0.01020
-1.62000 0.00954 0.00954 0.00954 0.00954
-1.61600 0.00895 0.00895 0.00895 0.00895
-1.61200 0.00851 0.00851 0.00851 0.00851
-1.60800 0.00823 0.00823 0.00823 0.00823
-1.60400 0.00811 0.00811 0.00811 0.00811
-1.60000 0.00815 0.00815 0.00815 0.00815
-1.59600 0.00835 0.00835 0.00835 0.00835
-1.59200 0.00871 0.00871 0.00871 0.00871
-1.58800 0.00926 0.00926 0.00926 0.00926
-1.58400 0.01003 0.01003 0.01003 0.01003
-1.58000 0.01103 0.01103 0.01103 0.01103
-1.57600 0.01227 0.01227 0.01227 0.01227
-1.57200 0.01369 0.01369 0.01369 0.01369
-1.56800 0.01511 0.01511 0.01511 0.01511
-1.56400 0.01618 0.01618 0.01618 0.01618
-1.56000 0.01655 0.01655 0.01655 0.01655
-1.55600 0.01612 0.01612 0.01612 0.01612
-1.55200 0.01511 0.01511 0.01511 0.01511
-1.54800 0.01391 0.01391 0.01391 0.01391
-1.54400 0.01280 0.01280 0.01280 0.01280
-1.54000 0.01195 0.01195 0.01195 0.01195
-1.53600 0.01138 0.01138 0.01138 0.01138
-1.53200 0.01109 0.01109 0.01109 0.01109
-1.52800 0.01108 0.01108 0.01108 0.01108
-1.52400 0.01133 0.01133 0.01133 0.01133
-1.52000 0.01187 0.01187 0.01187 0.01187
-1.51600 0.01271 0.01271 0.01271 0.01271
-1.51200 0.01384 0.01384 0.01384 0.01384
-1.50800 0.01522 0.01522 0.01522 0.01522
-1.50400 0.01667 0.01667 0.01667 0.01667
-1.50000 0.01784 0.01784 0.01784 0.01784
-1.49600 0.01835 0.01835 0.01835 0.01835
-1.49200 0.01798 0.01798 0.01798 0.01798
-1.48800 0.01692 0.01692 0.01692 0.01692
-1.48400 0.01557 0.01557 0.01557 0.01557
-1.48000 0.01427 0.01427 0.01427 0.01427
-1.47600 0.01320 0.01320 0.01320 0.01320
-1.47200 0.01243 0.01243 0.01243 0.01243
-1.46800 0.01194 0.01194 0.01194 0.01194
-1.46400 0.01172 0.01172 0.01172 0.01172
-1.46000 0.01176 0.01176 0.01176 0.01176
-1.45600 0.01205 0.01205 0.01205 0.01205
-1.45200 0.01260 0.01260 0.01260 0.01260
-1.44800 0.01346 0.01346 0.01346 0.01346
-1.44400 0.01462 0.01462 0.01462 0.01462
-1.44000 0.01610 0.01610 0.01610 0.01610
-1.43600 0.01778 0.01778 0.01778 0.01778
-1.43200 0.01940 0.01940 0.01940 0.01940
-1.42800 0.02054 0.02054 0.02054 0.02054
-1.42400 0.02080 0.02080 0.02080 0.02080
-1.42000 0.02010 0.02010 0.02010 0.02010
-1.41600 0.01879 0.01879 0.01879 0.01879
-1.41200 0.01733 0.01733 0.01733 0.01733
-1.40800 0.01603 0.01603 0.01603 0.01603
-1.40400 0.01505 0.01505 0.01505 0.01505
-1.40000 0.01443 0.01443 0.01443 0.01443
-1.39600 0.01415 0.01415 0.01415 0.01415
-1.39200 0.01420 0.01420 0.01420 0.01420
-1.38800 0.01458 0.01458 0.01458 0.01458
-1.38400 0.01531 0.01531 0.01531 0.01531
-1.38000 0.01641 0.01641 0.01641 0.01641
-1.37600 0.01786 0.01786 0.01786 0.01786
-1.37200 0.01959 0.01959 0.01959 0.01959
-1.36800 0.02136 0.02136 0.02136 0.02136
-1.36400 0.02273 0.02273 0.02273 0.02273
-1.36000 0.02325 0.02325 0.02325 0.02325
-1.35600 0.02277 0.02277 0.02277 0.02277
-1.35200 0.02159 0.02159 0.02159 0.02159
-1.34800 0.02018 0.02018 0.02018 0.02018
-1.34400 0.01894 0.01894 0.01894 0.01894
-1.34000 0.01806 0.01806 0.01806 0.01806
-1.33600 0.01760 0.01760 0.01760 0.01760
-1.33200 0.01759 0.01759 0.01759 0.01759
-1.32800 0.01804 0.01804 0.01804 0.01804
-1.32400 0.01896 0.01896 0.01896 0.01896
-1.32000 0.02038 0.02038 0.02038 0.02038
-1.31600 0.02234 0.02234 0.02234 0.02234
-1.31200 0.02479 0.02479 0.02479 0.02479
-1.30800 0.02750 0.02750 0.02750 0.02750
-1.30400 0.02996 0.02996 0.02996 0.02996
-1.30000 0.03146 0.03146 0.03146 0.03146
-1.29600 0.03145 0.03145 0.03145 0.03145
-1.29200 0.03002 0.03002 0.03002 0.03002
-1.28800 0.02783 0.02783 0.02783 0.02783
-1.28400 0.02559 0.02559 0.02559 0.02559
-1.28000 0.02375 0.02375 0.02375 0.02375
-1.27600 0.02248 0.02248 0.02248 0.02248
-1.27200 0.02184 0.02184 0.02184 0.02184
-1.26800 0.02182 0.02182 0.02182 0.02182
-1.26400 0.02241 0.02241 0.02241 0.02241
-1.26000 0.02363 0.02363 0.02363 0.02363
-1.25600 0.02540 0.02540 0.02540 0.02540
-1.25200 0.02757 0.02757 0.02757 0.02757
-1.24800 0.02972 0.02972 0.02972 0.02972
-1.24400 0.03117 0.03117 0.03117 0.03117
-1.24000 0.03132 0.03132 0.03132 0.03132
-1.23600 0.03005 0.03005 0.03005 0.03005
-1.23200 0.02785 0.02785 0.02785 0.02785
-1.22800 0.02540 0.02540 0.02540 0.02540
-1.22400 0.02319 0.02319 0.02319 0.02319
-1.22000 0.02142 0.02142 0.02142 0.02142
-1.21600 0.02013 0.02013 0.02013 0.02013
-1.21200 0.01929 0.01929 0.01929 0.01929
-1.20800 0.01886 0.01886 0.01886 0.01886
-1.20400 0.01882 0.01882 0.01882 0.01882
-1.20000 0.01914 0.01914 0.01914 0.01914
-1.19600 0.01985 0.01985 0.01985 0.01985
-1.19200 0.02096 0.02096 0.02096 0.02096
-1.18800 0.02246 0.02246 0.02246 0.02246
-1.18400 0.02426 0.02426 0.02426 0.02426
-1.18000 0.02611 0.02611 0.02611 0.02611
-1.17600 0.02758 0.02758 0.02758 0.02758
-1.17200 0.02817 0.02817 0.02817 0.02817
-1.16800 0.02772 0.02772 0.02772 0.02772
-1.16400 0.02652 0.02652 0.02652 0.02652
-1.16000 0.02509 0.02509 0.02509 0.02509
-1.15600 0.02382 0.02382 0.02382 0.02382
-1.15200 0.02293 0.02293 0.02293 0.02293
-1.14800 0.02247 0.02247 0.02247 0.02247
-1.14400 0.02246 0.02246 0.02246 0.02246
-1.14000 0.02290 0.02290 0.02290 0.02290
-1.13600 0.02380 0.02380 0.02380 0.02380
-1.13200 0.02522 0.02522 0.02522 0.02522
-1.12800 0.02720 0.02720 0.02720 0.02720
-1.12400 0.02982 0.02982 0.02982 0.02982
-1.12000 0.03307 0.03307 0.03307 0.03307
-1.11600 0.03681 0.03681 0.03681 0.03681
-1.11200 0.04053 0.04053 0.04053 0.04053
-1.10800 0.04339 0.04339 0.04339 0.04339
-1.10400 0.04451 0.04451 0.04451 0.04451
-1.10000 0.04362 0.04362 0.04362 0.04362
-1.09600 0.04136 0.04136 0.04136 0.04136
-1.09200 0.03867 0.03867 0.03867 0.03867
-1.08800 0.03632 0.03632 0.03632 0.03632
-1.08400 0.03466 0.03466 0.03466 0.03466
-1.08000 0.03381 0.03381 0.03381 0.03381
-1.07600 0.03379 0.03379 0.03379 0.03379
-1.07200 0.03460 0.03460 0.03460 0.03460
-1.06800 0.03627 0.03627 0.03627 0.03627
-1.06400 0.03887 0.03887 0.03887 0.03887
-1.06000 0.04248 0.04248 0.04248 0.04248
-1.05600 0.04715 0.04715 0.04715 0.04715
-1.05200 0.05270 0.05270 0.05270 0.05270
-1.04800 0.05855 0.05855 0.05855 0.05855
-1.04400 0.06353 0.06353 0.06353 0.06353
-1.04000 0.06624 0.06624 0.06624 0.06624
-1.03600 0.06601 0.06601 0.06601 0.06601
-1.03200 0.06352 0.06352 0.06352 0.06352
-1.02800 0.06024 0.06024 0.06024 0.06024
-1.02400 0.05749 0.05749 0.05749 0.05749
-1.02000 0.05602 0.05602 0.05602 0.05602
-1.01600 0.05615 0.05615 0.05615 0.05615
-1.01200 0.05795 0.05795 0.05795 0.05795
-1.00800 0.06134 0.06134 0.06134 0.06134
-1.00400 0.06593 0.06593 0.06593 0.06593
-1.00000 0.07085 0.07085 0.07085 0.07085
-0.99600 0.07469 0.07469 0.07469 0.07469
-0.99200 0.07604 0.07604 0.07604 0.07604
-0.98800 0.07454 0.07454 0.07454 0.07454
-0.98400 0.07119 0.07119 0.07119 0.07119
-0.98000 0.06752 0.06752 0.06752 0.06752
-0.97600 0.06468 0.06468 0.06468 0.06468
-0.97200 0.06329 0.06329 0.06329 0.06329
-0.96800 0.06359 0.06359 0.06359 0.06359
-0.96400 0.06569 0.06569 0.06569 0.06569
-0.96000 0.06970 0.06970 0.06970 0.06970
-0.95600 0.07575 0.07575 0.07575 0.07575
-0.95200 0.08387 0.08387 0.08387 0.08387
-0.94800 0.09378 0.09378 0.09378 0.09378
-0.94400 0.10449 0.10449 0.10449 0.10449
-0.94000 0.11402 0.11402 0.11402 0.11402
-0.93600 0.12006 0.12006 0.12006 0.12006
-0.93200 0.12156 0.12156 0.12156 0.12156
-0.92800 0.11980 0.11980 0.11980 0.11980
-0.92400 0.11749 0.11749 0.11749 0.11749
-0.92000 0.11708 0.11708 0.11708 0.11708
-0.91600 0.12011 0.12011 0.12011 0.12011
-0.91200 0.12732 0.12732 0.12732 0.12732
-0.90800 0.13879 0.13879 0.13879 0.13879
-0.90400 0.15372 0.15372 0.15372 0.15372
-0.90000 0.16968 0.16968 0.16968 0.16968
-0.89600 0.18230 0.18230 0.18230 0.18230
-0.89200 0.18665 0.18665 0.18665 0.18665
-0.88800 0.18059 0.18059 0.18059 0.18059
-0.88400 0.16662 0.16662 0.16662 0.16662
-0.88000 0.14965 0.14965 0.14965 0.14965
-0.87600 0.13376 0.13376 0.13376 0.13376
-0.87200 0.12107 0.12107 0.12107 0.12107
-0.86800 0.11221 0.11221 0.11221 0.11221
-0.86400 0.10720 0.10720 0.10720 0.10720
-0.86000 0.10581 0.10581 0.10581 0.10581
-0.85600 0.10782 0.10782 0.10782 0.10782
-0.85200 0.11283 0.11283 0.11283 0.11283
-0.84800 0.11996 0.11996 0.11996 0.11996
-0.84400 0.12741 0.12741 0.12741 0.12741
-0.84000 0.13256 0.13256 0.13256 0.13256
-0.83600 0.13320 0.13320 0.13320 0.13320
-0.83200 0.12930 0.12930 0.12930 0.12930
-0.82800 0.12301 0.12301 0.12301 0.12301
-0.82400 0.11703 0.11703 0.11703 0.11703
-0.82000 0.11307 0.11307 0.11307 0.11307
-0.81600 0.11167 0.11167 0.11167 0.11167
-0.81200 0.11221 0.11221 0.11221 0.11221
-0.80800 0.11316 0.11316 0.11316 0.11316
-0.80400 0.11252 0.11252 0.11252 0.11252
-0.80000 0.10904 0.10904 0.10904 0.10904
-0.79600 0.10311 0.10311 0.10311 0.10311
-0.79200 0.09626 0.09626 0.09626 0.09626
-0.78800 0.08996 0.08996 0.08996 0.08996
-0.78400 0.08501 0.08501 0.08501 0.08501
-0.78000 0.08167 0.08167 0.08167 0.08167
-0.77600 0.07991 0.07991 0.07991 0.07991
-0.77200 0.07962 0.07962 0.07962 0.07962
-0.76800 0.08072 0.08072 0.08072 0.08072
-0.76400 0.08320 0.08320 0.08320 0.08320
-0.76000 0.08710 0.08710 0.08710 0.08710
-0.75600 0.09256 0.09256 0.09256 0.09256
-0.75200 0.09979 0.09979 0.09979 0.09979
-0.74800 0.10901 0.10901 0.10901 0.10901
-0.74400 0.12043 0.12043 0.12043 0.12043
-0.74000 0.13400 0.13400 0.13400 0.13400
-0.73600 0.14925 0.14925 0.14925 0.14925
-0.73200 0.16530 0.16530 0.16530 0.16530
-0.72800 0.18151 0.18151 0.18151 0.18151
-0.72400 0.19845 0.19845 0.19845 0.19845
-0.72000 0.21795 0.21795 0.21795 0.21795
-0.71600 0.24185 0.24185 0.24185 0.24185
-0.71200 0.27071 0.27071 0.27071 0.27071
-0.70800 0.30317 0.30317 0.30317 0.30317
-0.70400 0.33672 0.33672 0.33672 0.33672
-0.70000 0.37001 0.37001 0.37001 0.37001
-0.69600 0.40438 0.40438 0.40438 0.40438
-0.69200 0.44145 0.44145 0.44145 0.44145
-0.68800 0.47831 0.47831 0.47831 0.47831
-0.68400 0.50534 0.50534 0.50534 0.50534
-0.68000 0.51078 0.51078 0.51078 0.51078
-0.67600 0.49055 0.49055 0.49055 0.49055
-0.67200 0.45254 0.45254 0.45254 0.45254
-0.66800 0.41017 0.41017 0.41017 0.41017
-0.66400 0.37406 0.37406 0.37406 0.37406
-0.66000 0.34950 0.34950 0.34950 0.34950
-0.65600 0.33780 0.33780 0.33780 0.33780
-0.65200 0.33755 0.33755 0.33755 0.33755
-0.64800 0.34468 0.34468 0.34468 0.34468
-0.64400 0.35193 0.35193 0.35193 0.35193
-0.64000 0.35032 0.35032 0.35032 0.35032
-0.63600 0.33397 0.33397 0.33397 0.33397
-0.63200 0.30445 0.30445 0.30445 0.30445
-0.62800 0.26868 0.26868 0.26868 0.26868
-0.62400 0.23350 0.23350 0.23350 0.23350
-0.62000 0.20267 0.20267 0.20267 0.20267
-0.61600 0.17730 0.17730 0.17730 0.17730
-0.61200 0.15707 0.15707 0.15707 0.15707
-0.60800 0.14118 0.14118 0.14118 0.14118
-0.60400 0.12881 0.12881 0.12881 0.12881
-0.60000 0.11924 0.11924 0.11924 0.11924
-0.59600 0.11191 0.11191 0.11191 0.11191
-0.59200 0.10640 0.10640 0.10640 0.10640
-0.58800 0.10240 0.10240 0.10240 0.10240
-0.58400 0.09966 0.09966 0.09966 0.09966
-0.58000 0.09801 0.09801 0.09801 0.09801
-0.57600 0.09730 0.09730 0.09730 0.09730
-0.57200 0.09741 0.09741 0.09741 0.09741
-0.56800 0.09826 0.09826 0.09826 0.09826
-0.56400 0.09984 0.09984 0.09984 0.09984
-0.56000 0.10222 0.10222 0.10222 0.10222
-0.55600 0.10552 0.10552 0.10552 0.10552
-0.55200 0.10983 0.10983 0.10983 0.10983
-0.54800 0.11526 0.11526 0.11526 0.11526
-0.54400 0.12194 0.12194 0.12194 0.12194
-0.54000 0.13003 0.13003 0.13003 0.13003
-0.53600 0.13980 0.13980 0.13980 0.13980
-0.53200 0.15168 0.15168 0.15168 0.15168
-0.52800 0.16619 0.16619 0.16619 0.16619
-0.52400 0.18406 0.18406 0.18406 0.18406
-0.52000 0.20616 0.20616 0.20616 0.20616
-0.51600 0.23367 0.23367 0.23367 0.23367
-0.51200 0.26808 0.26808 0.26808 0.26808
-0.50800 0.31127 0.31127 0.31127 0.31127
-0.50400 0.36542 0.36542 0.36542 0.36542
-0.50000 0.43275 0.43275 0.43275 0.43275
-0.49600 0.51487 0.51487 0.51487 0.51487
-0.49200 0.61179 0.61179 0.61179 0.61179
-0.48800 0.72067 0.72067 0.72067 0.72067
-0.48400 0.83312 0.83312 0.83312 0.83312
-0.48000 0.93111 0.93111 0.93111 0.93111
-0.47600 0.98765 0.98765 0.98765 0.98765
-0.47200 0.98095 0.98095 0.98095 0.98095
-0.46800 0.91248 0.91248 0.91248 0.91248
-0.46400 0.80621 0.80621 0.80621 0.80621
-0.46000 0.69055 0.69055 0.69055 0.69055
-0.45600 0.58460 0.58460 0.58460 0.58460
-0.45200 0.49622 0.49622 0.49622 0.49622
-0.44800 0.42590 0.42590 0.42590 0.42590
-0.44400 0.37060 0.37060 0.37060 0.37060
-0.44000 0.32615 0.32615 0.32615 0.32615
-0.43600 0.28887 0.28887 0.28887 0.28887
-0.43200 0.25667 0.25667 0.25667 0.25667
-0.42800 0.22892 0.22892 0.22892 0.22892
-0.42400 0.20551 0.20551 0.20551 0.20551
-0.42000 0.18618 0.18618 0.18618 0.18618
-0.41600 0.17045 0.17045 0.17045 0.17045
-0.41200 0.15775 0.15775 0.15775 0.15775
-0.40800 0.14757 0.14757 0.14757 0.14757
-0.40400 0.13945 0.13945 0.13945 0.13945
-0.40000 0.13305 0.13305 0.13305 0.13305
-0.39600 0.12807 0.12807 0.12807 0.12807
-0.39200 0.12433 0.12433 0.12433 0.12433
-0.38800 0.12165 0.12165 0.12165 0.12165
-0.38400 0.11993 0.11993 0.11993 0.11993
-0.38000 0.11909 0.11909 0.11909 0.11909
-0.37600 0.11908 0.11908 0.11908 0.11908
-0.37200 0.11986 0.11986 0.11986 0.11986
-0.36800 0.12145 0.12145 0.12145 0.12145
-0.36400 0.12386 0.12386 0.12386 0.12386
-0.36000 0.12713 0.12713 0.12713 0.12713
-0.35600 0.13131 0.13131 0.13131 0.13131
-0.35200 0.13645 0.13645 0.13645 0.13645
-0.34800 0.14259 0.14259 0.14259 0.14259
-0.34400 0.14979 0.14979 0.14979 0.14979
-0.34000 0.15819 0.15819 0.15819 0.15819
-0.33600 0.16805 0.16805 0.16805 0.16805
-0.33200 0.17977 0.17977 0.17977 0.17977
-0.32800 0.19385 0.19385 0.19385 0.19385
-0.32400 0.21087 0.21087 0.21087 0.21087
-0.32000 0.23156 0.23156 0.23156 0.23156
-0.31600 0.25683 0.25683 0.25683 0.25683
-0.31200 0.28793 0.28793 0.28793 0.28793
-0.30800 0.32646 0.32646 0.32646 0.32646
-0.30400 0.37459 0.37459 0.37459 0.37459
-0.30000 0.43513 0.43513 0.43513 0.43513
-0.29600 0.51159 0.51159 0.51159 0.51159
-0.29200 0.60800 0.60800 0.60800 0.60800
-0.28800 0.72796 0.72796 0.72796 0.72796
-0.28400 0.87214 0.87214 0.87214 0.87214
-0.28000 1.03317 1.03317 1.03317 1.03317
-0.27600 1.18872 1.18872 1.18872 1.18872
-0.27200 1.30018 1.30018 1.30018 1.30018
-0.26800 1.32898 1.32898 1.32898 1.32898
-0.26400 1.26578 1.26578 1.26578 1.26578
-0.26000 1.13915 1.13915 1.13915 1.13915
-0.25600 0.99164 0.99164 0.99164 0.99164
-0.25200 0.85450 0.85450 0.85450 0.85450
-0.24800 0.74173 0.74173 0.74173 0.74173
-0.24400 0.65532 0.65532 0.65532 0.65532
-0.24000 0.59093 0.59093 0.59093 0.59093
-0.23600 0.54104 0.54104 0.54104 0.54104
-0.23200 0.49745 0.49745 0.49745 0.49745
-0.22800 0.45469 0.45469 0.45469 0.45469
-0.22400 0.41210 0.41210 0.41210 0.41210
-0.22000 0.37215 0.37215 0.37215 0.37215
-0.21600 0.33730 0.33730 0.33730 0.33730
-0.21200 0.30856 0.30856 0.30856 0.30856
-0.20800 0.28574 0.28574 0.28574 0.28574
-0.20400 0.26811 0.26811 0.26811 0.26811
-0.20000 0.25485 0.25485 0.25485 0.25485
-0.19600 0.24521 0.24521 0.24521 0.24521
-0.19200 0.23862 0.23862 0.23862 0.23862
-0.18800 0.23462 0.23462 0.23462 0.23462
-0.18400 0.23289 0.23289 0.23289 0.23289
-0.18000 0.23321 0.23321 0.23321 0.23321
-0.17600 0.23541 0.23541 0.23541 0.23541
-0.17200 0.23943 0.23943 0.23943 0.23943
-0.16800 0.24525 0.24525 0.24525 0.24525
-0.16400 0.25289 0.25289 0.25289 0.25289
-0.16000 0.26245 0.26245 0.26245 0.26245
-0.15600 0.27407 0.27407 0.27407 0.27407
-0.15200 0.28793 0.28793 0.28793 0.28793
-0.14800 0.30432 0.30432 0.30432 0.30432
-0.14400 0.32357 0.32357 0.32357 0.32357
-0.14000 0.34612 0.34612 0.34612 0.34612
-0.13600 0.37253 0.37253 0.37253 0.37253
-0.13200 0.40352 0.40352 0.40352 0.40352
-0.12800 0.44001 0.44001 0.44001 0.44001
-0.12400 0.48314 0.48314 0.48314 0.48314
-0.12000 0.53444 0.53444 0.53444 0.53444
-0.11600 0.59587 0.59587 0.59587 0.59587
-0.11200 0.66997 0.66997 0.66997 0.66997
-0.10800 0.76014 0.76014 0.76014 0.76014
-0.10400 0.87085 0.87085 0.87085 0.87085
-0.10000 1.00805 1.00805 1.00805 1.00805
-0.09600 1.17955 1.17955 1.17955 1.17955
-0.09200 1.39551 1.39551 1.39551 1.39551
-0.08800 1.66841 1.66841 1.66841 1.66841
-0.08400 2.01200 2.01200 2.01200 2.01200
-0.08000 2.43721 2.43721 2.43721 2.43721
-0.07600 2.94167 2.94167 2.94167 2.94167
-0.07200 3.49003 3.49003 3.49003 3.49003
-0.06800 3.99139 3.99139 3.99139 3.99139
-0.06400 4.30530 4.30530 4.30530 4.30530
-0.06000 4.31360 4.31360 4.31360 4.31360
-0.05600 4.01551 4.01551 4.01551 4.01551
-0.05200 3.52844 3.52844 3.52844 3.52844
-0.04800 2.99330 2.99330 2.99330 2.99330
-0.04400 2.50189 2.50189 2.50189 2.50189
-0.04000 2.09031 2.09031 2.09031 2.09031
-0.03600 1.76137 1.76137 1.76137 1.76137
-0.03200 1.50451 1.50451 1.50451 1.50451
-0.02800 1.30622 1.30622 1.30622 1.30622
-0.02400 1.15435 1.15435 1.15435 1.15435
-0.02000 1.03911 1.03911 1.03911 1.03911
-0.01600 0.95314 0.95314 0.95314 0.95314
-0.01200 0.89107 0.89107 0.89107 0.89107
-0.00800 0.84914 0.84914 0.84914 0.84914
-0.00400 0.82491 0.82491 0.82491 0.82491
0.00000 0.81698 0.81698 0.81698 0.81698
0.00400 0.82490 0.82490 0.82490 0.82490
0.00800 0.84911 0.84911 0.84911 0.84911
0.01200 0.89101 0.89101 0.89101 0.89101
0.01600 0.95306 0.95306 0.95306 0.95306
0.02000 1.03901 1.03901 1.03901 1.03901
0.02400 1.15421 1.15421 1.15421 1.15421
0.02800 1.30604 1.30604 1.30604 1.30604
0.03200 1.50426 1.50426 1.50426 1.50426
0.03600 1.76106 1.76106 1.76106 1.76106
0.04000 2.08991 2.08991 2.08991 2.08991
0.04400 2.50141 2.50141 2.50141 2.50141
0.04800 2.99277 2.99277 2.99277 2.99277
0.05200 3.52796 3.52796 3.52796 3.52796
0.05600 4.01529 4.01529 4.01529 4.01529
0.06000 4.31386 4.31386 4.31386 4.31386
0.06400 4.30612 4.30612 4.30612 4.30612
0.06800 3.99261 3.99261 3.99261 3.99261
0.07200 3.49137 3.49137 3.49137 3.49137
0.07600 2.94293 2.94293 2.94293 2.94293
0.08000 2.43828 2.43828 2.43828 2.43828
0.08400 2.01287 2.01287 2.01287 2.01287
0.08800 1.66909 1.66909 1.66909 1.66909
0.09200 1.39605 1.39605 1.39605 1.39605
0.09600 1.17997 1.17997 1.17997 1.17997
0.10000 1.00837 1.00837 1.00837 1.00837
0.10400 0.87111 0.87111 0.87111 0.87111
0.10800 0.76034 0.76034 0.76034 0.76034
0.11200 0.67012 0.67012 0.67012 0.67012
0.11600 0.59598 0.59598 0.59598 0.59598
0.12000 0.53452 0.53452 0.53452 0.53452
0.12400 0.48319 0.48319 0.48319 0.48319
0.12800 0.44003 0.44003 0.44003 0.44003
0.13200 0.40352 0.40352 0.40352 0.40352
0.13600 0.37251 0.37251 0.37251 0.37251
0.14000 0.34607 0.34607 0.34607 0.34607
0.14400 0.32350 0.32350 0.32350 0.32350
0.14800 0.30423 0.30423 0.30423 0.30423
0.15200 0.28782 0.28782 0.28782 0.28782
0.15600 0.27393 0.27393 0.27393 0.27393
0.16000 0.26229 0.26229 0.26229 0.26229
0.16400 0.25270 0.25270 0.25270 0.25270
0.16800 0.24502 0.24502 0.24502 0.24502
0.17200 0.23917 0.23917 0.23917 0.23917
0.17600 0.23510 0.23510 0.23510 0.23510
0.18000 0.23285 0.23285 0.23285 0.23285
0.18400 0.23248 0.23248 0.23248 0.23248
0.18800 0.23414 0.23414 0.23414 0.23414
0.19200 0.23806 0.23806 0.23806 0.23806
0.19600 0.24456 0.24456 0.24456 0.24456
0.20000 0.25408 0.25408 0.25408 0.25408
0.20400 0.26721 0.26721 0.26721 0.26721
0.20800 0.28468 0.28468 0.28468 0.28468
0.21200 0.30729 0.30729 0.30729 0.30729
0.21600 0.33575 0.33575 0.33575 0.33575
0.22000 0.37021 0.37021 0.37021 0.37021
0.22400 0.40958 0.40958 0.40958 0.40958
0.22800 0.45130 0.45130 0.45130 0.45130
0.23200 0.49281 0.49281 0.49281 0.49281
0.23600 0.53471 0.53471 0.53471 0.53471
0.24000 0.58245 0.58245 0.58245 0.58245
0.24400 0.64419 0.64419 0.64419 0.64419
0.24800 0.72751 0.72751 0.72751 0.72751
0.25200 0.83716 0.83716 0.83716 0.83716
0.25600 0.97222 0.97222 0.97222 0.97222
0.26000 1.12086 1.12086 1.12086 1.12086
0.26400 1.25431 1.25431 1.25431 1.25431
0.26800 1.33035 1.33035 1.33035 1.33035
0.27200 1.31606 1.31606 1.31606 1.31606
0.27600 1.21468 1.21468 1.21468 1.21468
0.28000 1.06233 1.06233 1.06233 1.06233
0.28400 0.89945 0.89945 0.89945 0.89945
0.28800 0.75119 0.75119 0.75119 0.75119
0.29200 0.62683 0.62683 0.62683 0.62683
0.29600 0.52651 0.52651 0.52651 0.52651
0.30000 0.44685 0.44685 0.44685 0.44685
0.30400 0.38378 0.38378 0.38378 0.38378
0.30800 0.33365 0.33365 0.33365 0.33365
0.31200 0.29353 0.29353 0.29353 0.29353
0.31600 0.26117 0.26117 0.26117 0.26117
0.32000 0.23484 0.23484 0.23484 0.23484
0.32400 0.21326 0.21326 0.21326 0.21326
0.32800 0.19546 0.19546 0.19546 0.19546
0.33200 0.18068 0.18068 0.18068 0.18068
0.33600 0.16836 0.16836 0.16836 0.16836
0.34000 0.15802 0.15802 0.15802 0.15802
0.34400 0.14928 0.14928 0.14928 0.14928
0.34800 0.14188 0.14188 0.14188 0.14188
0.35200 0.13563 0.13563 0.13563 0.13563
0.35600 0.13043 0.13043 0.13043 0.13043
0.36000 0.12619 0.12619 0.12619 0.12619
0.36400 0.12283 0.12283 0.12283 0.12283
0.36800 0.12029 0.12029 0.12029 0.12029
0.37200 0.11855 0.11855 0.11855 0.11855
0.37600 0.11756 0.11756 0.11756 0.11756
0.38000 0.11732 0.11732 0.11732 0.11732
0.38400 0.11786 0.11786 0.11786 0.11786
0.38800 0.11922 0.11922 0.11922 0.11922
0.39200 0.12145 0.12145 0.12145 0.12145
0.39600 0.12466 0.12466 0.12466 0.12466
0.40000 0.12898 0.12898 0.12898 0.12898
0.40400 0.13457 0.13457 0.13457 0.13457
0.40800 0.14167 0.14167 0.14167 0.14167
0.41200 0.15059 0.15059 0.15059 0.15059
0.41600 0.16169 0.16169 0.16169 0.16169
0.42000 0.17543 0.17543 0.17543 0.17543
0.42400 0.19234 0.19234 0.19234 0.19234
0.42800 0.21293 0.21293 0.21293 0.21293
0.43200 0.23766 0.23766 0.23766 0.23766
0.43600 0.26697 0.26697 0.26697 0.26697
0.44000 0.30181 0.30181 0.30181 0.30181
0.44400 0.34417 0.34417 0.34417 0.34417
0.44800 0.39720 0.39720 0.39720 0.39720
0.45200 0.46443 0.46443 0.46443 0.46443
0.45600 0.54858 0.54858 0.54858 0.54858
0.46000 0.64959 0.64959 0.64959 0.64959
0.46400 0.76134 0.76134 0.76134 0.76134
0.46800 0.86813 0.86813 0.86813 0.86813
0.47200 0.94523 0.94523 0.94523 0.94523
0.47600 0.96965 0.96965 0.96965 0.96965
0.48000 0.93683 0.93683 0.93683 0.93683
0.48400 0.86386 0.86386 0.86386 0.86386
0.48800 0.77347 0.77347 0.77347 0.77347
0.49200 0.67966 0.67966 0.67966 0.67966
0.49600 0.58808 0.58808 0.58808 0.58808
0.50000 0.50236 0.50236 0.50236 0.50236
0.50400 0.42614 0.42614 0.42614 0.42614
0.50800 0.36158 0.36158 0.36158 0.36158
0.51200 0.30873 0.30873 0.30873 0.30873
0.51600 0.26622 0.26622 0.26622 0.26622
0.52000 0.23224 0.23224 0.23224 0.23224
0.52400 0.20505 0.20505 0.20505 0.20505
0.52800 0.18317 0.18317 0.18317 0.18317
0.53200 0.16544 0.16544 0.16544 0.16544
0.53600 0.15097 0.15097 0.15097 0.15097
0.54000 0.13912 0.13912 0.13912 0.13912
0.54400 0.12947 0.12947 0.12947 0.12947
0.54800 0.12167 0.12167 0.12167 0.12167
0.55200 0.11547 0.11547 0.11547 0.11547
0.55600 0.11068 0.11068 0.11068 0.11068
0.56000 0.10714 0.10714 0.10714 0.10714
0.56400 0.10465 0.10465 0.10465 0.10465
0.56800 0.10296 0.10296 0.10296 0.10296
0.57200 0.10178 0.10178 0.10178 0.10178
0.57600 0.10086 0.10086 0.10086 0.10086
0.58000 0.10018 0.10018 0.10018 0.10018
0.58400 0.09998 0.09998 0.09998 0.09998
0.58800 0.10057 0.10057 0.10057 0.10057
0.59200 0.10223 0.10223 0.10223 0.10223
0.59600 0.10517 0.10517 0.10517 0.10517
0.60000 0.10961 0.10961 0.10961 0.10961
0.60400 0.11580 0.11580 0.11580 0.11580
0.60800 0.12411 0.12411 0.12411 0.12411
0.61200 0.13501 0.13501 0.13501 0.13501
0.61600 0.14912 0.14912 0.14912 0.14912
0.62000 0.16712 0.16712 0.16712 0.16712
0.62400 0.18966 0.18966 0.18966 0.18966
0.62800 0.21689 0.21689 0.21689 0.21689
0.63200 0.24767 0.24767 0.24767 0.24767
0.63600 0.27860 0.27860 0.27860 0.27860
0.64000 0.30418 0.30418 0.30418 0.30418
0.64400 0.31985 0.31985 0.31985 0.31985
0.64800 0.32615 0.32615 0.32615 0.32615
0.65200 0.32909 0.32909 0.32909 0.32909
0.65600 0.33603 0.33603 0.33603 0.33603
0.66000 0.35221 0.35221 0.35221 0.35221
0.66400 0.37955 0.37955 0.37955 0.37955
0.66800 0.41616 0.41616 0.41616 0.41616
0.67200 0.45527 0.45527 0.45527 0.45527
0.67600 0.48572 0.48572 0.48572 0.48572
0.68000 0.49720 0.49720 0.49720 0.49720
0.68400 0.48787 0.48787 0.48787 0.48787
0.68800 0.46506 0.46506 0.46506 0.46506
0.69200 0.43726 0.43726 0.43726 0.43726
0.69600 0.40764 0.40764 0.40764 0.40764
0.70000 0.37535 0.37535 0.37535 0.37535
0.70400 0.34057 0.34057 0.34057 0.34057
0.70800 0.30649 0.30649 0.30649 0.30649
0.71200 0.27703 0.27703 0.27703 0.27703
0.71600 0.25422 0.25422 0.25422 0.25422
0.72000 0.23752 0.23752 0.23752 0.23752
0.72400 0.22422 0.22422 0.22422 0.22422
0.72800 0.21070 0.21070 0.21070 0.21070
0.73200 0.19449 0.19449 0.19449 0.19449
0.73600 0.17584 0.17584 0.17584 0.17584
0.74000 0.15686 0.15686 0.15686 0.15686
0.74400 0.13955 0.13955 0.13955 0.13955
0.74800 0.12495 0.12495 0.12495 0.12495
0.75200 0.11324 0.11324 0.11324 0.11324
0.75600 0.10419 0.10419 0.10419 0.10419
0.76000 0.09750 0.09750 0.09750 0.09750
0.76400 0.09287 0.09287 0.09287 0.09287
0.76800 0.09015 0.09015 0.09015 0.09015
0.77200 0.08924 0.08924 0.08924 0.08924
0.77600 0.09016 0.09016 0.09016 0.09016
0.78000 0.09293 0.09293 0.09293 0.09293
0.78400 0.09747 0.09747 0.09747 0.09747
0.78800 0.10337 0.10337 0.10337 0.10337
0.79200 0.10959 0.10959 0.10959 0.10959
0.79600 0.11452 0.11452 0.11452 0.11452
0.80000 0.11679 0.11679 0.11679 0.11679
0.80400 0.11646 0.11646 0.11646 0.11646
0.80800 0.11515 0.11515 0.11515 0.11515
0.81200 0.11483 0.11483 0.11483 0.11483
0.81600 0.11687 0.11687 0.11687 0.11687
0.82000 0.12162 0.12162 0.12162 0.12162
0.82400 0.12829 0.12829 0.12829 0.12829
0.82800 0.13478 0.13478 0.13478 0.13478
0.83200 0.13807 0.13807 0.13807 0.13807
0.83600 0.13594 0.13594 0.13594 0.13594
0.84000 0.12871 0.12871 0.12871 0.12871
0.84400 0.11892 0.11892 0.11892 0.11892
0.84800 0.10932 0.10932 0.10932 0.10932
0.85200 0.10165 0.10165 0.10165 0.10165
0.85600 0.09664 0.09664 0.09664 0.09664
0.86000 0.09450 0.09450 0.09450 0.09450
0.86400 0.09528 0.09528 0.09528 0.09528
0.86800 0.09909 0.09909 0.09909 0.09909
0.87200 0.10610 0.10610 0.10610 0.10610
0.87600 0.11645 0.11645 0.11645 0.11645
0.88000 0.12990 0.12990 0.12990 0.12990
0.88400 0.14524 0.14524 0.14524 0.14524
0.88800 0.15958 0.15958 0.15958 0.15958
0.89200 0.16858 0.16858 0.16858 0.16858
0.89600 0.16874 0.16874 0.16874 0.16874
0.90000 0.16022 0.16022 0.16022 0.16022
0.90400 0.14677 0.14677 0.14677 0.14677
0.90800 0.13281 0.13281 0.13281 0.13281
0.91200 0.12127 0.12127 0.12127 0.12127
0.91600 0.11341 0.11341 0.11341 0.11341
0.92000 0.10949 0.10949 0.10949 0.10949
0.92400 0.10921 0.10921 0.10921 0.10921
0.92800 0.11168 0.11168 0.11168 0.11168
0.93200 0.11521 0.11521 0.11521 0.11521
0.93600 0.11726 0.11726 0.11726 0.11726
0.94000 0.11541 0.11541 0.11541 0.11541
0.94400 0.10902 0.10902 0.10902 0.10902
0.94800 0.09968 0.09968 0.09968 0.09968
0.95200 0.08976 0.08976 0.08976 0.08976
0.95600 0.08099 0.08099 0.08099 0.08099
0.96000 0.07417 0.07417 0.07417 0.07417
0.96400 0.06948 0.06948 0.06948 0.06948
0.96800 0.06690 0.06690 0.06690 0.06690
0.97200 0.06633 0.06633 0.06633 0.06633
0.97600 0.06768 0.06768 0.06768 0.06768
0.98000 0.07076 0.07076 0.07076 0.07076
0.98400 0.07506 0.07506 0.07506 0.07506
0.98800 0.07947 0.07947 0.07947 0.07947
0.99200 0.08228 0.08228 0.08228 0.08228
0.99600 0.08196 0.08196 0.08196 0.08196
1.00000 0.07834 0.07834 0.07834 0.07834
1.00400 0.07273 0.07273 0.07273 0.07273
1.00800 0.06690 0.06690 0.06690 0.06690
1.01200 0.06207 0.06207 0.06207 0.06207
1.01600 0.05884 0.05884 0.05884 0.05884
1.02000 0.05739 0.05739 0.05739 0.05739
1.02400 0.05766 0.05766 0.05766 0.05766
1.02800 0.05944 0.05944 0.05944 0.05944
1.03200 0.06216 0.06216 0.06216 0.06216
1.03600 0.06473 0.06473 0.06473 0.06473
1.04000 0.06569 0.06569 0.06569 0.06569
1.04400 0.06395 0.06395 0.06395 0.06395
1.04800 0.05967 0.05967 0.05967 0.05967
1.05200 0.05403 0.05403 0.05403 0.05403
1.05600 0.04832 0.04832 0.04832 0.04832
1.06000 0.04330 0.04330 0.04330 0.04330
1.06400 0.03927 0.03927 0.03927 0.03927
1.06800 0.03623 0.03623 0.03623 0.03623
1.07200 0.03410 0.03410 0.03410 0.03410
1.07600 0.03278 0.03278 0.03278 0.03278
1.08000 0.03223 0.03223 0.03223 0.03223
1.08400 0.03243 0.03243 0.03243 0.03243
1.08800 0.03338 0.03338 0.03338 0.03338
1.09200 0.03505 0.03505 0.03505 0.03505
1.09600 0.03734 0.03734 0.03734 0.03734
1.10000 0.03985 0.03985 0.03985 0.03985
1.10400 0.04185 0.04185 0.04185 0.04185
1.10800 0.04248 0.04248 0.04248 0.04248
1.11200 0.04129 0.04129 0.04129 0.04129
1.11600 0.03863 0.03863 0.03863 0.03863
1.12000 0.03536 0.03536 0.03536 0.03536
1.12400 0.03222 0.03222 0.03222 0.03222
1.12800 0.02963 0.02963 0.02963 0.02963
1.13200 0.02770 0.02770 0.02770 0.02770
1.13600 0.02646 0.02646 0.02646 0.02646
1.14000 0.02587 0.02587 0.02587 0.02587
1.14400 0.02591 0.02591 0.02591 0.02591
1.14800 0.02656 0.02656 0.02656 0.02656
1.15200 0.02777 0.02777 0.02777 0.02777
1.15600 0.02940 0.02940 0.02940 0.02940
1.16000 0.03106 0.03106 0.03106 0.03106
1.16400 0.03217 0.03217 0.03217 0.03217
1.16800 0.03214 0.03214 0.03214 0.03214
1.17200 0.03081 0.03081 0.03081 0.03081
1.17600 0.02861 0.02861 0.02861 0.02861
1.18000 0.02617 0.02617 0.02617 0.02617
1.18400 0.02394 0.02394 0.02394 0.02394
1.18800 0.02213 0.02213 0.02213 0.02213
1.19200 0.02079 0.02079 0.02079 0.02079
1.19600 0.01990 0.01990 0.01990 0.01990
1.20000 0.01944 0.01944 0.01944 0.01944
1.20400 0.01938 0.01938 0.01938 0.01938
1.20800 0.01973 0.01973 0.01973 0.01973
1.21200 0.02050 0.02050 0.02050 0.02050
1.21600 0.02166 0.02166 0.02166 0.02166
1.22000 0.02315 0.02315 0.02315 0.02315
1.22400 0.02470 0.02470 0.02470 0.02470
1.22800 0.02590 0.02590 0.02590 0.02590
1.23200 0.02625 0.02625 0.02625 0.02625
1.23600 0.02556 0.02556 0.02556 0.02556
1.24000 0.02411 0.02411 0.02411 0.02411
1.24400 0.02240 0.02240 0.02240 0.02240
1.24800 0.02083 0.02083 0.02083 0.02083
1.25200 0.01962 0.01962 0.01962 0.01962
1.25600 0.01882 0.01882 0.01882 0.01882
1.26000 0.01845 0.01845 0.01845 0.01845
1.26400 0.01851 0.01851 0.01851 0.01851
1.26800 0.01900 0.01900 0.01900 0.01900
1.27200 0.01996 0.01996 0.01996 0.01996
1.27600 0.02144 0.02144 0.02144 0.02144
1.28000 0.02345 0.02345 0.02345 0.02345
1.28400 0.02594 0.02594 0.02594 0.02594
1.28800 0.02865 0.02865 0.02865 0.02865
1.29200 0.03101 0.03101 0.03101 0.03101
1.29600 0.03224 0.03224 0.03224 0.03224
1.30000 0.03183 0.03183 0.03183 0.03183
1.30400 0.02994 0.02994 0.02994 0.02994
1.30800 0.02730 0.02730 0.02730 0.02730
1.31200 0.02463 0.02463 0.02463 0.02463
1.31600 0.02235 0.02235 0.02235 0.02235
1.32000 0.02062 0.02062 0.02062 0.02062
1.32400 0.01948 0.01948 0.01948 0.01948
1.32800 0.01888 0.01888 0.01888 0.01888
1.33200 0.01880 0.01880 0.01880 0.01880
1.33600 0.01924 0.01924 0.01924 0.01924
1.34000 0.02018 0.02018 0.02018 0.02018
1.34400 0.02155 0.02155 0.02155 0.02155
1.34800 0.02317 0.02317 0.02317 0.02317
1.35200 0.02462 0.02462 0.02462 0.02462
1.35600 0.02534 0.02534 0.02534 0.02534
1.36000 0.02493 0.02493 0.02493 0.02493
1.36400 0.02347 0.02347 0.02347 0.02347
1.36800 0.02144 0.02144 0.02144 0.02144
1.37200 0.01936 0.01936 0.01936 0.01936
1.37600 0.01755 0.01755 0.01755 0.01755
1.38000 0.01613 0.01613 0.01613 0.01613
1.38400 0.01509 0.01509 0.01509 0.01509
1.38800 0.01442 0.01442 0.01442 0.01442
1.39200 0.01409 0.01409 0.01409 0.01409
1.39600 0.01408 0.01408 0.01408 0.01408
1.40000 0.01439 0.01439 0.01439 0.01439
1.40400 0.01504 0.01504 0.01504 0.01504
1.40800 0.01604 0.01604 0.01604 0.01604
1.41200 0.01734 0.01734 0.01734 0.01734
1.41600 0.01880 0.01880 0.01880 0.01880
1.42000 0.02007 0.02007 0.02007 0.02007
1.42400 0.02070 0.02070 0.02070 0.02070
1.42800 0.02037 0.02037 0.02037 0.02037
1.43200 0.01918 0.01918 0.01918 0.01918
1.43600 0.01752 0.01752 0.01752 0.01752
1.44000 0.01583 0.01583 0.01583 0.01583
1.44400 0.01436 0.01436 0.01436 0.01436
1.44800 0.01318 0.01318 0.01318 0.01318
1.45200 0.01231 0.01231 0.01231 0.01231
1.45600 0.01172 0.01172 0.01172 0.01172
1.46000 0.01138 0.01138 0.01138 0.01138
1.46400 0.01127 0.01127 0.01127 0.01127
1.46800 0.01139 0.01139 0.01139 0.01139
1.47200 0.01176 0.01176 0.01176 0.01176
1.47600 0.01238 0.01238 0.01238 0.01238
1.48000 0.01327 0.01327 0.01327 0.01327
1.48400 0.01441 0.01441 0.01441 0.01441
1.48800 0.01566 0.01566 0.01566 0.01566
1.49200 0.01678 0.01678 0.01678 0.01678
1.49600 0.01738 0.01738 0.01738 0.01738
1.50000 0.01720 0.01720 0.01720 0.01720
1.50400 0.01633 0.01633 0.01633 0.01633
1.50800 0.01510 0.01510 0.01510 0.01510
1.51200 0.01385 0.01385 0.01385 0.01385
1.51600 0.01280 0.01280 0.01280 0.01280
1.52000 0.01203 0.01203 0.01203 0.01203
1.52400 0.01155 0.01155 0.01155 0.01155
1.52800 0.01137 0.01137 0.01137 0.01137
1.53200 0.01148 0.01148 0.01148 0.01148
1.53600 0.01188 0.01188 0.01188 0.01188
1.54000 0.01259 0.01259 0.01259 0.01259
1.54400 0.01361 0.01361 0.01361 0.01361
1.54800 0.01489 0.01489 0.01489 0.01489
1.55200 0.01625 0.01625 0.01625 0.01625
1.55600 0.01736 0.01736 0.01736 0.01736
1.56000 0.01779 0.01779 0.01779 0.01779
1.56400 0.01730 0.01730 0.01730 0.01730
1.56800 0.01606 0.01606 0.01606 0.01606
1.57200 0.01446 0.01446 0.01446 0.01446
1.57600 0.01288 0.01288 0.01288 0.01288
1.58000 0.01151 0.01151 0.01151 0.01151
1.58400 0.01040 0.01040 0.01040 0.01040
1.58800 0.00956 0.00956 0.00956 0.00956
1.59200 0.00894 0.00894 0.00894 0.00894
1.59600 0.00851 0.00851 0.00851 0.00851
1.60000 0.00826 0.00826 0.00826 0.00826
1.60400 0.00816 0.00816 0.00816 0.00816
1.60800 0.00822 0.00822 0.00822 0.00822
1.61200 0.00845 0.00845 0.00845 0.00845
1.61600 0.00884 0.00884 0.00884 0.00884
1.62000 0.00938 0.00938 0.00938 0.00938
1.62400 0.01004 0.01004 0.01004 0.01004
1.62800 0.01066 0.01066 0.01066 0.01066
1.63200 0.01105 0.01105 0.01105 0.01105
1.63600 0.01101 0.01101 0.01101 0.01101
1.64000 0.01053 0.01053 0.01053 0.01053
1.64400 0.00977 0.00977 0.00977 0.00977
1.64800 0.00894 0.00894 0.00894 0.00894
1.65200 0.00818 0.00818 0.00818 0.00818
1.65600 0.00757 0.00757 0.00757 0.00757
1.66000 0.00711 0.00711 0.00711 0.00711
1.66400 0.00678 0.00678 0.00678 0.00678
1.66800 0.00659 0.00659 0.00659 0.00659
1.67200 0.00651 0.00651 0.00651 0.00651
1.67600 0.00655 0.00655 0.00655 0.00655
1.68000 0.00671 0.00671 0.00671 0.00671
1.68400 0.00699 0.00699 0.00699 0.00699
1.68800 0.00741 0.00741 0.00741 0.00741
1.69200 0.00792 0.00792 0.00792 0.00792
1.69600 0.00846 0.00846 0.00846 0.00846
1.70000 0.00887 0.00887 0.00887 0.00887
1.70400 0.00899 0.00899 0.00899 0.00899
1.70800 0.00874 0.00874 0.00874 0.00874
1.71200 0.00821 0.00821 0.00821 0.00821
1.71600 0.00755 0.00755 0.00755 0.00755
1.72000 0.00692 0.00692 0.00692 0.00692
1.72400 0.00639 0.00639 0.00639 0.00639
1.72800 0.00597 0.00597 0.00597 0.00597
1.73200 0.00567 0.00567 0.00567 0.00567
1.73600 0.00546 0.00546 0.00546 0.00546
1.74000 0.00535 0.00535 0.00535 0.00535
1.74400 0.00532 0.00532 0.00532 0.00532
1.74800 0.00538 0.00538 0.00538 0.00538
1.75200 0.00553 0.00553 0.00553 0.00553
1.75600 0.00579 0.00579 0.00579 0.00579
1.76000 0.00614 0.00614 0.00614 0.00614
1.76400 0.00657 0.00657 0.00657 0.00657
1.76800 0.00703 0.00703 0.00703 0.00703
1.77200 0.00739 0.00739 0.00739 0.00739
1.77600 0.00750 0.00750 0.00750 0.00750
1.78000 0.00731 0.00731 0.00731 0.00731
1.78400 0.00686 0.00686 0.00686 0.00686
1.78800 0.00631 0.00631 0.00631 0.00631
1.79200 0.00576 0.00576 0.00576 0.00576
1.79600 0.00529 0.00529 0.00529 0.00529
1.80000 0.00491 0.00491 0.00491 0.00491
1.80400 0.00462 0.00462 0.00462 0.00462
1.80800 0.00441 0.00441 0.00441 0.00441
1.81200 0.00425 0.00425 0.00425 0.00425
1.81600 0.00416 0.00416 0.00416 0.00416
1.82000 0.00412 0.00412 0.00412 0.00412
1.82400 0.00414 0.00414 0.00414 0.00414
1.82800 0.00421 0.00421 0.00421 0.00421
1.83200 0.00434 0.00434 0.00434 0.00434
1.83600 0.00452 0.00452 0.00452 0.00452
1.84000 0.00473 0.00473 0.00473 0.00473
1.84400 0.00492 0.00492 0.00492 0.00492
1.84800 0.00502 0.00502 0.00502 0.00502
1.85200 0.00497 0.00497 0.00497 0.00497
1.85600 0.00477 0.00477 0.00477 0.00477
1.86000 0.00449 0.00449 0.00449 0.00449
1.86400 0.00419 0.00419 0.00419 0.00419
1.86800 0.00392 0.00392 0.00392 0.00392
1.87200 0.00370 0.00370 0.00370 0.00370
1.87600 0.00352 0.00352 0.00352 0.00352
1.88000 0.00339 0.00339 0.00339 0.00339
1.88400 0.00329 0.00329 0.00329 0.00329
1.88800 0.00323 0.00323 0.00323 0.00323
1.89200 0.00319 0.00319 0.00319 0.00319
1.89600 0.00318 0.00318 0.00318 0.00318
1.90000 0.00320 0.00320 0.00320 0.00320
1.90400 0.00325 0.00325 0.00325 0.00325
1.90800 0.00334 0.00334 0.00334 0.00334
1.91200 0.00346 0.00346 0.00346 0.00346
1.91600 0.00360 0.00360 0.00360 0.00360
1.92000 0.00374 0.00374 0.00374 0.00374
1.92400 0.00384 0.00384 0.00384 0.00384
1.92800 0.00385 0.00385 0.00385 0.00385
1.93200 0.00375 0.00375 0.00375 0.00375
1.93600 0.00358 0.00358 0.00358 0.00358
1.94000 0.00338 0.00338 0.00338 0.00338
1.94400 0.00320 0.00320 0.00320 0.00320
1.94800 0.00304 0.00304 0.00304 0.00304
1.95200 0.00291 0.00291 0.00291 0.00291
1.95600 0.00281 0.00281 0.00281 0.00281
1.96000 0.00274 0.00274 0.00274 0.00274
1.96400 0.00269 0.00269 0.00269 0.00269
1.96800 0.00265 0.00265 0.00265 0.00265
1.97200 0.00264 0.00264 0.00264 0.00264
1.97600 0.00264 0.00264 0.00264 0.00264
1.98000 0.00267 0.00267 0.00267 0.00267
1.98400 0.00271 0.00271 0.00271 0.00271
1.98800 0.00278 0.00278 0.00278 0.00278
1.99200 0.00288 0.00288 0.00288 0.00288
1.99600 0.00300 0.00300 0.00300 0.00300
2.00000 0.00312 0.00312 0.00312 0.00312
