******************************************
******************************************
NF = 60, M = 30, Nimp = 1
******************************************
[[-0.25   0.     0.008 ...  0.     0.008  0.   ]
 [ 0.    -0.25   0.    ...  0.01   0.     0.008]
 [ 0.008  0.    -0.966 ...  0.     0.     0.   ]
 ...
 [ 0.     0.01   0.    ...  0.897  0.     0.   ]
 [ 0.008  0.     0.    ...  0.     0.966  0.   ]
 [ 0.     0.008  0.    ...  0.     0.     0.966]]
************
[[-0.25   0.008  0.01   0.011  0.012  0.013  0.013  0.014  0.014  0.014  0.014  0.015  0.015  0.015  0.015  0.015  0.015  0.015  0.015  0.015  0.014  0.014  0.014  0.014  0.013  0.013  0.012  0.011  0.01   0.008]
 [ 0.008 -0.966  0.     0.     0.     0.     0.     0.     0.     0.     0.     0.     0.     0.     0.     0.     0.     0.     0.     0.     0.     0.     0.     0.     0.     0.     0.     0.     0.     0.   ]
 [ 0.01   0.    -0.897  0.     0.     0.     0.     0.     0.     0.     0.     0.     0.     0.     0.     0.     0.     0.     0.     0.     0.     0.     0.     0.     0.     0.     0.     0.     0.     0.   ]
 [ 0.011  0.     0.    -0.828  0.     0.     0.     0.     0.     0.     0.     0.     0.     0.     0.     0.     0.     0.     0.     0.     0.     0.     0.     0.     0.     0.     0.     0.     0.     0.   ]
 [ 0.012  0.     0.     0.    -0.759  0.     0.     0.     0.     0.     0.     0.     0.     0.     0.     0.     0.     0.     0.     0.     0.     0.     0.     0.     0.     0.     0.     0.     0.     0.   ]
 [ 0.013  0.     0.     0.     0.    -0.69   0.     0.     0.     0.     0.     0.     0.     0.     0.     0.     0.     0.     0.     0.     0.     0.     0.     0.     0.     0.     0.     0.     0.     0.   ]
 [ 0.013  0.     0.     0.     0.     0.    -0.621  0.     0.     0.     0.     0.     0.     0.     0.     0.     0.     0.     0.     0.     0.     0.     0.     0.     0.     0.     0.     0.     0.     0.   ]
 [ 0.014  0.     0.     0.     0.     0.     0.    -0.552  0.     0.     0.     0.     0.     0.     0.     0.     0.     0.     0.     0.     0.     0.     0.     0.     0.     0.     0.     0.     0.     0.   ]
 [ 0.014  0.     0.     0.     0.     0.     0.     0.    -0.483  0.     0.     0.     0.     0.     0.     0.     0.     0.     0.     0.     0.     0.     0.     0.     0.     0.     0.     0.     0.     0.   ]
 [ 0.014  0.     0.     0.     0.     0.     0.     0.     0.    -0.414  0.     0.     0.     0.     0.     0.     0.     0.     0.     0.     0.     0.     0.     0.     0.     0.     0.     0.     0.     0.   ]
 [ 0.014  0.     0.     0.     0.     0.     0.     0.     0.     0.    -0.345  0.     0.     0.     0.     0.     0.     0.     0.     0.     0.     0.     0.     0.     0.     0.     0.     0.     0.     0.   ]
 [ 0.015  0.     0.     0.     0.     0.     0.     0.     0.     0.     0.    -0.276  0.     0.     0.     0.     0.     0.     0.     0.     0.     0.     0.     0.     0.     0.     0.     0.     0.     0.   ]
 [ 0.015  0.     0.     0.     0.     0.     0.     0.     0.     0.     0.     0.    -0.207  0.     0.     0.     0.     0.     0.     0.     0.     0.     0.     0.     0.     0.     0.     0.     0.     0.   ]
 [ 0.015  0.     0.     0.     0.     0.     0.     0.     0.     0.     0.     0.     0.    -0.138  0.     0.     0.     0.     0.     0.     0.     0.     0.     0.     0.     0.     0.     0.     0.     0.   ]
 [ 0.015  0.     0.     0.     0.     0.     0.     0.     0.     0.     0.     0.     0.     0.    -0.069  0.     0.     0.     0.     0.     0.     0.     0.     0.     0.     0.     0.     0.     0.     0.   ]
 [ 0.015  0.     0.     0.     0.     0.     0.     0.     0.     0.     0.     0.     0.     0.     0.    -0.     0.     0.     0.     0.     0.     0.     0.     0.     0.     0.     0.     0.     0.     0.   ]
 [ 0.015  0.     0.     0.     0.     0.     0.     0.     0.     0.     0.     0.     0.     0.     0.     0.     0.069  0.     0.     0.     0.     0.     0.     0.     0.     0.     0.     0.     0.     0.   ]
 [ 0.015  0.     0.     0.     0.     0.     0.     0.     0.     0.     0.     0.     0.     0.     0.     0.     0.     0.138  0.     0.     0.     0.     0.     0.     0.     0.     0.     0.     0.     0.   ]
 [ 0.015  0.     0.     0.     0.     0.     0.     0.     0.     0.     0.     0.     0.     0.     0.     0.     0.     0.     0.207  0.     0.     0.     0.     0.     0.     0.     0.     0.     0.     0.   ]
 [ 0.015  0.     0.     0.     0.     0.     0.     0.     0.     0.     0.     0.     0.     0.     0.     0.     0.     0.     0.     0.276  0.     0.     0.     0.     0.     0.     0.     0.     0.     0.   ]
 [ 0.014  0.     0.     0.     0.     0.     0.     0.     0.     0.     0.     0.     0.     0.     0.     0.     0.     0.     0.     0.     0.345  0.     0.     0.     0.     0.     0.     0.     0.     0.   ]
 [ 0.014  0.     0.     0.     0.     0.     0.     0.     0.     0.     0.     0.     0.     0.     0.     0.     0.     0.     0.     0.     0.     0.414  0.     0.     0.     0.     0.     0.     0.     0.   ]
 [ 0.014  0.     0.     0.     0.     0.     0.     0.     0.     0.     0.     0.     0.     0.     0.     0.     0.     0.     0.     0.     0.     0.     0.483  0.     0.     0.     0.     0.     0.     0.   ]
 [ 0.014  0.     0.     0.     0.     0.     0.     0.     0.     0.     0.     0.     0.     0.     0.     0.     0.     0.     0.     0.     0.     0.     0.     0.552  0.     0.     0.     0.     0.     0.   ]
 [ 0.013  0.     0.     0.     0.     0.     0.     0.     0.     0.     0.     0.     0.     0.     0.     0.     0.     0.     0.     0.     0.     0.     0.     0.     0.621  0.     0.     0.     0.     0.   ]
 [ 0.013  0.     0.     0.     0.     0.     0.     0.     0.     0.     0.     0.     0.     0.     0.     0.     0.     0.     0.     0.     0.     0.     0.     0.     0.     0.69   0.     0.     0.     0.   ]
 [ 0.012  0.     0.     0.     0.     0.     0.     0.     0.     0.     0.     0.     0.     0.     0.     0.     0.     0.     0.     0.     0.     0.     0.     0.     0.     0.     0.759  0.     0.     0.   ]
 [ 0.011  0.     0.     0.     0.     0.     0.     0.     0.     0.     0.     0.     0.     0.     0.     0.     0.     0.     0.     0.     0.     0.     0.     0.     0.     0.     0.     0.828  0.     0.   ]
 [ 0.01   0.     0.     0.     0.     0.     0.     0.     0.     0.     0.     0.     0.     0.     0.     0.     0.     0.     0.     0.     0.     0.     0.     0.     0.     0.     0.     0.     0.897  0.   ]
 [ 0.008  0.     0.     0.     0.     0.     0.     0.     0.     0.     0.     0.     0.     0.     0.     0.     0.     0.     0.     0.     0.     0.     0.     0.     0.     0.     0.     0.     0.     0.966]]
U((0, 0, 0, 0)) = (0.5+0j)
setting to 0
U((0, 30, 0, 30)) = (0.5+0j)
U((30, 0, 30, 0)) = (0.5+0j)
U((30, 30, 30, 30)) = (0.5+0j)
setting to 0
h0_0 size:  (60, 60)
U_0 size:  (60, 60, 60, 60)
Going with Nelec_imp = 1, nbath = 29, Nelec = 30
imp_indices_full = [0, 30]
h0_0 = 
[[-0.25   0.008  0.01  ...  0.     0.     0.   ]
 [ 0.008 -0.966  0.    ...  0.     0.     0.   ]
 [ 0.01   0.    -0.897 ...  0.     0.     0.   ]
 ...
 [ 0.     0.     0.    ...  0.828  0.     0.   ]
 [ 0.     0.     0.    ...  0.     0.897  0.   ]
 [ 0.     0.     0.    ...  0.     0.     0.966]]


--------------------------------------------------------------
Mean-Field Self-Consistent Procedure with block handling
--------------------------------------------------------------
[V1] mfscf proc with Ne=30, maxiter=100, alpha=0.2, threshold=1e-07, spinsym_only = False
[V1] Symmetry analysis found 2 blocks.
[V1] Found 1 unique groups of blocks.
[V1] Blocks: [[0, 1, 2, 3, 4, 5, 6, 7, 8, 9, 10, 11, 12, 13, 14, 15, 16, 17, 18, 19, 20, 21, 22, 23, 24, 25, 26, 27, 28, 29], [30, 31, 32, 33, 34, 35, 36, 37, 38, 39, 40, 41, 42, 43, 44, 45, 46, 47, 48, 49, 50, 51, 52, 53, 54, 55, 56, 57, 58, 59]]
[V1] Identical Groups (by block index): [[0, 1]]
[V1] iter 0, Tr(rho*h0) = -14.99256238
[V1] Ne = 30, initial tr(rho) = 30.00000000+0.00000000j
[V1] mixing parameter: α = 0.2
[V2] Number of non-zero U elements: 2
[V1] Iter         E_total          E_corr        ΔE_total
[V2] U is sparse, using nzU
[V1]    1    -14.50383948     -0.48872290      1.0145e+03
[V1]   10    -14.64654337     -0.12587703      1.8604e-03
[V1]   20    -14.65320231     -0.12501627      2.0040e-04
[V1]   30    -14.65391783     -0.12500030      2.1518e-05
[V1]   40    -14.65399466     -0.12500001      2.3104e-06
[V1]   50    -14.65400291     -0.12500000      2.4808e-07
[V1] Converged in 55 iterations.
[V1] Final tr(rho) = 30.00000000+0.00000000j
[V2] Reordering final eigenvectors to spin-blocked convention...
hmf = 
[[-0.     0.008  0.01  ...  0.     0.     0.   ]
 [ 0.008 -0.966  0.    ...  0.     0.     0.   ]
 [ 0.01   0.    -0.897 ...  0.     0.     0.   ]
 ...
 [ 0.     0.     0.    ...  0.828  0.     0.   ]
 [ 0.     0.     0.    ...  0.     0.897  0.   ]
 [ 0.     0.     0.    ...  0.     0.     0.966]]
DEBUG, Nimp_sf = 2
hmf_ab = 
[[-0.   +0.j  0.   +0.j  0.008+0.j ...  0.   +0.j  0.008+0.j  0.   +0.j]
 [ 0.   +0.j -0.   +0.j  0.   +0.j ...  0.01 +0.j  0.   +0.j  0.008+0.j]
 [ 0.008+0.j  0.   +0.j -0.966+0.j ...  0.   +0.j  0.   +0.j  0.   +0.j]
 ...
 [ 0.   +0.j  0.01 +0.j  0.   +0.j ...  0.897+0.j  0.   +0.j  0.   +0.j]
 [ 0.008+0.j  0.   +0.j  0.   +0.j ...  0.   +0.j  0.966+0.j  0.   +0.j]
 [ 0.   +0.j  0.008+0.j  0.   +0.j ...  0.   +0.j  0.   +0.j  0.966+0.j]]

--- Analyzed Structure ---
Found 2 blocks
Blocks: [[0, 2, 4, 6, 8, 10, 12, 14, 16, 18, 20, 22, 24, 26, 28, 30, 32, 34, 36, 38, 40, 42, 44, 46, 48, 50, 52, 54, 56, 58], [1, 3, 5, 7, 9, 11, 13, 15, 17, 19, 21, 23, 25, 27, 29, 31, 33, 35, 37, 39, 41, 43, 45, 47, 49, 51, 53, 55, 57, 59]]
Identical Groups (by block index): [[0, 1]]
[blocks] 2 blocks; identical groups: [[0, 1]]
[check] Tr rho = 30.000000000000, sum blocks = 30.000000000000, Nelec = 30
[leader block 0] size=30 Nimp_b=1 Nelec_b=15
DEBUG: C1 = 
[[ 1.     0.     0.     0.     0.     0.     0.     0.     0.     0.     0.     0.     0.     0.     0.     0.     0.     0.     0.     0.     0.     0.     0.     0.     0.     0.     0.     0.     0.     0.   ]
 [ 0.    -0.008  0.078  0.448  0.     0.     0.     0.724  0.    -0.    -0.458  0.     0.     0.    -0.003  0.242  0.    -0.     0.     0.     0.     0.     0.     0.     0.     0.     0.     0.     0.    -0.   ]
 [ 0.    -0.011 -0.171 -0.016  0.216 -0.14  -0.017 -0.003 -0.427 -0.197  0.271  0.03   0.359 -0.324 -0.069  0.608  0.     0.    -0.     0.     0.    -0.     0.    -0.     0.     0.    -0.     0.     0.     0.   ]
 [ 0.    -0.013  0.032 -0.197 -0.264  0.411 -0.176 -0.271  0.259 -0.046 -0.376 -0.401 -0.01  -0.184  0.067  0.456  0.     0.    -0.     0.     0.    -0.     0.    -0.     0.     0.    -0.     0.     0.     0.   ]
 [ 0.    -0.015 -0.076 -0.066  0.089  0.009 -0.109  0.176 -0.381  0.284  0.011 -0.646  0.142 -0.196  0.332 -0.356  0.     0.    -0.     0.001  0.    -0.    -0.    -0.     0.     0.    -0.     0.     0.     0.   ]
 [ 0.    -0.018  0.054  0.055 -0.027 -0.295  0.107  0.027  0.12  -0.209  0.039 -0.439 -0.199 -0.288 -0.708 -0.133  0.     0.    -0.     0.001  0.    -0.    -0.    -0.     0.     0.    -0.     0.     0.     0.   ]
 [ 0.    -0.02   0.429  0.142 -0.368 -0.542 -0.02  -0.028  0.284  0.121  0.27  -0.165  0.209  0.056  0.291  0.195  0.     0.    -0.     0.001  0.    -0.    -0.    -0.     0.     0.    -0.     0.     0.     0.   ]
 [ 0.    -0.023  0.642  0.295  0.099  0.235 -0.228 -0.174 -0.228 -0.068  0.061  0.188 -0.219 -0.438  0.06  -0.117  0.     0.    -0.     0.001  0.    -0.    -0.    -0.     0.     0.    -0.     0.     0.     0.   ]
 [ 0.    -0.027 -0.083  0.595 -0.108  0.419  0.081 -0.174  0.068 -0.065  0.225 -0.164  0.483  0.213 -0.178 -0.13   0.     0.    -0.     0.001  0.    -0.    -0.    -0.     0.     0.    -0.     0.     0.     0.   ]
 [ 0.    -0.032 -0.446  0.275  0.121 -0.067 -0.036  0.005  0.443 -0.295  0.138  0.029 -0.167 -0.441  0.406 -0.116  0.     0.    -0.     0.002  0.    -0.    -0.    -0.     0.001  0.    -0.     0.     0.     0.   ]
 [ 0.    -0.039 -0.069 -0.089 -0.238 -0.174 -0.013 -0.108  0.041  0.139 -0.423  0.332  0.543 -0.426 -0.123 -0.293  0.     0.    -0.     0.002  0.    -0.    -0.    -0.     0.001  0.    -0.     0.     0.     0.   ]
 [ 0.    -0.048  0.213 -0.361 -0.093  0.125 -0.194  0.331  0.044 -0.707  0.09  -0.022  0.271  0.11   0.079 -0.221  0.     0.    -0.     0.003  0.    -0.    -0.    -0.     0.001  0.    -0.     0.     0.     0.   ]
 [ 0.    -0.064  0.084  0.182  0.266 -0.301  0.259 -0.412 -0.196 -0.4   -0.481 -0.15   0.026  0.237  0.217 -0.042  0.     0.    -0.001  0.005  0.    -0.    -0.001 -0.     0.002  0.    -0.     0.     0.     0.   ]
 [ 0.    -0.092 -0.221  0.108 -0.749 -0.001  0.164 -0.013 -0.452 -0.194  0.035  0.068 -0.293 -0.031  0.088 -0.024  0.001  0.001 -0.001  0.009  0.001 -0.001 -0.001 -0.001  0.003  0.    -0.001  0.     0.     0.001]
 [ 0.    -0.167 -0.214  0.167 -0.024 -0.235 -0.858 -0.126 -0.088 -0.013 -0.078  0.016 -0.06   0.232 -0.134 -0.016  0.003  0.003 -0.004  0.02   0.004 -0.002 -0.005 -0.003  0.006  0.001 -0.002  0.    -0.     0.002]
 [ 0.    -0.951  0.038 -0.065  0.076  0.058  0.132  0.042  0.055  0.088  0.04   0.014 -0.008 -0.009 -0.007  0.03   0.043  0.037 -0.048  0.169  0.056 -0.025 -0.067 -0.033  0.054  0.021 -0.024  0.004 -0.018  0.015]
 [ 0.    -0.167  0.003 -0.008  0.009  0.006  0.011  0.004  0.006  0.011  0.005  0.003 -0.003  0.001 -0.002  0.004 -0.374 -0.236  0.27  -0.24  -0.419  0.16   0.443  0.11  -0.269 -0.178  0.113 -0.057  0.311  0.141]
 [ 0.    -0.092  0.001 -0.003  0.004  0.002  0.004  0.002  0.002  0.005  0.002  0.001 -0.001  0.001 -0.001  0.002  0.221  0.207  0.044 -0.473 -0.139 -0.033  0.27   0.119  0.26   0.088  0.131  0.128 -0.07  -0.673]
 [ 0.    -0.064  0.    -0.002  0.002  0.001  0.002  0.001  0.001  0.003  0.001  0.001 -0.001  0.001 -0.001  0.001  0.046 -0.424  0.443 -0.363  0.245 -0.244 -0.299  0.197  0.016 -0.32   0.029  0.037 -0.359  0.068]
 [ 0.    -0.048  0.    -0.001  0.001  0.001  0.001  0.001  0.001  0.002  0.001  0.001 -0.001  0.001 -0.     0.001 -0.174  0.219 -0.185 -0.379  0.063  0.503 -0.172  0.38   0.081  0.276  0.096  0.187 -0.206  0.375]
 [ 0.    -0.039  0.    -0.001  0.001  0.001  0.001  0.     0.     0.001  0.     0.    -0.001  0.001 -0.     0.    -0.059 -0.494 -0.527 -0.319 -0.202  0.017  0.01  -0.336 -0.021  0.122 -0.361 -0.098 -0.244 -0.046]
 [ 0.    -0.032  0.    -0.001  0.001  0.     0.001  0.     0.     0.001  0.     0.    -0.     0.    -0.     0.     0.072  0.185  0.025 -0.194  0.123  0.071 -0.101  0.044 -0.252  0.095  0.085 -0.896 -0.029 -0.075]
 [ 0.    -0.027  0.    -0.001  0.001  0.     0.     0.     0.     0.001  0.     0.    -0.     0.    -0.     0.     0.043 -0.015 -0.06  -0.001  0.329  0.052  0.15  -0.141 -0.774  0.144  0.233  0.302 -0.206 -0.181]
 [ 0.    -0.023  0.    -0.     0.     0.     0.     0.     0.     0.001  0.     0.    -0.     0.    -0.     0.     0.164  0.007  0.219 -0.356  0.396 -0.062  0.228 -0.494  0.198  0.285  0.017  0.036  0.322  0.34 ]
 [ 0.    -0.02  -0.    -0.     0.     0.     0.     0.     0.     0.     0.     0.    -0.     0.    -0.     0.    -0.472  0.204 -0.275 -0.234  0.415 -0.178 -0.112  0.098 -0.058 -0.323 -0.285  0.067  0.383 -0.195]
 [ 0.    -0.018 -0.    -0.     0.     0.     0.     0.     0.     0.     0.     0.    -0.     0.    -0.     0.     0.017  0.47   0.368 -0.139 -0.308 -0.013 -0.16  -0.237 -0.253 -0.011 -0.578  0.118 -0.177  0.062]
 [ 0.    -0.015 -0.    -0.     0.     0.     0.     0.     0.     0.     0.     0.    -0.     0.    -0.     0.     0.188 -0.175  0.02  -0.139 -0.255  0.021 -0.646 -0.017 -0.185  0.223  0.155  0.133  0.533 -0.144]
 [ 0.    -0.013 -0.    -0.     0.     0.     0.     0.     0.     0.     0.     0.    -0.     0.    -0.     0.     0.627  0.025 -0.267 -0.116 -0.028 -0.202  0.225  0.418 -0.21  -0.171 -0.239  0.036  0.185  0.297]
 [ 0.    -0.011 -0.    -0.     0.     0.     0.     0.     0.     0.     0.     0.    -0.     0.    -0.     0.     0.143  0.249 -0.245 -0.173 -0.162  0.102 -0.126 -0.41   0.019 -0.624  0.43   0.032 -0.076  0.159]
 [ 0.    -0.008 -0.    -0.     0.     0.     0.     0.     0.     0.     0.     0.    -0.     0.    -0.     0.    -0.259  0.195 -0.144 -0.106 -0.239 -0.752 -0.017  0.05  -0.044  0.288  0.293  0.007 -0.134  0.222]]
DEBUG: C2 = 
[[1. 0. 0. 0. 0. 0. 0. 0. 0. 0. 0. 0. 0. 0. 0. 0. 0. 0. 0. 0. 0. 0. 0. 0. 0. 0. 0. 0. 0. 0.]
 [0. 1. 0. 0. 0. 0. 0. 0. 0. 0. 0. 0. 0. 0. 0. 0. 0. 0. 0. 0. 0. 0. 0. 0. 0. 0. 0. 0. 0. 0.]
 [0. 0. 1. 0. 0. 0. 0. 0. 0. 0. 0. 0. 0. 0. 0. 0. 0. 0. 0. 0. 0. 0. 0. 0. 0. 0. 0. 0. 0. 0.]
 [0. 0. 0. 1. 0. 0. 0. 0. 0. 0. 0. 0. 0. 0. 0. 0. 0. 0. 0. 0. 0. 0. 0. 0. 0. 0. 0. 0. 0. 0.]
 [0. 0. 0. 0. 1. 0. 0. 0. 0. 0. 0. 0. 0. 0. 0. 0. 0. 0. 0. 0. 0. 0. 0. 0. 0. 0. 0. 0. 0. 0.]
 [0. 0. 0. 0. 0. 1. 0. 0. 0. 0. 0. 0. 0. 0. 0. 0. 0. 0. 0. 0. 0. 0. 0. 0. 0. 0. 0. 0. 0. 0.]
 [0. 0. 0. 0. 0. 0. 1. 0. 0. 0. 0. 0. 0. 0. 0. 0. 0. 0. 0. 0. 0. 0. 0. 0. 0. 0. 0. 0. 0. 0.]
 [0. 0. 0. 0. 0. 0. 0. 1. 0. 0. 0. 0. 0. 0. 0. 0. 0. 0. 0. 0. 0. 0. 0. 0. 0. 0. 0. 0. 0. 0.]
 [0. 0. 0. 0. 0. 0. 0. 0. 1. 0. 0. 0. 0. 0. 0. 0. 0. 0. 0. 0. 0. 0. 0. 0. 0. 0. 0. 0. 0. 0.]
 [0. 0. 0. 0. 0. 0. 0. 0. 0. 1. 0. 0. 0. 0. 0. 0. 0. 0. 0. 0. 0. 0. 0. 0. 0. 0. 0. 0. 0. 0.]
 [0. 0. 0. 0. 0. 0. 0. 0. 0. 0. 1. 0. 0. 0. 0. 0. 0. 0. 0. 0. 0. 0. 0. 0. 0. 0. 0. 0. 0. 0.]
 [0. 0. 0. 0. 0. 0. 0. 0. 0. 0. 0. 1. 0. 0. 0. 0. 0. 0. 0. 0. 0. 0. 0. 0. 0. 0. 0. 0. 0. 0.]
 [0. 0. 0. 0. 0. 0. 0. 0. 0. 0. 0. 0. 1. 0. 0. 0. 0. 0. 0. 0. 0. 0. 0. 0. 0. 0. 0. 0. 0. 0.]
 [0. 0. 0. 0. 0. 0. 0. 0. 0. 0. 0. 0. 0. 1. 0. 0. 0. 0. 0. 0. 0. 0. 0. 0. 0. 0. 0. 0. 0. 0.]
 [0. 0. 0. 0. 0. 0. 0. 0. 0. 0. 0. 0. 0. 0. 1. 0. 0. 0. 0. 0. 0. 0. 0. 0. 0. 0. 0. 0. 0. 0.]
 [0. 0. 0. 0. 0. 0. 0. 0. 0. 0. 0. 0. 0. 0. 0. 1. 0. 0. 0. 0. 0. 0. 0. 0. 0. 0. 0. 0. 0. 0.]
 [0. 0. 0. 0. 0. 0. 0. 0. 0. 0. 0. 0. 0. 0. 0. 0. 1. 0. 0. 0. 0. 0. 0. 0. 0. 0. 0. 0. 0. 0.]
 [0. 0. 0. 0. 0. 0. 0. 0. 0. 0. 0. 0. 0. 0. 0. 0. 0. 1. 0. 0. 0. 0. 0. 0. 0. 0. 0. 0. 0. 0.]
 [0. 0. 0. 0. 0. 0. 0. 0. 0. 0. 0. 0. 0. 0. 0. 0. 0. 0. 1. 0. 0. 0. 0. 0. 0. 0. 0. 0. 0. 0.]
 [0. 0. 0. 0. 0. 0. 0. 0. 0. 0. 0. 0. 0. 0. 0. 0. 0. 0. 0. 1. 0. 0. 0. 0. 0. 0. 0. 0. 0. 0.]
 [0. 0. 0. 0. 0. 0. 0. 0. 0. 0. 0. 0. 0. 0. 0. 0. 0. 0. 0. 0. 1. 0. 0. 0. 0. 0. 0. 0. 0. 0.]
 [0. 0. 0. 0. 0. 0. 0. 0. 0. 0. 0. 0. 0. 0. 0. 0. 0. 0. 0. 0. 0. 1. 0. 0. 0. 0. 0. 0. 0. 0.]
 [0. 0. 0. 0. 0. 0. 0. 0. 0. 0. 0. 0. 0. 0. 0. 0. 0. 0. 0. 0. 0. 0. 1. 0. 0. 0. 0. 0. 0. 0.]
 [0. 0. 0. 0. 0. 0. 0. 0. 0. 0. 0. 0. 0. 0. 0. 0. 0. 0. 0. 0. 0. 0. 0. 1. 0. 0. 0. 0. 0. 0.]
 [0. 0. 0. 0. 0. 0. 0. 0. 0. 0. 0. 0. 0. 0. 0. 0. 0. 0. 0. 0. 0. 0. 0. 0. 1. 0. 0. 0. 0. 0.]
 [0. 0. 0. 0. 0. 0. 0. 0. 0. 0. 0. 0. 0. 0. 0. 0. 0. 0. 0. 0. 0. 0. 0. 0. 0. 1. 0. 0. 0. 0.]
 [0. 0. 0. 0. 0. 0. 0. 0. 0. 0. 0. 0. 0. 0. 0. 0. 0. 0. 0. 0. 0. 0. 0. 0. 0. 0. 1. 0. 0. 0.]
 [0. 0. 0. 0. 0. 0. 0. 0. 0. 0. 0. 0. 0. 0. 0. 0. 0. 0. 0. 0. 0. 0. 0. 0. 0. 0. 0. 1. 0. 0.]
 [0. 0. 0. 0. 0. 0. 0. 0. 0. 0. 0. 0. 0. 0. 0. 0. 0. 0. 0. 0. 0. 0. 0. 0. 0. 0. 0. 0. 1. 0.]
 [0. 0. 0. 0. 0. 0. 0. 0. 0. 0. 0. 0. 0. 0. 0. 0. 0. 0. 0. 0. 0. 0. 0. 0. 0. 0. 0. 0. 0. 1.]]
DEBUG: C3 = 
[[-0.707  0.707  0.     0.     0.     0.     0.     0.     0.     0.     0.     0.     0.     0.     0.     0.     0.     0.     0.     0.     0.     0.     0.     0.     0.     0.     0.     0.     0.     0.   ]
 [-0.707 -0.707  0.     0.     0.     0.     0.     0.     0.     0.     0.     0.     0.     0.     0.     0.     0.     0.     0.     0.     0.     0.     0.     0.     0.     0.     0.     0.     0.     0.   ]
 [ 0.     0.     1.     0.     0.     0.     0.     0.     0.     0.     0.     0.     0.     0.     0.     0.     0.     0.     0.     0.     0.     0.     0.     0.     0.     0.     0.     0.     0.     0.   ]
 [ 0.     0.     0.     1.     0.     0.     0.     0.     0.     0.     0.     0.     0.     0.     0.     0.     0.     0.     0.     0.     0.     0.     0.     0.     0.     0.     0.     0.     0.     0.   ]
 [ 0.     0.     0.     0.     1.     0.     0.     0.     0.     0.     0.     0.     0.     0.     0.     0.     0.     0.     0.     0.     0.     0.     0.     0.     0.     0.     0.     0.     0.     0.   ]
 [ 0.     0.     0.     0.     0.     1.     0.     0.     0.     0.     0.     0.     0.     0.     0.     0.     0.     0.     0.     0.     0.     0.     0.     0.     0.     0.     0.     0.     0.     0.   ]
 [ 0.     0.     0.     0.     0.     0.     1.     0.     0.     0.     0.     0.     0.     0.     0.     0.     0.     0.     0.     0.     0.     0.     0.     0.     0.     0.     0.     0.     0.     0.   ]
 [ 0.     0.     0.     0.     0.     0.     0.     1.     0.     0.     0.     0.     0.     0.     0.     0.     0.     0.     0.     0.     0.     0.     0.     0.     0.     0.     0.     0.     0.     0.   ]
 [ 0.     0.     0.     0.     0.     0.     0.     0.     1.     0.     0.     0.     0.     0.     0.     0.     0.     0.     0.     0.     0.     0.     0.     0.     0.     0.     0.     0.     0.     0.   ]
 [ 0.     0.     0.     0.     0.     0.     0.     0.     0.     1.     0.     0.     0.     0.     0.     0.     0.     0.     0.     0.     0.     0.     0.     0.     0.     0.     0.     0.     0.     0.   ]
 [ 0.     0.     0.     0.     0.     0.     0.     0.     0.     0.     1.     0.     0.     0.     0.     0.     0.     0.     0.     0.     0.     0.     0.     0.     0.     0.     0.     0.     0.     0.   ]
 [ 0.     0.     0.     0.     0.     0.     0.     0.     0.     0.     0.     1.     0.     0.     0.     0.     0.     0.     0.     0.     0.     0.     0.     0.     0.     0.     0.     0.     0.     0.   ]
 [ 0.     0.     0.     0.     0.     0.     0.     0.     0.     0.     0.     0.     1.     0.     0.     0.     0.     0.     0.     0.     0.     0.     0.     0.     0.     0.     0.     0.     0.     0.   ]
 [ 0.     0.     0.     0.     0.     0.     0.     0.     0.     0.     0.     0.     0.     1.     0.     0.     0.     0.     0.     0.     0.     0.     0.     0.     0.     0.     0.     0.     0.     0.   ]
 [ 0.     0.     0.     0.     0.     0.     0.     0.     0.     0.     0.     0.     0.     0.     1.     0.     0.     0.     0.     0.     0.     0.     0.     0.     0.     0.     0.     0.     0.     0.   ]
 [ 0.     0.     0.     0.     0.     0.     0.     0.     0.     0.     0.     0.     0.     0.     0.     1.     0.     0.     0.     0.     0.     0.     0.     0.     0.     0.     0.     0.     0.     0.   ]
 [ 0.     0.     0.     0.     0.     0.     0.     0.     0.     0.     0.     0.     0.     0.     0.     0.     1.     0.     0.     0.     0.     0.     0.     0.     0.     0.     0.     0.     0.     0.   ]
 [ 0.     0.     0.     0.     0.     0.     0.     0.     0.     0.     0.     0.     0.     0.     0.     0.     0.     1.     0.     0.     0.     0.     0.     0.     0.     0.     0.     0.     0.     0.   ]
 [ 0.     0.     0.     0.     0.     0.     0.     0.     0.     0.     0.     0.     0.     0.     0.     0.     0.     0.     1.     0.     0.     0.     0.     0.     0.     0.     0.     0.     0.     0.   ]
 [ 0.     0.     0.     0.     0.     0.     0.     0.     0.     0.     0.     0.     0.     0.     0.     0.     0.     0.     0.     1.     0.     0.     0.     0.     0.     0.     0.     0.     0.     0.   ]
 [ 0.     0.     0.     0.     0.     0.     0.     0.     0.     0.     0.     0.     0.     0.     0.     0.     0.     0.     0.     0.     1.     0.     0.     0.     0.     0.     0.     0.     0.     0.   ]
 [ 0.     0.     0.     0.     0.     0.     0.     0.     0.     0.     0.     0.     0.     0.     0.     0.     0.     0.     0.     0.     0.     1.     0.     0.     0.     0.     0.     0.     0.     0.   ]
 [ 0.     0.     0.     0.     0.     0.     0.     0.     0.     0.     0.     0.     0.     0.     0.     0.     0.     0.     0.     0.     0.     0.     1.     0.     0.     0.     0.     0.     0.     0.   ]
 [ 0.     0.     0.     0.     0.     0.     0.     0.     0.     0.     0.     0.     0.     0.     0.     0.     0.     0.     0.     0.     0.     0.     0.     1.     0.     0.     0.     0.     0.     0.   ]
 [ 0.     0.     0.     0.     0.     0.     0.     0.     0.     0.     0.     0.     0.     0.     0.     0.     0.     0.     0.     0.     0.     0.     0.     0.     1.     0.     0.     0.     0.     0.   ]
 [ 0.     0.     0.     0.     0.     0.     0.     0.     0.     0.     0.     0.     0.     0.     0.     0.     0.     0.     0.     0.     0.     0.     0.     0.     0.     1.     0.     0.     0.     0.   ]
 [ 0.     0.     0.     0.     0.     0.     0.     0.     0.     0.     0.     0.     0.     0.     0.     0.     0.     0.     0.     0.     0.     0.     0.     0.     0.     0.     1.     0.     0.     0.   ]
 [ 0.     0.     0.     0.     0.     0.     0.     0.     0.     0.     0.     0.     0.     0.     0.     0.     0.     0.     0.     0.     0.     0.     0.     0.     0.     0.     0.     1.     0.     0.   ]
 [ 0.     0.     0.     0.     0.     0.     0.     0.     0.     0.     0.     0.     0.     0.     0.     0.     0.     0.     0.     0.     0.     0.     0.     0.     0.     0.     0.     0.     1.     0.   ]
 [ 0.     0.     0.     0.     0.     0.     0.     0.     0.     0.     0.     0.     0.     0.     0.     0.     0.     0.     0.     0.     0.     0.     0.     0.     0.     0.     0.     0.     0.     1.   ]]
DEBUG: C4 = 
[[ 1.     0.     0.     0.     0.     0.     0.     0.     0.     0.     0.     0.     0.     0.     0.     0.     0.     0.     0.     0.     0.     0.     0.     0.     0.     0.     0.     0.     0.     0.   ]
 [ 0.     1.     0.     0.     0.     0.     0.     0.     0.     0.     0.     0.     0.     0.     0.     0.     0.     0.     0.     0.     0.     0.     0.     0.     0.     0.     0.     0.     0.     0.   ]
 [ 0.     0.    -0.076  0.232  0.308 -0.1   -0.026  0.473 -0.098 -0.518 -0.268  0.459  0.085 -0.161 -0.09   0.089  0.     0.     0.     0.     0.     0.     0.     0.     0.     0.     0.     0.     0.     0.   ]
 [ 0.     0.    -0.397  0.035  0.049  0.025 -0.675  0.313  0.269  0.167 -0.217 -0.337 -0.08  -0.015 -0.079 -0.108  0.     0.     0.     0.     0.     0.     0.     0.     0.     0.     0.     0.     0.     0.   ]
 [ 0.     0.     0.315  0.215  0.066  0.164 -0.087 -0.232 -0.18  -0.366 -0.315 -0.601  0.072 -0.173  0.008  0.317  0.     0.     0.     0.     0.     0.     0.     0.     0.     0.     0.     0.     0.     0.   ]
 [ 0.     0.     0.156  0.152  0.11   0.17  -0.013 -0.268  0.319  0.348 -0.508  0.296  0.415  0.224 -0.195  0.1    0.     0.     0.     0.     0.     0.     0.     0.     0.     0.     0.     0.     0.     0.   ]
 [ 0.     0.     0.266  0.168  0.329  0.423  0.392  0.467  0.264  0.166  0.14  -0.255 -0.14   0.046 -0.119 -0.158  0.     0.     0.     0.     0.     0.     0.     0.     0.     0.     0.     0.     0.     0.   ]
 [ 0.     0.     0.095  0.298 -0.262  0.387 -0.273  0.265 -0.447  0.177  0.238  0.106  0.374  0.148  0.274  0.054  0.     0.     0.     0.     0.     0.     0.     0.     0.     0.     0.     0.     0.     0.   ]
 [ 0.     0.     0.114  0.1    0.461  0.051 -0.231 -0.206 -0.307  0.085 -0.081  0.15  -0.557  0.442  0.171 -0.028  0.     0.     0.     0.     0.     0.     0.     0.     0.     0.     0.     0.     0.     0.   ]
 [ 0.     0.     0.478  0.327  0.015 -0.364 -0.218 -0.036 -0.055  0.3    0.048  0.088 -0.082 -0.511 -0.083 -0.326  0.     0.     0.     0.     0.     0.     0.     0.     0.     0.     0.     0.     0.     0.   ]
 [ 0.     0.     0.146  0.091  0.345 -0.355 -0.141 -0.052  0.369 -0.207  0.357 -0.126  0.392  0.27   0.391 -0.038  0.     0.     0.     0.     0.     0.     0.     0.     0.     0.     0.     0.     0.     0.   ]
 [ 0.     0.     0.334 -0.461  0.077  0.415 -0.411 -0.086  0.229 -0.191  0.271  0.263 -0.058 -0.225 -0.122  0.145  0.     0.     0.     0.     0.     0.     0.     0.     0.     0.     0.     0.     0.     0.   ]
 [ 0.     0.    -0.296  0.137  0.174  0.343  0.006 -0.381 -0.094 -0.258  0.07  -0.001  0.188 -0.122 -0.093 -0.679  0.     0.     0.     0.     0.     0.     0.     0.     0.     0.     0.     0.     0.     0.   ]
 [ 0.     0.     0.394 -0.421 -0.237 -0.078 -0.03   0.241 -0.092 -0.179 -0.391 -0.073  0.074  0.285  0.118 -0.498  0.     0.     0.     0.     0.     0.     0.     0.     0.     0.     0.     0.     0.     0.   ]
 [ 0.     0.    -0.104 -0.092  0.068  0.191  0.125 -0.018  0.157  0.129 -0.283  0.096 -0.086 -0.403  0.79  -0.007  0.     0.     0.     0.     0.     0.     0.     0.     0.     0.     0.     0.     0.     0.   ]
 [ 0.     0.     0.079  0.465 -0.529  0.107 -0.04  -0.082  0.433 -0.312  0.012  0.145 -0.357  0.179  0.092 -0.06   0.     0.     0.     0.     0.     0.     0.     0.     0.     0.     0.     0.     0.     0.   ]
 [ 0.     0.     0.     0.     0.     0.     0.     0.     0.     0.     0.     0.     0.     0.     0.     0.     0.05   0.278  0.001  0.007 -0.529 -0.247 -0.473  0.383  0.248  0.057 -0.015  0.006  0.248  0.288]
 [ 0.     0.     0.     0.     0.     0.     0.     0.     0.     0.     0.     0.     0.     0.     0.     0.     0.072  0.414  0.024 -0.051  0.082  0.291 -0.153 -0.03  -0.374  0.06  -0.117  0.653 -0.226  0.263]
 [ 0.     0.     0.     0.     0.     0.     0.     0.     0.     0.     0.     0.     0.     0.     0.     0.    -0.058 -0.305  0.072 -0.414 -0.006  0.359  0.009 -0.062  0.307 -0.532 -0.016  0.096  0.129  0.436]
 [ 0.     0.     0.     0.     0.     0.     0.     0.     0.     0.     0.     0.     0.     0.     0.     0.    -0.898  0.26  -0.102 -0.061  0.111 -0.133  0.035  0.088  0.096 -0.151  0.015  0.133  0.032 -0.147]
 [ 0.     0.     0.     0.     0.     0.     0.     0.     0.     0.     0.     0.     0.     0.     0.     0.     0.016 -0.022 -0.657  0.106  0.053  0.243 -0.409 -0.295  0.381  0.115  0.121  0.001 -0.244 -0.089]
 [ 0.     0.     0.     0.     0.     0.     0.     0.     0.     0.     0.     0.     0.     0.     0.     0.    -0.063 -0.405 -0.304 -0.21  -0.249 -0.508 -0.016 -0.231 -0.237 -0.005 -0.447  0.217 -0.116  0.073]
 [ 0.     0.     0.     0.     0.     0.     0.     0.     0.     0.     0.     0.     0.     0.     0.     0.    -0.081 -0.346  0.204 -0.186  0.49  -0.142 -0.372  0.031  0.054  0.47   0.163  0.216  0.309  0.075]
 [ 0.     0.     0.     0.     0.     0.     0.     0.     0.     0.     0.     0.     0.     0.     0.     0.    -0.056 -0.274  0.267  0.037 -0.341  0.024  0.24   0.163  0.391  0.237  0.21   0.417 -0.445 -0.153]
 [ 0.     0.     0.     0.     0.     0.     0.     0.     0.     0.     0.     0.     0.     0.     0.     0.    -0.404 -0.183  0.165  0.188 -0.29   0.327 -0.077 -0.213 -0.259  0.362 -0.018 -0.354 -0.114  0.402]
 [ 0.     0.     0.     0.     0.     0.     0.     0.     0.     0.     0.     0.     0.     0.     0.     0.    -0.007 -0.101 -0.335  0.181  0.22   0.192  0.334  0.534  0.16   0.254 -0.464  0.002  0.077  0.226]
 [ 0.     0.     0.     0.     0.     0.     0.     0.     0.     0.     0.     0.     0.     0.     0.     0.    -0.019 -0.045  0.414  0.343  0.256 -0.086 -0.384 -0.008  0.213 -0.246 -0.496 -0.093 -0.355 -0.039]
 [ 0.     0.     0.     0.     0.     0.     0.     0.     0.     0.     0.     0.     0.     0.     0.     0.    -0.007  0.107  0.163 -0.186 -0.241  0.351 -0.011 -0.262  0.165  0.219 -0.475  0.085  0.395 -0.462]
 [ 0.     0.     0.     0.     0.     0.     0.     0.     0.     0.     0.     0.     0.     0.     0.     0.     0.046  0.292  0.059 -0.685  0.118 -0.082  0.036  0.056  0.125  0.264 -0.115 -0.361 -0.427  0.064]
 [ 0.     0.     0.     0.     0.     0.     0.     0.     0.     0.     0.     0.     0.     0.     0.     0.     0.051  0.297  0.082  0.204  0.103 -0.297  0.348 -0.52   0.395  0.151 -0.03   0.091  0.141  0.403]]
DEBUG: C_total = 
[[-0.707  0.707  0.     0.     0.     0.     0.     0.     0.     0.     0.     0.     0.     0.     0.     0.     0.     0.     0.     0.     0.     0.     0.     0.     0.     0.     0.     0.     0.     0.   ]
 [ 0.005  0.005 -0.162  0.321 -0.429  0.472 -0.447  0.373 -0.276  0.182 -0.106  0.054 -0.024  0.009 -0.003  0.001 -0.     0.    -0.     0.    -0.     0.    -0.     0.    -0.     0.    -0.     0.    -0.     0.   ]
 [ 0.008  0.008 -0.211  0.36  -0.351  0.186  0.062 -0.292  0.424 -0.436  0.358 -0.243  0.137 -0.063  0.023 -0.005 -0.     0.    -0.     0.    -0.     0.    -0.     0.    -0.     0.    -0.     0.    -0.     0.   ]
 [ 0.009  0.009 -0.237  0.339 -0.196 -0.092  0.319 -0.326  0.115  0.177 -0.389  0.44  -0.356  0.217 -0.098  0.029 -0.     0.    -0.     0.    -0.     0.    -0.     0.    -0.     0.    -0.     0.    -0.     0.   ]
 [ 0.011  0.011 -0.255  0.294 -0.037 -0.261  0.301 -0.039 -0.27   0.339 -0.109 -0.226  0.431 -0.415  0.26  -0.1   -0.001  0.    -0.     0.    -0.     0.    -0.     0.    -0.     0.    -0.     0.    -0.     0.   ]
 [ 0.012  0.012 -0.268  0.236  0.102 -0.312  0.119  0.234 -0.298 -0.012  0.326 -0.276 -0.089  0.41  -0.438  0.237 -0.001  0.    -0.     0.    -0.     0.    -0.     0.    -0.     0.    -0.     0.    -0.     0.   ]
 [ 0.014  0.014 -0.277  0.168  0.209 -0.261 -0.102  0.312 -0.03  -0.312  0.183  0.239 -0.338 -0.052  0.447 -0.412 -0.001  0.    -0.     0.    -0.     0.    -0.     0.    -0.     0.    -0.     0.    -0.     0.   ]
 [ 0.017  0.017 -0.285  0.095  0.277 -0.137 -0.264  0.174  0.251 -0.216 -0.234  0.268  0.211 -0.344 -0.174  0.534 -0.001  0.    -0.     0.    -0.     0.    -0.     0.    -0.     0.    -0.     0.    -0.     0.   ]
 [ 0.019  0.019 -0.29   0.017  0.3    0.024 -0.302 -0.077  0.299  0.137 -0.289 -0.208  0.269  0.306 -0.227 -0.524 -0.001  0.    -0.     0.    -0.     0.    -0.     0.    -0.     0.    -0.     0.    -0.     0.   ]
 [ 0.023  0.023 -0.293 -0.064  0.277  0.182 -0.201 -0.281  0.071  0.33   0.103 -0.294 -0.3    0.119  0.463  0.388 -0.002  0.001 -0.     0.    -0.     0.    -0.     0.    -0.     0.    -0.     0.    -0.     0.   ]
 [ 0.027  0.027 -0.294 -0.145  0.206  0.293  0.006 -0.296 -0.243  0.107  0.351  0.217 -0.16  -0.434 -0.418 -0.214 -0.002  0.001 -0.     0.    -0.     0.    -0.     0.    -0.     0.    -0.     0.    -0.     0.   ]
 [ 0.034  0.034 -0.292 -0.226  0.087  0.316  0.236 -0.073 -0.325 -0.3   -0.023  0.292  0.444  0.392  0.232  0.086 -0.003  0.001 -0.     0.    -0.     0.    -0.     0.    -0.     0.    -0.     0.    -0.     0.   ]
 [ 0.045  0.045 -0.286 -0.302 -0.076  0.21   0.354  0.267  0.011 -0.262 -0.422 -0.427 -0.323 -0.188 -0.082 -0.024 -0.005  0.002 -0.001  0.    -0.     0.    -0.     0.    -0.     0.    -0.     0.    -0.     0.   ]
 [ 0.065  0.065 -0.273 -0.368 -0.274 -0.055  0.191  0.373  0.446  0.414  0.317  0.205  0.111  0.049  0.017  0.004 -0.009  0.004 -0.002  0.001 -0.     0.    -0.     0.    -0.     0.    -0.     0.    -0.     0.   ]
 [ 0.118  0.118 -0.235 -0.396 -0.467 -0.461 -0.4   -0.31  -0.216 -0.136 -0.076 -0.038 -0.016 -0.006 -0.002 -0.    -0.019  0.011 -0.006  0.003 -0.001  0.001 -0.     0.    -0.     0.    -0.     0.    -0.     0.   ]
 [ 0.672  0.672  0.156  0.116  0.079  0.051  0.031  0.018  0.01   0.005  0.002  0.001  0.     0.     0.     0.    -0.156  0.116 -0.079  0.051 -0.031  0.018 -0.01   0.005 -0.002  0.001 -0.     0.    -0.     0.   ]
 [ 0.118  0.118  0.019  0.011  0.006  0.003  0.001  0.001  0.     0.     0.     0.     0.     0.     0.     0.     0.235 -0.396  0.467 -0.461  0.4   -0.31   0.216 -0.136  0.076 -0.038  0.016 -0.006  0.002 -0.   ]
 [ 0.065  0.065  0.009  0.004  0.002  0.001  0.     0.     0.     0.     0.     0.     0.     0.     0.     0.     0.273 -0.368  0.274 -0.055 -0.191  0.373 -0.446  0.414 -0.317  0.205 -0.111  0.049 -0.017  0.004]
 [ 0.045  0.045  0.005  0.002  0.001  0.     0.     0.     0.     0.     0.     0.     0.     0.     0.     0.     0.286 -0.302  0.076  0.21  -0.354  0.267 -0.011 -0.262  0.422 -0.427  0.323 -0.188  0.082 -0.024]
 [ 0.034  0.034  0.003  0.001  0.     0.     0.     0.     0.     0.     0.     0.     0.     0.     0.     0.     0.292 -0.226 -0.087  0.316 -0.236 -0.073  0.325 -0.3    0.023  0.292 -0.444  0.392 -0.232  0.086]
 [ 0.027  0.027  0.002  0.001  0.     0.     0.     0.     0.     0.     0.     0.     0.     0.     0.     0.     0.294 -0.145 -0.206  0.293 -0.006 -0.296  0.243  0.107 -0.351  0.217  0.16  -0.434  0.418 -0.214]
 [ 0.023  0.023  0.002  0.001  0.     0.     0.     0.     0.     0.     0.     0.     0.     0.     0.     0.     0.293 -0.064 -0.277  0.182  0.201 -0.281 -0.071  0.33  -0.103 -0.294  0.3    0.119 -0.463  0.388]
 [ 0.019  0.019  0.001  0.     0.     0.     0.     0.     0.     0.     0.     0.     0.     0.     0.     0.     0.29   0.017 -0.3    0.024  0.302 -0.077 -0.299  0.137  0.289 -0.208 -0.269  0.306  0.227 -0.524]
 [ 0.017  0.017  0.001  0.     0.     0.     0.     0.     0.     0.     0.     0.     0.     0.     0.     0.     0.285  0.095 -0.277 -0.137  0.264  0.174 -0.251 -0.216  0.234  0.268 -0.211 -0.344  0.174  0.534]
 [ 0.014  0.014  0.001  0.     0.     0.     0.     0.     0.     0.     0.     0.     0.     0.     0.     0.     0.277  0.168 -0.209 -0.261  0.102  0.312  0.03  -0.312 -0.183  0.239  0.338 -0.052 -0.447 -0.412]
 [ 0.012  0.012  0.001  0.     0.     0.     0.     0.     0.     0.     0.     0.     0.     0.     0.     0.     0.268  0.236 -0.102 -0.312 -0.119  0.234  0.298 -0.012 -0.326 -0.276  0.089  0.41   0.438  0.237]
 [ 0.011  0.011  0.001  0.     0.     0.     0.     0.     0.     0.     0.     0.     0.     0.     0.     0.     0.255  0.294  0.037 -0.261 -0.301 -0.039  0.27   0.339  0.109 -0.226 -0.431 -0.415 -0.26  -0.1  ]
 [ 0.009  0.009  0.     0.     0.     0.     0.     0.     0.     0.     0.     0.     0.     0.     0.     0.     0.237  0.339  0.196 -0.092 -0.319 -0.326 -0.115  0.177  0.389  0.44   0.356  0.217  0.098  0.029]
 [ 0.008  0.008  0.     0.     0.     0.     0.     0.     0.     0.     0.     0.     0.     0.     0.     0.     0.211  0.36   0.351  0.186 -0.062 -0.292 -0.424 -0.436 -0.358 -0.243 -0.137 -0.063 -0.023 -0.005]
 [ 0.005  0.005  0.     0.     0.     0.     0.     0.     0.     0.     0.     0.     0.     0.     0.     0.     0.162  0.321  0.429  0.472  0.447  0.373  0.276  0.182  0.106  0.054  0.024  0.009  0.003  0.001]]
DEBUG: C_total_restored = 
[[ 1.     0.     0.     0.     0.     0.     0.     0.     0.     0.     0.     0.     0.     0.     0.     0.     0.     0.     0.     0.     0.     0.     0.     0.     0.     0.     0.     0.     0.     0.   ]
 [-0.    -0.008 -0.162  0.321 -0.429  0.472 -0.447  0.373 -0.276  0.182 -0.106  0.054 -0.024  0.009 -0.003  0.001 -0.     0.    -0.     0.    -0.     0.    -0.     0.    -0.     0.    -0.     0.    -0.     0.   ]
 [-0.    -0.011 -0.211  0.36  -0.351  0.186  0.062 -0.292  0.424 -0.436  0.358 -0.243  0.137 -0.063  0.023 -0.005 -0.     0.    -0.     0.    -0.     0.    -0.     0.    -0.     0.    -0.     0.    -0.     0.   ]
 [ 0.    -0.013 -0.237  0.339 -0.196 -0.092  0.319 -0.326  0.115  0.177 -0.389  0.44  -0.356  0.217 -0.098  0.029 -0.     0.    -0.     0.    -0.     0.    -0.     0.    -0.     0.    -0.     0.    -0.     0.   ]
 [ 0.    -0.015 -0.255  0.294 -0.037 -0.261  0.301 -0.039 -0.27   0.339 -0.109 -0.226  0.431 -0.415  0.26  -0.1   -0.001  0.    -0.     0.    -0.     0.    -0.     0.    -0.     0.    -0.     0.    -0.     0.   ]
 [-0.    -0.018 -0.268  0.236  0.102 -0.312  0.119  0.234 -0.298 -0.012  0.326 -0.276 -0.089  0.41  -0.438  0.237 -0.001  0.    -0.     0.    -0.     0.    -0.     0.    -0.     0.    -0.     0.    -0.     0.   ]
 [-0.    -0.02  -0.277  0.168  0.209 -0.261 -0.102  0.312 -0.03  -0.312  0.183  0.239 -0.338 -0.052  0.447 -0.412 -0.001  0.    -0.     0.    -0.     0.    -0.     0.    -0.     0.    -0.     0.    -0.     0.   ]
 [-0.    -0.023 -0.285  0.095  0.277 -0.137 -0.264  0.174  0.251 -0.216 -0.234  0.268  0.211 -0.344 -0.174  0.534 -0.001  0.    -0.     0.    -0.     0.    -0.     0.    -0.     0.    -0.     0.    -0.     0.   ]
 [-0.    -0.027 -0.29   0.017  0.3    0.024 -0.302 -0.077  0.299  0.137 -0.289 -0.208  0.269  0.306 -0.227 -0.524 -0.001  0.    -0.     0.    -0.     0.    -0.     0.    -0.     0.    -0.     0.    -0.     0.   ]
 [-0.    -0.032 -0.293 -0.064  0.277  0.182 -0.201 -0.281  0.071  0.33   0.103 -0.294 -0.3    0.119  0.463  0.388 -0.002  0.001 -0.     0.    -0.     0.    -0.     0.    -0.     0.    -0.     0.    -0.     0.   ]
 [ 0.    -0.039 -0.294 -0.145  0.206  0.293  0.006 -0.296 -0.243  0.107  0.351  0.217 -0.16  -0.434 -0.418 -0.214 -0.002  0.001 -0.     0.    -0.     0.    -0.     0.    -0.     0.    -0.     0.    -0.     0.   ]
 [ 0.    -0.048 -0.292 -0.226  0.087  0.316  0.236 -0.073 -0.325 -0.3   -0.023  0.292  0.444  0.392  0.232  0.086 -0.003  0.001 -0.     0.    -0.     0.    -0.     0.    -0.     0.    -0.     0.    -0.     0.   ]
 [ 0.    -0.064 -0.286 -0.302 -0.076  0.21   0.354  0.267  0.011 -0.262 -0.422 -0.427 -0.323 -0.188 -0.082 -0.024 -0.005  0.002 -0.001  0.    -0.     0.    -0.     0.    -0.     0.    -0.     0.    -0.     0.   ]
 [-0.    -0.092 -0.273 -0.368 -0.274 -0.055  0.191  0.373  0.446  0.414  0.317  0.205  0.111  0.049  0.017  0.004 -0.009  0.004 -0.002  0.001 -0.     0.    -0.     0.    -0.     0.    -0.     0.    -0.     0.   ]
 [ 0.    -0.167 -0.235 -0.396 -0.467 -0.461 -0.4   -0.31  -0.216 -0.136 -0.076 -0.038 -0.016 -0.006 -0.002 -0.    -0.019  0.011 -0.006  0.003 -0.001  0.001 -0.     0.    -0.     0.    -0.     0.    -0.     0.   ]
 [ 0.    -0.951  0.156  0.116  0.079  0.051  0.031  0.018  0.01   0.005  0.002  0.001  0.     0.     0.     0.    -0.156  0.116 -0.079  0.051 -0.031  0.018 -0.01   0.005 -0.002  0.001 -0.     0.    -0.     0.   ]
 [-0.    -0.167  0.019  0.011  0.006  0.003  0.001  0.001  0.     0.     0.     0.     0.     0.     0.     0.     0.235 -0.396  0.467 -0.461  0.4   -0.31   0.216 -0.136  0.076 -0.038  0.016 -0.006  0.002 -0.   ]
 [ 0.    -0.092  0.009  0.004  0.002  0.001  0.     0.     0.     0.     0.     0.     0.     0.     0.     0.     0.273 -0.368  0.274 -0.055 -0.191  0.373 -0.446  0.414 -0.317  0.205 -0.111  0.049 -0.017  0.004]
 [-0.    -0.064  0.005  0.002  0.001  0.     0.     0.     0.     0.     0.     0.     0.     0.     0.     0.     0.286 -0.302  0.076  0.21  -0.354  0.267 -0.011 -0.262  0.422 -0.427  0.323 -0.188  0.082 -0.024]
 [ 0.    -0.048  0.003  0.001  0.     0.     0.     0.     0.     0.     0.     0.     0.     0.     0.     0.     0.292 -0.226 -0.087  0.316 -0.236 -0.073  0.325 -0.3    0.023  0.292 -0.444  0.392 -0.232  0.086]
 [-0.    -0.039  0.002  0.001  0.     0.     0.     0.     0.     0.     0.     0.     0.     0.     0.     0.     0.294 -0.145 -0.206  0.293 -0.006 -0.296  0.243  0.107 -0.351  0.217  0.16  -0.434  0.418 -0.214]
 [-0.    -0.032  0.002  0.001  0.     0.     0.     0.     0.     0.     0.     0.     0.     0.     0.     0.     0.293 -0.064 -0.277  0.182  0.201 -0.281 -0.071  0.33  -0.103 -0.294  0.3    0.119 -0.463  0.388]
 [ 0.    -0.027  0.001  0.     0.     0.     0.     0.     0.     0.     0.     0.     0.     0.     0.     0.     0.29   0.017 -0.3    0.024  0.302 -0.077 -0.299  0.137  0.289 -0.208 -0.269  0.306  0.227 -0.524]
 [ 0.    -0.023  0.001  0.     0.     0.     0.     0.     0.     0.     0.     0.     0.     0.     0.     0.     0.285  0.095 -0.277 -0.137  0.264  0.174 -0.251 -0.216  0.234  0.268 -0.211 -0.344  0.174  0.534]
 [-0.    -0.02   0.001  0.     0.     0.     0.     0.     0.     0.     0.     0.     0.     0.     0.     0.     0.277  0.168 -0.209 -0.261  0.102  0.312  0.03  -0.312 -0.183  0.239  0.338 -0.052 -0.447 -0.412]
 [-0.    -0.018  0.001  0.     0.     0.     0.     0.     0.     0.     0.     0.     0.     0.     0.     0.     0.268  0.236 -0.102 -0.312 -0.119  0.234  0.298 -0.012 -0.326 -0.276  0.089  0.41   0.438  0.237]
 [-0.    -0.015  0.001  0.     0.     0.     0.     0.     0.     0.     0.     0.     0.     0.     0.     0.     0.255  0.294  0.037 -0.261 -0.301 -0.039  0.27   0.339  0.109 -0.226 -0.431 -0.415 -0.26  -0.1  ]
 [ 0.    -0.013  0.     0.     0.     0.     0.     0.     0.     0.     0.     0.     0.     0.     0.     0.     0.237  0.339  0.196 -0.092 -0.319 -0.326 -0.115  0.177  0.389  0.44   0.356  0.217  0.098  0.029]
 [-0.    -0.011  0.     0.     0.     0.     0.     0.     0.     0.     0.     0.     0.     0.     0.     0.     0.211  0.36   0.351  0.186 -0.062 -0.292 -0.424 -0.436 -0.358 -0.243 -0.137 -0.063 -0.023 -0.005]
 [ 0.    -0.008  0.     0.     0.     0.     0.     0.     0.     0.     0.     0.     0.     0.     0.     0.     0.162  0.321  0.429  0.472  0.447  0.373  0.276  0.182  0.106  0.054  0.024  0.009  0.003  0.001]]
h_block_final:
[[-0.    -0.03  -0.045 -0.    -0.     0.    -0.    -0.     0.    -0.     0.    -0.     0.    -0.     0.    -0.     0.045 -0.    -0.     0.    -0.     0.     0.     0.     0.     0.     0.    -0.    -0.     0.   ]
 [-0.03   0.    -0.045  0.     0.    -0.     0.     0.    -0.     0.    -0.     0.    -0.    -0.    -0.     0.    -0.045 -0.    -0.     0.    -0.     0.     0.     0.     0.     0.     0.    -0.    -0.     0.   ]
 [-0.045 -0.045 -0.464  0.253 -0.     0.    -0.    -0.     0.    -0.     0.    -0.     0.    -0.    -0.    -0.    -0.    -0.     0.     0.    -0.     0.     0.     0.     0.    -0.     0.    -0.    -0.     0.   ]
 [-0.     0.     0.253 -0.508  0.246 -0.     0.    -0.     0.     0.    -0.    -0.     0.     0.    -0.     0.     0.    -0.    -0.    -0.    -0.    -0.    -0.    -0.    -0.     0.    -0.     0.    -0.    -0.   ]
 [-0.     0.    -0.     0.246 -0.516  0.242  0.    -0.     0.     0.     0.     0.     0.    -0.    -0.     0.     0.     0.    -0.     0.     0.     0.    -0.    -0.     0.    -0.    -0.    -0.    -0.    -0.   ]
 [ 0.    -0.     0.    -0.     0.242 -0.52   0.237  0.     0.    -0.    -0.     0.    -0.    -0.     0.     0.     0.    -0.     0.     0.    -0.    -0.    -0.     0.     0.     0.    -0.    -0.    -0.     0.   ]
 [-0.     0.    -0.     0.     0.     0.237 -0.522  0.231 -0.    -0.     0.     0.    -0.     0.     0.    -0.    -0.     0.     0.    -0.    -0.     0.     0.     0.     0.     0.     0.     0.     0.     0.   ]
 [-0.     0.    -0.    -0.    -0.    -0.     0.231 -0.523  0.223  0.    -0.    -0.    -0.     0.    -0.    -0.     0.    -0.    -0.    -0.    -0.    -0.    -0.    -0.    -0.    -0.    -0.     0.    -0.    -0.   ]
 [ 0.    -0.     0.     0.    -0.     0.    -0.     0.223 -0.523  0.214 -0.     0.    -0.     0.     0.     0.    -0.    -0.     0.     0.     0.     0.     0.     0.     0.     0.     0.    -0.    -0.    -0.   ]
 [-0.     0.    -0.    -0.     0.    -0.    -0.     0.     0.214 -0.523  0.202  0.     0.     0.     0.    -0.     0.     0.     0.     0.     0.    -0.    -0.    -0.    -0.    -0.    -0.    -0.     0.    -0.   ]
 [ 0.    -0.     0.    -0.     0.    -0.     0.    -0.    -0.     0.202 -0.523  0.188 -0.     0.    -0.    -0.    -0.    -0.    -0.     0.    -0.    -0.    -0.     0.    -0.     0.    -0.    -0.     0.     0.   ]
 [-0.     0.    -0.    -0.    -0.     0.     0.    -0.     0.     0.     0.188 -0.523  0.172  0.     0.    -0.     0.    -0.    -0.    -0.    -0.     0.     0.     0.     0.     0.     0.     0.     0.     0.   ]
 [ 0.    -0.     0.     0.     0.    -0.    -0.    -0.    -0.     0.    -0.     0.172 -0.522  0.152 -0.    -0.    -0.     0.     0.    -0.    -0.     0.     0.     0.    -0.    -0.     0.     0.     0.     0.   ]
 [-0.     0.    -0.     0.    -0.    -0.     0.     0.     0.     0.     0.     0.     0.152 -0.522  0.126  0.     0.    -0.    -0.     0.     0.    -0.    -0.    -0.     0.     0.     0.    -0.    -0.    -0.   ]
 [ 0.    -0.    -0.     0.     0.     0.     0.     0.     0.     0.    -0.     0.    -0.     0.126 -0.522  0.091 -0.     0.    -0.    -0.    -0.     0.     0.    -0.     0.     0.    -0.     0.     0.    -0.   ]
 [-0.     0.    -0.     0.     0.     0.    -0.    -0.     0.    -0.    -0.    -0.    -0.     0.     0.091 -0.522  0.    -0.    -0.    -0.    -0.     0.     0.    -0.    -0.     0.     0.     0.     0.    -0.   ]
 [ 0.045 -0.045 -0.     0.     0.     0.    -0.     0.    -0.     0.    -0.     0.    -0.     0.    -0.     0.     0.464  0.253 -0.     0.     0.    -0.     0.    -0.    -0.     0.     0.     0.    -0.     0.   ]
 [-0.    -0.    -0.    -0.     0.    -0.     0.    -0.    -0.     0.    -0.    -0.     0.    -0.     0.    -0.     0.253  0.508  0.246  0.     0.    -0.     0.    -0.    -0.     0.    -0.    -0.     0.     0.   ]
 [-0.    -0.     0.    -0.    -0.     0.     0.    -0.     0.     0.    -0.    -0.     0.    -0.    -0.    -0.    -0.     0.246  0.516  0.242  0.    -0.     0.    -0.     0.     0.    -0.    -0.    -0.    -0.   ]
 [ 0.     0.     0.    -0.     0.     0.    -0.    -0.     0.     0.     0.    -0.    -0.     0.    -0.    -0.    -0.    -0.     0.242  0.52   0.237 -0.    -0.    -0.    -0.     0.     0.     0.     0.     0.   ]
 [-0.    -0.    -0.    -0.     0.    -0.    -0.    -0.     0.     0.    -0.    -0.    -0.     0.    -0.    -0.     0.     0.     0.     0.237  0.522  0.231 -0.     0.     0.    -0.    -0.     0.     0.     0.   ]
 [ 0.     0.     0.    -0.     0.    -0.     0.    -0.     0.    -0.    -0.     0.     0.    -0.     0.     0.    -0.    -0.    -0.    -0.     0.231  0.523  0.223 -0.    -0.     0.    -0.    -0.    -0.     0.   ]
 [ 0.     0.     0.    -0.    -0.    -0.     0.    -0.     0.    -0.    -0.     0.     0.    -0.     0.     0.    -0.     0.    -0.    -0.    -0.     0.223  0.523  0.214  0.     0.     0.     0.    -0.    -0.   ]
 [ 0.     0.     0.    -0.    -0.     0.     0.    -0.     0.    -0.     0.     0.     0.    -0.    -0.    -0.    -0.    -0.    -0.    -0.     0.    -0.     0.214  0.523  0.202  0.    -0.     0.    -0.    -0.   ]
 [ 0.     0.     0.    -0.     0.     0.     0.    -0.     0.    -0.    -0.     0.    -0.     0.     0.    -0.    -0.    -0.     0.    -0.    -0.    -0.     0.     0.202  0.523  0.188  0.     0.    -0.    -0.   ]
 [ 0.     0.    -0.     0.    -0.     0.     0.    -0.     0.    -0.     0.     0.    -0.     0.     0.     0.     0.     0.     0.     0.    -0.     0.     0.     0.     0.188  0.523  0.172  0.     0.     0.   ]
 [ 0.     0.     0.    -0.    -0.    -0.     0.    -0.     0.    -0.    -0.     0.     0.     0.    -0.     0.     0.    -0.    -0.     0.    -0.    -0.     0.    -0.     0.     0.172  0.522  0.152  0.     0.   ]
 [-0.    -0.    -0.     0.    -0.    -0.     0.     0.    -0.    -0.    -0.     0.     0.    -0.     0.     0.     0.     0.    -0.     0.    -0.    -0.     0.     0.     0.    -0.     0.152  0.522  0.126 -0.   ]
 [-0.    -0.    -0.    -0.    -0.    -0.     0.    -0.    -0.     0.     0.     0.     0.    -0.     0.     0.     0.     0.    -0.     0.     0.    -0.    -0.     0.    -0.     0.     0.     0.126  0.522  0.091]
 [ 0.     0.     0.    -0.    -0.     0.     0.    -0.    -0.    -0.     0.     0.     0.    -0.    -0.    -0.     0.     0.    -0.     0.     0.     0.    -0.    -0.    -0.     0.     0.    -0.     0.091  0.522]]
C_block:
[[ 1.     0.     0.     0.     0.     0.     0.     0.     0.     0.     0.     0.     0.     0.     0.     0.     0.     0.     0.     0.     0.     0.     0.     0.     0.     0.     0.     0.     0.     0.   ]
 [-0.    -0.008 -0.162  0.321 -0.429  0.472 -0.447  0.373 -0.276  0.182 -0.106  0.054 -0.024  0.009 -0.003  0.001 -0.     0.    -0.     0.    -0.     0.    -0.     0.    -0.     0.    -0.     0.    -0.     0.   ]
 [-0.    -0.011 -0.211  0.36  -0.351  0.186  0.062 -0.292  0.424 -0.436  0.358 -0.243  0.137 -0.063  0.023 -0.005 -0.     0.    -0.     0.    -0.     0.    -0.     0.    -0.     0.    -0.     0.    -0.     0.   ]
 [ 0.    -0.013 -0.237  0.339 -0.196 -0.092  0.319 -0.326  0.115  0.177 -0.389  0.44  -0.356  0.217 -0.098  0.029 -0.     0.    -0.     0.    -0.     0.    -0.     0.    -0.     0.    -0.     0.    -0.     0.   ]
 [ 0.    -0.015 -0.255  0.294 -0.037 -0.261  0.301 -0.039 -0.27   0.339 -0.109 -0.226  0.431 -0.415  0.26  -0.1   -0.001  0.    -0.     0.    -0.     0.    -0.     0.    -0.     0.    -0.     0.    -0.     0.   ]
 [-0.    -0.018 -0.268  0.236  0.102 -0.312  0.119  0.234 -0.298 -0.012  0.326 -0.276 -0.089  0.41  -0.438  0.237 -0.001  0.    -0.     0.    -0.     0.    -0.     0.    -0.     0.    -0.     0.    -0.     0.   ]
 [-0.    -0.02  -0.277  0.168  0.209 -0.261 -0.102  0.312 -0.03  -0.312  0.183  0.239 -0.338 -0.052  0.447 -0.412 -0.001  0.    -0.     0.    -0.     0.    -0.     0.    -0.     0.    -0.     0.    -0.     0.   ]
 [-0.    -0.023 -0.285  0.095  0.277 -0.137 -0.264  0.174  0.251 -0.216 -0.234  0.268  0.211 -0.344 -0.174  0.534 -0.001  0.    -0.     0.    -0.     0.    -0.     0.    -0.     0.    -0.     0.    -0.     0.   ]
 [-0.    -0.027 -0.29   0.017  0.3    0.024 -0.302 -0.077  0.299  0.137 -0.289 -0.208  0.269  0.306 -0.227 -0.524 -0.001  0.    -0.     0.    -0.     0.    -0.     0.    -0.     0.    -0.     0.    -0.     0.   ]
 [-0.    -0.032 -0.293 -0.064  0.277  0.182 -0.201 -0.281  0.071  0.33   0.103 -0.294 -0.3    0.119  0.463  0.388 -0.002  0.001 -0.     0.    -0.     0.    -0.     0.    -0.     0.    -0.     0.    -0.     0.   ]
 [ 0.    -0.039 -0.294 -0.145  0.206  0.293  0.006 -0.296 -0.243  0.107  0.351  0.217 -0.16  -0.434 -0.418 -0.214 -0.002  0.001 -0.     0.    -0.     0.    -0.     0.    -0.     0.    -0.     0.    -0.     0.   ]
 [ 0.    -0.048 -0.292 -0.226  0.087  0.316  0.236 -0.073 -0.325 -0.3   -0.023  0.292  0.444  0.392  0.232  0.086 -0.003  0.001 -0.     0.    -0.     0.    -0.     0.    -0.     0.    -0.     0.    -0.     0.   ]
 [ 0.    -0.064 -0.286 -0.302 -0.076  0.21   0.354  0.267  0.011 -0.262 -0.422 -0.427 -0.323 -0.188 -0.082 -0.024 -0.005  0.002 -0.001  0.    -0.     0.    -0.     0.    -0.     0.    -0.     0.    -0.     0.   ]
 [-0.    -0.092 -0.273 -0.368 -0.274 -0.055  0.191  0.373  0.446  0.414  0.317  0.205  0.111  0.049  0.017  0.004 -0.009  0.004 -0.002  0.001 -0.     0.    -0.     0.    -0.     0.    -0.     0.    -0.     0.   ]
 [ 0.    -0.167 -0.235 -0.396 -0.467 -0.461 -0.4   -0.31  -0.216 -0.136 -0.076 -0.038 -0.016 -0.006 -0.002 -0.    -0.019  0.011 -0.006  0.003 -0.001  0.001 -0.     0.    -0.     0.    -0.     0.    -0.     0.   ]
 [ 0.    -0.951  0.156  0.116  0.079  0.051  0.031  0.018  0.01   0.005  0.002  0.001  0.     0.     0.     0.    -0.156  0.116 -0.079  0.051 -0.031  0.018 -0.01   0.005 -0.002  0.001 -0.     0.    -0.     0.   ]
 [-0.    -0.167  0.019  0.011  0.006  0.003  0.001  0.001  0.     0.     0.     0.     0.     0.     0.     0.     0.235 -0.396  0.467 -0.461  0.4   -0.31   0.216 -0.136  0.076 -0.038  0.016 -0.006  0.002 -0.   ]
 [ 0.    -0.092  0.009  0.004  0.002  0.001  0.     0.     0.     0.     0.     0.     0.     0.     0.     0.     0.273 -0.368  0.274 -0.055 -0.191  0.373 -0.446  0.414 -0.317  0.205 -0.111  0.049 -0.017  0.004]
 [-0.    -0.064  0.005  0.002  0.001  0.     0.     0.     0.     0.     0.     0.     0.     0.     0.     0.     0.286 -0.302  0.076  0.21  -0.354  0.267 -0.011 -0.262  0.422 -0.427  0.323 -0.188  0.082 -0.024]
 [ 0.    -0.048  0.003  0.001  0.     0.     0.     0.     0.     0.     0.     0.     0.     0.     0.     0.     0.292 -0.226 -0.087  0.316 -0.236 -0.073  0.325 -0.3    0.023  0.292 -0.444  0.392 -0.232  0.086]
 [-0.    -0.039  0.002  0.001  0.     0.     0.     0.     0.     0.     0.     0.     0.     0.     0.     0.     0.294 -0.145 -0.206  0.293 -0.006 -0.296  0.243  0.107 -0.351  0.217  0.16  -0.434  0.418 -0.214]
 [-0.    -0.032  0.002  0.001  0.     0.     0.     0.     0.     0.     0.     0.     0.     0.     0.     0.     0.293 -0.064 -0.277  0.182  0.201 -0.281 -0.071  0.33  -0.103 -0.294  0.3    0.119 -0.463  0.388]
 [ 0.    -0.027  0.001  0.     0.     0.     0.     0.     0.     0.     0.     0.     0.     0.     0.     0.     0.29   0.017 -0.3    0.024  0.302 -0.077 -0.299  0.137  0.289 -0.208 -0.269  0.306  0.227 -0.524]
 [ 0.    -0.023  0.001  0.     0.     0.     0.     0.     0.     0.     0.     0.     0.     0.     0.     0.     0.285  0.095 -0.277 -0.137  0.264  0.174 -0.251 -0.216  0.234  0.268 -0.211 -0.344  0.174  0.534]
 [-0.    -0.02   0.001  0.     0.     0.     0.     0.     0.     0.     0.     0.     0.     0.     0.     0.     0.277  0.168 -0.209 -0.261  0.102  0.312  0.03  -0.312 -0.183  0.239  0.338 -0.052 -0.447 -0.412]
 [-0.    -0.018  0.001  0.     0.     0.     0.     0.     0.     0.     0.     0.     0.     0.     0.     0.     0.268  0.236 -0.102 -0.312 -0.119  0.234  0.298 -0.012 -0.326 -0.276  0.089  0.41   0.438  0.237]
 [-0.    -0.015  0.001  0.     0.     0.     0.     0.     0.     0.     0.     0.     0.     0.     0.     0.     0.255  0.294  0.037 -0.261 -0.301 -0.039  0.27   0.339  0.109 -0.226 -0.431 -0.415 -0.26  -0.1  ]
 [ 0.    -0.013  0.     0.     0.     0.     0.     0.     0.     0.     0.     0.     0.     0.     0.     0.     0.237  0.339  0.196 -0.092 -0.319 -0.326 -0.115  0.177  0.389  0.44   0.356  0.217  0.098  0.029]
 [-0.    -0.011  0.     0.     0.     0.     0.     0.     0.     0.     0.     0.     0.     0.     0.     0.     0.211  0.36   0.351  0.186 -0.062 -0.292 -0.424 -0.436 -0.358 -0.243 -0.137 -0.063 -0.023 -0.005]
 [ 0.    -0.008  0.     0.     0.     0.     0.     0.     0.     0.     0.     0.     0.     0.     0.     0.     0.162  0.321  0.429  0.472  0.447  0.373  0.276  0.182  0.106  0.054  0.024  0.009  0.003  0.001]]
[sanity] ||h_final - C^† h C|| / ||h|| = 0.000e+00
hdc_ab = 
[[-0.     0.    -0.03  ...  0.     0.     0.   ]
 [ 0.    -0.     0.    ... -0.     0.     0.   ]
 [-0.03   0.     0.    ...  0.     0.     0.   ]
 ...
 [ 0.    -0.     0.    ...  0.522  0.     0.091]
 [ 0.     0.     0.    ...  0.     0.522  0.   ]
 [ 0.     0.     0.    ...  0.091  0.     0.522]]
C_ab = 
[[ 1.     0.     0.    ...  0.     0.     0.   ]
 [ 0.     1.     0.    ...  0.     0.     0.   ]
 [-0.     0.    -0.008 ...  0.     0.     0.   ]
 ...
 [ 0.    -0.     0.    ... -0.023  0.    -0.005]
 [ 0.     0.    -0.008 ...  0.     0.001  0.   ]
 [ 0.     0.     0.    ...  0.003  0.     0.001]]
C = 
[[ 1.     0.     0.    ...  0.     0.     0.   ]
 [-0.    -0.008 -0.162 ...  0.     0.     0.   ]
 [-0.    -0.011 -0.211 ...  0.     0.     0.   ]
 ...
 [ 0.     0.     0.    ...  0.217  0.098  0.029]
 [ 0.     0.     0.    ... -0.063 -0.023 -0.005]
 [ 0.     0.     0.    ...  0.009  0.003  0.001]]
******************************************
h0_0 = 
[[-0.25  -0.03  -0.045 ...  0.     0.     0.   ]
 [-0.03   0.    -0.045 ...  0.     0.     0.   ]
 [-0.045 -0.045 -0.464 ...  0.     0.     0.   ]
 ...
 [ 0.     0.     0.    ...  0.522  0.126 -0.   ]
 [ 0.     0.     0.    ...  0.126  0.522  0.091]
 [ 0.     0.     0.    ... -0.     0.091  0.522]]
h0_legacy = 
[[-0.25   0.008  0.01  ...  0.     0.     0.   ]
 [ 0.008 -0.966  0.    ...  0.     0.     0.   ]
 [ 0.01   0.    -0.897 ...  0.     0.     0.   ]
 ...
 [ 0.     0.     0.    ...  0.828  0.     0.   ]
 [ 0.     0.     0.    ...  0.     0.897  0.   ]
 [ 0.     0.     0.    ...  0.     0.     0.966]]
Partitioning system: 1 impurity orbitals, 29 bath orbitals.
Generating basis for 1 electrons on impurity and 29 on bath.
Found 2 impurity configurations and 2 bath configurations.
Retaining only Sz=0 in starting basis
Generated a total of 2 unique starting determinants.
sb = [<SlaterDeterminant α=[0, 2, 3, 4, 5, 6, 7, 8, 9, 10, 11, 12, 13, 14, 15] β=[1, 2, 3, 4, 5, 6, 7, 8, 9, 10, 11, 12, 13, 14, 15]>, <SlaterDeterminant α=[1, 2, 3, 4, 5, 6, 7, 8, 9, 10, 11, 12, 13, 14, 15] β=[0, 2, 3, 4, 5, 6, 7, 8, 9, 10, 11, 12, 13, 14, 15]>]
DEBUG: entering selective_ci()
DEBUG: constructing tables
DEBUG: tables constructed
DEBUG: build ham time = 0.00014519691467285156
[init] dim=2  E0=-14.718236450403
blocks = [0.0], time block = 3.0994415283203125e-05
apply_ham time = 8.440017700195312e-05
gen basis time = 0.00012111663818359375
sel basis time = 7.390975952148438e-05
Found 1 S_z blocks: [0.0]
  Processing Sz=0.0 block of size 12x12
DEBUG: build ham time = 0.0001518726348876953
DEBUG: finished rearranging vectors
DEBUG: for basis size 12, ham diag time = 0.00041794776916503906
[iter 0] dim=    12  Es=[-14.740249967516 -14.733134260003]  |dE0|=2.201e-02
blocks = [0.0], time block = 1.621246337890625e-05
apply_ham time = 0.0001342296600341797
gen basis time = 0.00018525123596191406
sel basis time = 0.00011110305786132812
Found 1 S_z blocks: [0.0]
  Processing Sz=0.0 block of size 32x32
DEBUG: build ham time = 0.00018095970153808594
DEBUG: finished rearranging vectors
DEBUG: for basis size 32, ham diag time = 0.0004780292510986328
[iter 1] dim=    32  Es=[-14.742686278866 -14.737537402483]  |dE0|=2.436e-03
blocks = [0.0], time block = 3.504753112792969e-05
apply_ham time = 0.0003330707550048828
gen basis time = 0.00043010711669921875
sel basis time = 0.00019621849060058594
Found 1 S_z blocks: [0.0]
  Processing Sz=0.0 block of size 72x72
DEBUG: build ham time = 0.0003466606140136719
DEBUG: finished rearranging vectors
DEBUG: for basis size 72, ham diag time = 0.008997917175292969
[iter 2] dim=    72  Es=[-14.743708792303 -14.739354614936]  |dE0|=1.023e-03
blocks = [0.0], time block = 8.535385131835938e-05
apply_ham time = 0.0007867813110351562
gen basis time = 0.0010058879852294922
sel basis time = 0.00039315223693847656
Found 1 S_z blocks: [0.0]
  Processing Sz=0.0 block of size 152x152
DEBUG: build ham time = 0.0007328987121582031
DEBUG: finished rearranging vectors
DEBUG: for basis size 152, ham diag time = 0.14566993713378906
[iter 3] dim=   152  Es=[-14.744189476212 -14.740198297230]  |dE0|=4.807e-04
blocks = [0.0], time block = 0.00017189979553222656
apply_ham time = 0.001744985580444336
gen basis time = 0.0021779537200927734
sel basis time = 0.0006840229034423828
Found 1 S_z blocks: [0.0]
  Processing Sz=0.0 block of size 296x296
DEBUG: build ham time = 0.0014500617980957031
DEBUG: finished rearranging vectors
DEBUG: for basis size 296, ham diag time = 0.08433818817138672
[iter 4] dim=   296  Es=[-14.744415049686 -14.740592845949]  |dE0|=2.256e-04
blocks = [0.0], time block = 0.0003230571746826172
apply_ham time = 0.0035042762756347656
gen basis time = 0.004354000091552734
sel basis time = 0.0012302398681640625
Found 1 S_z blocks: [0.0]
  Processing Sz=0.0 block of size 548x548
DEBUG: build ham time = 0.002620220184326172
DEBUG: finished rearranging vectors
DEBUG: for basis size 548, ham diag time = 0.09570598602294922
[iter 5] dim=   548  Es=[-14.744515887018 -14.740768964617]  |dE0|=1.008e-04
blocks = [0.0], time block = 0.0005772113800048828
apply_ham time = 0.006417989730834961
gen basis time = 0.007818937301635742
sel basis time = 0.002044200897216797
Found 1 S_z blocks: [0.0]
  Processing Sz=0.0 block of size 958x958
DEBUG: build ham time = 0.004524946212768555
DEBUG: finished rearranging vectors
DEBUG: for basis size 958, ham diag time = 0.08088493347167969
[iter 6] dim=   958  Es=[-14.744558247174 -14.740842374470]  |dE0|=4.236e-05
blocks = [0.0], time block = 0.0009968280792236328
apply_ham time = 0.011432170867919922
gen basis time = 0.013995885848999023
sel basis time = 0.0035600662231445312
Found 1 S_z blocks: [0.0]
  Processing Sz=0.0 block of size 1582x1582
DEBUG: build ham time = 0.0073909759521484375
DEBUG: finished rearranging vectors
DEBUG: for basis size 1582, ham diag time = 0.17831206321716309
[iter 7] dim=  1582  Es=[-14.744575041833 -14.740870924653]  |dE0|=1.679e-05
blocks = [0.0], time block = 0.0016520023345947266
apply_ham time = 0.01904606819152832
gen basis time = 0.023347854614257812
sel basis time = 0.005998134613037109
Found 1 S_z blocks: [0.0]
  Processing Sz=0.0 block of size 2476x2476
DEBUG: build ham time = 0.01143503189086914
DEBUG: finished rearranging vectors
DEBUG: for basis size 2476, ham diag time = 0.27247095108032227
[iter 8] dim=  2476  Es=[-14.744581051770 -14.740881061169]  |dE0|=6.010e-06
[conv] reached |dE| < 1e-05
Found 1 S_z blocks: [0.0]
  Processing Sz=0.0 block of size 2476x2476
DEBUG: build ham time = 0.011881113052368164
DEBUG: finished rearranging vectors
sci total time : 3.027402877807617
energies = [-14.745 -14.741], e0 = -14.744581051770076
len basis = 2476
len(basis(psis0)) = 2476
rdm : 
[[0.5  +0.j 0.137+0.j 0.021+0.j ... 0.   +0.j 0.   +0.j 0.   +0.j]
 [0.137+0.j 0.5  +0.j 0.06 +0.j ... 0.   +0.j 0.   +0.j 0.   +0.j]
 [0.021+0.j 0.06 +0.j 0.99 +0.j ... 0.   +0.j 0.   +0.j 0.   +0.j]
 ...
 [0.   +0.j 0.   +0.j 0.   +0.j ... 0.   +0.j 0.   +0.j 0.   +0.j]
 [0.   +0.j 0.   +0.j 0.   +0.j ... 0.   +0.j 0.   +0.j 0.   +0.j]
 [0.   +0.j 0.   +0.j 0.   +0.j ... 0.   +0.j 0.   +0.j 0.   +0.j]]
impurity occupation: (0.9999999999983736+0j)
total occupation : (29.999999999999687+0j)
target_indices = [0, 30]
 Founds blocks : [[0], [1]]
  Symmetry: is_diagonal=True. Found 1 unique group(s) of blocks.
  Computing representative g_(0,0) via Scalar CF...
DEBUG: build ham time = 0.147705078125
DEBUG: build ham time = 0.14815378189086914

Thermally-averaged calculation finished.
Data saved to 'dump/A_29'
