******************************************
******************************************
NF = 20, M = 10, Nimp = 1
******************************************
[[-0.25   0.     0.018  0.     0.023  0.     0.025  0.     0.026  0.     0.027  0.     0.026  0.     0.025  0.     0.023  0.     0.018  0.   ]
 [ 0.    -0.25   0.     0.018  0.     0.023  0.     0.025  0.     0.026  0.     0.027  0.     0.026  0.     0.025  0.     0.023  0.     0.018]
 [ 0.018  0.    -0.889 -0.     0.     0.     0.     0.     0.     0.     0.     0.     0.     0.     0.     0.     0.     0.     0.     0.   ]
 [ 0.     0.018 -0.    -0.889  0.     0.     0.     0.     0.     0.     0.     0.     0.     0.     0.     0.     0.     0.     0.     0.   ]
 [ 0.023  0.     0.     0.    -0.667 -0.     0.     0.     0.     0.     0.     0.     0.     0.     0.     0.     0.     0.     0.     0.   ]
 [ 0.     0.023  0.     0.    -0.    -0.667  0.     0.     0.     0.     0.     0.     0.     0.     0.     0.     0.     0.     0.     0.   ]
 [ 0.025  0.     0.     0.     0.     0.    -0.444 -0.     0.     0.     0.     0.     0.     0.     0.     0.     0.     0.     0.     0.   ]
 [ 0.     0.025  0.     0.     0.     0.    -0.    -0.444  0.     0.     0.     0.     0.     0.     0.     0.     0.     0.     0.     0.   ]
 [ 0.026  0.     0.     0.     0.     0.     0.     0.    -0.222 -0.     0.     0.     0.     0.     0.     0.     0.     0.     0.     0.   ]
 [ 0.     0.026  0.     0.     0.     0.     0.     0.    -0.    -0.222  0.     0.     0.     0.     0.     0.     0.     0.     0.     0.   ]
 [ 0.027  0.     0.     0.     0.     0.     0.     0.     0.     0.    -0.    -0.     0.     0.     0.     0.     0.     0.     0.     0.   ]
 [ 0.     0.027  0.     0.     0.     0.     0.     0.     0.     0.    -0.    -0.     0.     0.     0.     0.     0.     0.     0.     0.   ]
 [ 0.026  0.     0.     0.     0.     0.     0.     0.     0.     0.     0.     0.     0.222  0.     0.     0.     0.     0.     0.     0.   ]
 [ 0.     0.026  0.     0.     0.     0.     0.     0.     0.     0.     0.     0.     0.     0.222  0.     0.     0.     0.     0.     0.   ]
 [ 0.025  0.     0.     0.     0.     0.     0.     0.     0.     0.     0.     0.     0.     0.     0.444  0.     0.     0.     0.     0.   ]
 [ 0.     0.025  0.     0.     0.     0.     0.     0.     0.     0.     0.     0.     0.     0.     0.     0.444  0.     0.     0.     0.   ]
 [ 0.023  0.     0.     0.     0.     0.     0.     0.     0.     0.     0.     0.     0.     0.     0.     0.     0.667  0.     0.     0.   ]
 [ 0.     0.023  0.     0.     0.     0.     0.     0.     0.     0.     0.     0.     0.     0.     0.     0.     0.     0.667  0.     0.   ]
 [ 0.018  0.     0.     0.     0.     0.     0.     0.     0.     0.     0.     0.     0.     0.     0.     0.     0.     0.     0.889  0.   ]
 [ 0.     0.018  0.     0.     0.     0.     0.     0.     0.     0.     0.     0.     0.     0.     0.     0.     0.     0.     0.     0.889]]
************
[[-0.25   0.018  0.023  0.025  0.026  0.027  0.026  0.025  0.023  0.018]
 [ 0.018 -0.889  0.     0.     0.     0.     0.     0.     0.     0.   ]
 [ 0.023  0.    -0.667  0.     0.     0.     0.     0.     0.     0.   ]
 [ 0.025  0.     0.    -0.444  0.     0.     0.     0.     0.     0.   ]
 [ 0.026  0.     0.     0.    -0.222  0.     0.     0.     0.     0.   ]
 [ 0.027  0.     0.     0.     0.    -0.     0.     0.     0.     0.   ]
 [ 0.026  0.     0.     0.     0.     0.     0.222  0.     0.     0.   ]
 [ 0.025  0.     0.     0.     0.     0.     0.     0.444  0.     0.   ]
 [ 0.023  0.     0.     0.     0.     0.     0.     0.     0.667  0.   ]
 [ 0.018  0.     0.     0.     0.     0.     0.     0.     0.     0.889]]
U((0, 0, 0, 0)) = (0.5+0j)
setting to 0
U((0, 10, 0, 10)) = (0.5+0j)
U((10, 0, 10, 0)) = (0.5+0j)
U((10, 10, 10, 10)) = (0.5+0j)
setting to 0
h0_0 size:  (20, 20)
U_0 size:  (20, 20, 20, 20)
Going with Nelec_imp = 1, nbath = 9, Nelec = 10
imp_indices_full = [0, 10]
h0_0 = 
[[-0.25   0.018  0.023  0.025  0.026  0.027  0.026  0.025  0.023  0.018  0.     0.     0.     0.     0.     0.     0.     0.     0.     0.   ]
 [ 0.018 -0.889  0.     0.     0.     0.     0.     0.     0.     0.     0.    -0.     0.     0.     0.     0.     0.     0.     0.     0.   ]
 [ 0.023  0.    -0.667  0.     0.     0.     0.     0.     0.     0.     0.     0.    -0.     0.     0.     0.     0.     0.     0.     0.   ]
 [ 0.025  0.     0.    -0.444  0.     0.     0.     0.     0.     0.     0.     0.     0.    -0.     0.     0.     0.     0.     0.     0.   ]
 [ 0.026  0.     0.     0.    -0.222  0.     0.     0.     0.     0.     0.     0.     0.     0.    -0.     0.     0.     0.     0.     0.   ]
 [ 0.027  0.     0.     0.     0.    -0.     0.     0.     0.     0.     0.     0.     0.     0.     0.    -0.     0.     0.     0.     0.   ]
 [ 0.026  0.     0.     0.     0.     0.     0.222  0.     0.     0.     0.     0.     0.     0.     0.     0.     0.     0.     0.     0.   ]
 [ 0.025  0.     0.     0.     0.     0.     0.     0.444  0.     0.     0.     0.     0.     0.     0.     0.     0.     0.     0.     0.   ]
 [ 0.023  0.     0.     0.     0.     0.     0.     0.     0.667  0.     0.     0.     0.     0.     0.     0.     0.     0.     0.     0.   ]
 [ 0.018  0.     0.     0.     0.     0.     0.     0.     0.     0.889  0.     0.     0.     0.     0.     0.     0.     0.     0.     0.   ]
 [ 0.     0.     0.     0.     0.     0.     0.     0.     0.     0.    -0.25   0.018  0.023  0.025  0.026  0.027  0.026  0.025  0.023  0.018]
 [ 0.    -0.     0.     0.     0.     0.     0.     0.     0.     0.     0.018 -0.889  0.     0.     0.     0.     0.     0.     0.     0.   ]
 [ 0.     0.    -0.     0.     0.     0.     0.     0.     0.     0.     0.023  0.    -0.667  0.     0.     0.     0.     0.     0.     0.   ]
 [ 0.     0.     0.    -0.     0.     0.     0.     0.     0.     0.     0.025  0.     0.    -0.444  0.     0.     0.     0.     0.     0.   ]
 [ 0.     0.     0.     0.    -0.     0.     0.     0.     0.     0.     0.026  0.     0.     0.    -0.222  0.     0.     0.     0.     0.   ]
 [ 0.     0.     0.     0.     0.    -0.     0.     0.     0.     0.     0.027  0.     0.     0.     0.    -0.     0.     0.     0.     0.   ]
 [ 0.     0.     0.     0.     0.     0.     0.     0.     0.     0.     0.026  0.     0.     0.     0.     0.     0.222  0.     0.     0.   ]
 [ 0.     0.     0.     0.     0.     0.     0.     0.     0.     0.     0.025  0.     0.     0.     0.     0.     0.     0.444  0.     0.   ]
 [ 0.     0.     0.     0.     0.     0.     0.     0.     0.     0.     0.023  0.     0.     0.     0.     0.     0.     0.     0.667  0.   ]
 [ 0.     0.     0.     0.     0.     0.     0.     0.     0.     0.     0.018  0.     0.     0.     0.     0.     0.     0.     0.     0.889]]


--------------------------------------------------------------
Mean-Field Self-Consistent Procedure with block handling
--------------------------------------------------------------
[V1] mfscf proc with Ne=10, maxiter=100, alpha=0.2, threshold=1e-07, spinsym_only = False
[V1] Symmetry analysis found 2 blocks.
[V1] Found 1 unique groups of blocks.
[V1] Blocks: [[0, 1, 2, 3, 4, 5, 6, 7, 8, 9], [10, 11, 12, 13, 14, 15, 16, 17, 18, 19]]
[V1] Identical Groups (by block index): [[0, 1]]
[V1] iter 0, Tr(rho*h0) = -4.95652539
[V1] Ne = 10, initial tr(rho) = 10.00000000+0.00000000j
[V1] mixing parameter: α = 0.2
[V2] Number of non-zero U elements: 2
[V1] Iter         E_total          E_corr        ΔE_total
[V2] U is sparse, using nzU
[V1]    1     -4.47262867     -0.48389672      1.0045e+03
[V1]   10     -4.62304086     -0.12500001      2.4965e-03
[V1]   20     -4.63195466     -0.12500000      2.6806e-04
[V1]   30     -4.63291177     -0.12500000      2.8783e-05
[V1]   40     -4.63301454     -0.12500000      3.0905e-06
[V1]   50     -4.63302558     -0.12500000      3.3184e-07
[V1] Converged in 56 iterations.
[V1] Final tr(rho) = 10.00000000+0.00000000j
[V2] Reordering final eigenvectors to spin-blocked convention...
hmf = 
[[ 0.     0.018  0.023  0.025  0.026  0.027  0.026  0.025  0.023  0.018  0.     0.     0.     0.     0.     0.     0.     0.     0.     0.   ]
 [ 0.018 -0.889  0.     0.     0.     0.     0.     0.     0.     0.     0.     0.     0.     0.     0.     0.     0.     0.     0.     0.   ]
 [ 0.023  0.    -0.667  0.     0.     0.     0.     0.     0.     0.     0.     0.     0.     0.     0.     0.     0.     0.     0.     0.   ]
 [ 0.025  0.     0.    -0.444  0.     0.     0.     0.     0.     0.     0.     0.     0.     0.     0.     0.     0.     0.     0.     0.   ]
 [ 0.026  0.     0.     0.    -0.222  0.     0.     0.     0.     0.     0.     0.     0.     0.     0.     0.     0.     0.     0.     0.   ]
 [ 0.027  0.     0.     0.     0.    -0.     0.     0.     0.     0.     0.     0.     0.     0.     0.     0.     0.     0.     0.     0.   ]
 [ 0.026  0.     0.     0.     0.     0.     0.222  0.     0.     0.     0.     0.     0.     0.     0.     0.     0.     0.     0.     0.   ]
 [ 0.025  0.     0.     0.     0.     0.     0.     0.444  0.     0.     0.     0.     0.     0.     0.     0.     0.     0.     0.     0.   ]
 [ 0.023  0.     0.     0.     0.     0.     0.     0.     0.667  0.     0.     0.     0.     0.     0.     0.     0.     0.     0.     0.   ]
 [ 0.018  0.     0.     0.     0.     0.     0.     0.     0.     0.889  0.     0.     0.     0.     0.     0.     0.     0.     0.     0.   ]
 [ 0.     0.     0.     0.     0.     0.     0.     0.     0.     0.     0.     0.018  0.023  0.025  0.026  0.027  0.026  0.025  0.023  0.018]
 [ 0.     0.     0.     0.     0.     0.     0.     0.     0.     0.     0.018 -0.889  0.     0.     0.     0.     0.     0.     0.     0.   ]
 [ 0.     0.     0.     0.     0.     0.     0.     0.     0.     0.     0.023  0.    -0.667  0.     0.     0.     0.     0.     0.     0.   ]
 [ 0.     0.     0.     0.     0.     0.     0.     0.     0.     0.     0.025  0.     0.    -0.444  0.     0.     0.     0.     0.     0.   ]
 [ 0.     0.     0.     0.     0.     0.     0.     0.     0.     0.     0.026  0.     0.     0.    -0.222  0.     0.     0.     0.     0.   ]
 [ 0.     0.     0.     0.     0.     0.     0.     0.     0.     0.     0.027  0.     0.     0.     0.    -0.     0.     0.     0.     0.   ]
 [ 0.     0.     0.     0.     0.     0.     0.     0.     0.     0.     0.026  0.     0.     0.     0.     0.     0.222  0.     0.     0.   ]
 [ 0.     0.     0.     0.     0.     0.     0.     0.     0.     0.     0.025  0.     0.     0.     0.     0.     0.     0.444  0.     0.   ]
 [ 0.     0.     0.     0.     0.     0.     0.     0.     0.     0.     0.023  0.     0.     0.     0.     0.     0.     0.     0.667  0.   ]
 [ 0.     0.     0.     0.     0.     0.     0.     0.     0.     0.     0.018  0.     0.     0.     0.     0.     0.     0.     0.     0.889]]
DEBUG, Nimp_sf = 2
hmf_ab = 
[[ 0.   +0.j  0.   +0.j  0.018+0.j  0.   +0.j  0.023+0.j  0.   +0.j  0.025+0.j  0.   +0.j  0.026+0.j  0.   +0.j  0.027+0.j  0.   +0.j  0.026+0.j  0.   +0.j  0.025+0.j  0.   +0.j  0.023+0.j  0.   +0.j  0.018+0.j  0.   +0.j]
 [ 0.   +0.j  0.   +0.j  0.   +0.j  0.018+0.j  0.   +0.j  0.023+0.j  0.   +0.j  0.025+0.j  0.   +0.j  0.026+0.j  0.   +0.j  0.027+0.j  0.   +0.j  0.026+0.j  0.   +0.j  0.025+0.j  0.   +0.j  0.023+0.j  0.   +0.j  0.018+0.j]
 [ 0.018+0.j  0.   +0.j -0.889+0.j  0.   +0.j  0.   +0.j  0.   +0.j  0.   +0.j  0.   +0.j  0.   +0.j  0.   +0.j  0.   +0.j  0.   +0.j  0.   +0.j  0.   +0.j  0.   +0.j  0.   +0.j  0.   +0.j  0.   +0.j  0.   +0.j  0.   +0.j]
 [ 0.   +0.j  0.018+0.j  0.   +0.j -0.889+0.j  0.   +0.j  0.   +0.j  0.   +0.j  0.   +0.j  0.   +0.j  0.   +0.j  0.   +0.j  0.   +0.j  0.   +0.j  0.   +0.j  0.   +0.j  0.   +0.j  0.   +0.j  0.   +0.j  0.   +0.j  0.   +0.j]
 [ 0.023+0.j  0.   +0.j  0.   +0.j  0.   +0.j -0.667+0.j  0.   +0.j  0.   +0.j  0.   +0.j  0.   +0.j  0.   +0.j  0.   +0.j  0.   +0.j  0.   +0.j  0.   +0.j  0.   +0.j  0.   +0.j  0.   +0.j  0.   +0.j  0.   +0.j  0.   +0.j]
 [ 0.   +0.j  0.023+0.j  0.   +0.j  0.   +0.j  0.   +0.j -0.667+0.j  0.   +0.j  0.   +0.j  0.   +0.j  0.   +0.j  0.   +0.j  0.   +0.j  0.   +0.j  0.   +0.j  0.   +0.j  0.   +0.j  0.   +0.j  0.   +0.j  0.   +0.j  0.   +0.j]
 [ 0.025+0.j  0.   +0.j  0.   +0.j  0.   +0.j  0.   +0.j  0.   +0.j -0.444+0.j  0.   +0.j  0.   +0.j  0.   +0.j  0.   +0.j  0.   +0.j  0.   +0.j  0.   +0.j  0.   +0.j  0.   +0.j  0.   +0.j  0.   +0.j  0.   +0.j  0.   +0.j]
 [ 0.   +0.j  0.025+0.j  0.   +0.j  0.   +0.j  0.   +0.j  0.   +0.j  0.   +0.j -0.444+0.j  0.   +0.j  0.   +0.j  0.   +0.j  0.   +0.j  0.   +0.j  0.   +0.j  0.   +0.j  0.   +0.j  0.   +0.j  0.   +0.j  0.   +0.j  0.   +0.j]
 [ 0.026+0.j  0.   +0.j  0.   +0.j  0.   +0.j  0.   +0.j  0.   +0.j  0.   +0.j  0.   +0.j -0.222+0.j  0.   +0.j  0.   +0.j  0.   +0.j  0.   +0.j  0.   +0.j  0.   +0.j  0.   +0.j  0.   +0.j  0.   +0.j  0.   +0.j  0.   +0.j]
 [ 0.   +0.j  0.026+0.j  0.   +0.j  0.   +0.j  0.   +0.j  0.   +0.j  0.   +0.j  0.   +0.j  0.   +0.j -0.222+0.j  0.   +0.j  0.   +0.j  0.   +0.j  0.   +0.j  0.   +0.j  0.   +0.j  0.   +0.j  0.   +0.j  0.   +0.j  0.   +0.j]
 [ 0.027+0.j  0.   +0.j  0.   +0.j  0.   +0.j  0.   +0.j  0.   +0.j  0.   +0.j  0.   +0.j  0.   +0.j  0.   +0.j -0.   +0.j  0.   +0.j  0.   +0.j  0.   +0.j  0.   +0.j  0.   +0.j  0.   +0.j  0.   +0.j  0.   +0.j  0.   +0.j]
 [ 0.   +0.j  0.027+0.j  0.   +0.j  0.   +0.j  0.   +0.j  0.   +0.j  0.   +0.j  0.   +0.j  0.   +0.j  0.   +0.j  0.   +0.j -0.   +0.j  0.   +0.j  0.   +0.j  0.   +0.j  0.   +0.j  0.   +0.j  0.   +0.j  0.   +0.j  0.   +0.j]
 [ 0.026+0.j  0.   +0.j  0.   +0.j  0.   +0.j  0.   +0.j  0.   +0.j  0.   +0.j  0.   +0.j  0.   +0.j  0.   +0.j  0.   +0.j  0.   +0.j  0.222+0.j  0.   +0.j  0.   +0.j  0.   +0.j  0.   +0.j  0.   +0.j  0.   +0.j  0.   +0.j]
 [ 0.   +0.j  0.026+0.j  0.   +0.j  0.   +0.j  0.   +0.j  0.   +0.j  0.   +0.j  0.   +0.j  0.   +0.j  0.   +0.j  0.   +0.j  0.   +0.j  0.   +0.j  0.222+0.j  0.   +0.j  0.   +0.j  0.   +0.j  0.   +0.j  0.   +0.j  0.   +0.j]
 [ 0.025+0.j  0.   +0.j  0.   +0.j  0.   +0.j  0.   +0.j  0.   +0.j  0.   +0.j  0.   +0.j  0.   +0.j  0.   +0.j  0.   +0.j  0.   +0.j  0.   +0.j  0.   +0.j  0.444+0.j  0.   +0.j  0.   +0.j  0.   +0.j  0.   +0.j  0.   +0.j]
 [ 0.   +0.j  0.025+0.j  0.   +0.j  0.   +0.j  0.   +0.j  0.   +0.j  0.   +0.j  0.   +0.j  0.   +0.j  0.   +0.j  0.   +0.j  0.   +0.j  0.   +0.j  0.   +0.j  0.   +0.j  0.444+0.j  0.   +0.j  0.   +0.j  0.   +0.j  0.   +0.j]
 [ 0.023+0.j  0.   +0.j  0.   +0.j  0.   +0.j  0.   +0.j  0.   +0.j  0.   +0.j  0.   +0.j  0.   +0.j  0.   +0.j  0.   +0.j  0.   +0.j  0.   +0.j  0.   +0.j  0.   +0.j  0.   +0.j  0.667+0.j  0.   +0.j  0.   +0.j  0.   +0.j]
 [ 0.   +0.j  0.023+0.j  0.   +0.j  0.   +0.j  0.   +0.j  0.   +0.j  0.   +0.j  0.   +0.j  0.   +0.j  0.   +0.j  0.   +0.j  0.   +0.j  0.   +0.j  0.   +0.j  0.   +0.j  0.   +0.j  0.   +0.j  0.667+0.j  0.   +0.j  0.   +0.j]
 [ 0.018+0.j  0.   +0.j  0.   +0.j  0.   +0.j  0.   +0.j  0.   +0.j  0.   +0.j  0.   +0.j  0.   +0.j  0.   +0.j  0.   +0.j  0.   +0.j  0.   +0.j  0.   +0.j  0.   +0.j  0.   +0.j  0.   +0.j  0.   +0.j  0.889+0.j  0.   +0.j]
 [ 0.   +0.j  0.018+0.j  0.   +0.j  0.   +0.j  0.   +0.j  0.   +0.j  0.   +0.j  0.   +0.j  0.   +0.j  0.   +0.j  0.   +0.j  0.   +0.j  0.   +0.j  0.   +0.j  0.   +0.j  0.   +0.j  0.   +0.j  0.   +0.j  0.   +0.j  0.889+0.j]]

--- Analyzed Structure ---
Found 2 blocks
Blocks: [[0, 2, 4, 6, 8, 10, 12, 14, 16, 18], [1, 3, 5, 7, 9, 11, 13, 15, 17, 19]]
Identical Groups (by block index): [[0, 1]]
[blocks] 2 blocks; identical groups: [[0, 1]]
[check] Tr rho = 10.000000000000, sum blocks = 10.000000000000, Nelec = 10
[leader block 0] size=10 Nimp_b=1 Nelec_b=5
DEBUG: C1 = 
[[ 1.     0.     0.     0.     0.     0.     0.     0.     0.     0.   ]
 [ 0.    -0.02   0.357 -0.805 -0.348 -0.321 -0.     0.    -0.001  0.   ]
 [ 0.    -0.033 -0.682  0.114 -0.619 -0.371 -0.001  0.    -0.001  0.   ]
 [ 0.    -0.053  0.189  0.274  0.365 -0.868 -0.001  0.001 -0.002  0.   ]
 [ 0.    -0.104 -0.606 -0.511  0.6   -0.035 -0.004  0.002 -0.005  0.001]
 [ 0.    -0.985  0.069  0.051 -0.055  0.068 -0.078  0.046 -0.081  0.013]
 [ 0.    -0.104  0.004  0.003 -0.002  0.005  0.768 -0.578  0.223  0.125]
 [ 0.    -0.053  0.001  0.001 -0.001  0.002 -0.263 -0.231  0.654 -0.668]
 [ 0.    -0.033  0.001  0.    -0.     0.001  0.012  0.418  0.717  0.556]
 [ 0.    -0.02   0.     0.    -0.     0.     0.579  0.66  -0.024 -0.478]]
DEBUG: C2 = 
[[1. 0. 0. 0. 0. 0. 0. 0. 0. 0.]
 [0. 1. 0. 0. 0. 0. 0. 0. 0. 0.]
 [0. 0. 1. 0. 0. 0. 0. 0. 0. 0.]
 [0. 0. 0. 1. 0. 0. 0. 0. 0. 0.]
 [0. 0. 0. 0. 1. 0. 0. 0. 0. 0.]
 [0. 0. 0. 0. 0. 1. 0. 0. 0. 0.]
 [0. 0. 0. 0. 0. 0. 1. 0. 0. 0.]
 [0. 0. 0. 0. 0. 0. 0. 1. 0. 0.]
 [0. 0. 0. 0. 0. 0. 0. 0. 1. 0.]
 [0. 0. 0. 0. 0. 0. 0. 0. 0. 1.]]
DEBUG: C3 = 
[[ 0.707 -0.707  0.     0.     0.     0.     0.     0.     0.     0.   ]
 [ 0.707  0.707  0.     0.     0.     0.     0.     0.     0.     0.   ]
 [ 0.     0.     1.     0.     0.     0.     0.     0.     0.     0.   ]
 [ 0.     0.     0.     1.     0.     0.     0.     0.     0.     0.   ]
 [ 0.     0.     0.     0.     1.     0.     0.     0.     0.     0.   ]
 [ 0.     0.     0.     0.     0.     1.     0.     0.     0.     0.   ]
 [ 0.     0.     0.     0.     0.     0.     1.     0.     0.     0.   ]
 [ 0.     0.     0.     0.     0.     0.     0.     1.     0.     0.   ]
 [ 0.     0.     0.     0.     0.     0.     0.     0.     1.     0.   ]
 [ 0.     0.     0.     0.     0.     0.     0.     0.     0.     1.   ]]
DEBUG: C4 = 
[[ 1.     0.     0.     0.     0.     0.     0.     0.     0.     0.   ]
 [ 0.     1.     0.     0.     0.     0.     0.     0.     0.     0.   ]
 [ 0.     0.    -0.426 -0.374  0.085 -0.82   0.     0.     0.     0.   ]
 [ 0.     0.    -0.393  0.189 -0.9    0.025  0.     0.     0.     0.   ]
 [ 0.     0.     0.067  0.89   0.146 -0.426  0.     0.     0.     0.   ]
 [ 0.     0.    -0.812  0.178  0.402  0.383  0.     0.     0.     0.   ]
 [ 0.     0.     0.     0.     0.     0.    -0.509  0.087 -0.838  0.174]
 [ 0.     0.     0.     0.     0.     0.    -0.041 -0.991 -0.054  0.118]
 [ 0.     0.     0.     0.     0.     0.    -0.834  0.02   0.536  0.129]
 [ 0.     0.     0.     0.     0.     0.     0.208  0.102  0.086  0.969]]
DEBUG: C_total = 
[[ 0.707 -0.707  0.     0.     0.     0.     0.     0.     0.     0.   ]
 [-0.014 -0.014  0.401 -0.653  0.575 -0.287  0.001 -0.     0.    -0.   ]
 [-0.023 -0.023  0.506 -0.341 -0.4    0.683  0.001 -0.     0.    -0.   ]
 [-0.037 -0.037  0.541  0.151 -0.526 -0.636  0.003 -0.001  0.    -0.   ]
 [-0.073 -0.073  0.528  0.657  0.482  0.215  0.007 -0.002  0.001 -0.   ]
 [-0.696 -0.696 -0.109 -0.053 -0.021 -0.006  0.109 -0.053  0.021 -0.006]
 [-0.073 -0.073 -0.007 -0.002 -0.001 -0.    -0.528  0.657 -0.482  0.215]
 [-0.037 -0.037 -0.003 -0.001 -0.    -0.    -0.541  0.151  0.526 -0.636]
 [-0.023 -0.023 -0.001 -0.    -0.    -0.    -0.506 -0.341  0.4    0.683]
 [-0.014 -0.014 -0.001 -0.    -0.    -0.    -0.401 -0.653 -0.575 -0.287]]
DEBUG: C_total_restored = 
[[ 1.    -0.     0.     0.     0.     0.     0.     0.     0.     0.   ]
 [-0.    -0.02   0.401 -0.653  0.575 -0.287  0.001 -0.     0.    -0.   ]
 [ 0.    -0.033  0.506 -0.341 -0.4    0.683  0.001 -0.     0.    -0.   ]
 [ 0.    -0.053  0.541  0.151 -0.526 -0.636  0.003 -0.001  0.    -0.   ]
 [ 0.    -0.104  0.528  0.657  0.482  0.215  0.007 -0.002  0.001 -0.   ]
 [ 0.    -0.985 -0.109 -0.053 -0.021 -0.006  0.109 -0.053  0.021 -0.006]
 [ 0.    -0.104 -0.007 -0.002 -0.001 -0.    -0.528  0.657 -0.482  0.215]
 [ 0.    -0.053 -0.003 -0.001 -0.    -0.    -0.541  0.151  0.526 -0.636]
 [-0.    -0.033 -0.001 -0.    -0.    -0.    -0.506 -0.341  0.4    0.683]
 [-0.    -0.02  -0.001 -0.    -0.    -0.    -0.401 -0.653 -0.575 -0.287]]
h_block_final:
[[ 0.    -0.037  0.043 -0.     0.    -0.    -0.043  0.    -0.     0.   ]
 [-0.037 -0.     0.043  0.    -0.     0.     0.043  0.    -0.     0.   ]
 [ 0.043  0.043 -0.506  0.234 -0.    -0.     0.     0.     0.    -0.   ]
 [-0.     0.     0.234 -0.562  0.207  0.    -0.    -0.     0.    -0.   ]
 [ 0.    -0.    -0.     0.207 -0.575  0.157 -0.    -0.    -0.     0.   ]
 [-0.     0.    -0.     0.     0.157 -0.575  0.     0.    -0.    -0.   ]
 [-0.043  0.043  0.    -0.    -0.     0.     0.506  0.234 -0.    -0.   ]
 [ 0.     0.     0.    -0.    -0.     0.     0.234  0.562  0.207  0.   ]
 [-0.    -0.     0.     0.    -0.    -0.    -0.     0.207  0.575  0.157]
 [ 0.     0.    -0.    -0.     0.    -0.    -0.     0.     0.157  0.575]]
C_block:
[[ 1.    -0.     0.     0.     0.     0.     0.     0.     0.     0.   ]
 [-0.    -0.02   0.401 -0.653  0.575 -0.287  0.001 -0.     0.    -0.   ]
 [ 0.    -0.033  0.506 -0.341 -0.4    0.683  0.001 -0.     0.    -0.   ]
 [ 0.    -0.053  0.541  0.151 -0.526 -0.636  0.003 -0.001  0.    -0.   ]
 [ 0.    -0.104  0.528  0.657  0.482  0.215  0.007 -0.002  0.001 -0.   ]
 [ 0.    -0.985 -0.109 -0.053 -0.021 -0.006  0.109 -0.053  0.021 -0.006]
 [ 0.    -0.104 -0.007 -0.002 -0.001 -0.    -0.528  0.657 -0.482  0.215]
 [ 0.    -0.053 -0.003 -0.001 -0.    -0.    -0.541  0.151  0.526 -0.636]
 [-0.    -0.033 -0.001 -0.    -0.    -0.    -0.506 -0.341  0.4    0.683]
 [-0.    -0.02  -0.001 -0.    -0.    -0.    -0.401 -0.653 -0.575 -0.287]]
[sanity] ||h_final - C^† h C|| / ||h|| = 0.000e+00
hdc_ab = 
[[ 0.     0.    -0.037  0.     0.043  0.    -0.     0.     0.     0.    -0.     0.    -0.043  0.     0.     0.    -0.     0.     0.     0.   ]
 [ 0.     0.     0.    -0.037  0.     0.043  0.    -0.     0.     0.     0.    -0.     0.    -0.043  0.     0.     0.    -0.     0.     0.   ]
 [-0.037  0.    -0.     0.     0.043  0.     0.     0.    -0.     0.     0.     0.     0.043  0.     0.     0.    -0.     0.     0.     0.   ]
 [ 0.    -0.037  0.    -0.     0.     0.043  0.     0.     0.    -0.     0.     0.     0.     0.043  0.     0.     0.    -0.     0.     0.   ]
 [ 0.043  0.     0.043  0.    -0.506  0.     0.234  0.    -0.     0.    -0.     0.     0.     0.     0.     0.     0.     0.    -0.     0.   ]
 [ 0.     0.043  0.     0.043  0.    -0.506  0.     0.234  0.    -0.     0.    -0.     0.     0.     0.     0.     0.     0.     0.    -0.   ]
 [-0.     0.     0.     0.     0.234  0.    -0.562  0.     0.207  0.     0.     0.    -0.     0.    -0.     0.     0.     0.    -0.     0.   ]
 [ 0.    -0.     0.     0.     0.     0.234  0.    -0.562  0.     0.207  0.     0.     0.    -0.     0.    -0.     0.     0.     0.    -0.   ]
 [ 0.     0.    -0.     0.    -0.     0.     0.207  0.    -0.575  0.     0.157  0.    -0.     0.    -0.     0.    -0.     0.     0.     0.   ]
 [ 0.     0.     0.    -0.     0.    -0.     0.     0.207  0.    -0.575  0.     0.157  0.    -0.     0.    -0.     0.    -0.     0.     0.   ]
 [-0.     0.     0.     0.    -0.     0.     0.     0.     0.157  0.    -0.575  0.     0.     0.     0.     0.    -0.     0.    -0.     0.   ]
 [ 0.    -0.     0.     0.     0.    -0.     0.     0.     0.     0.157  0.    -0.575  0.     0.     0.     0.     0.    -0.     0.    -0.   ]
 [-0.043  0.     0.043  0.     0.     0.    -0.     0.    -0.     0.     0.     0.     0.506  0.     0.234  0.    -0.     0.    -0.     0.   ]
 [ 0.    -0.043  0.     0.043  0.     0.     0.    -0.     0.    -0.     0.     0.     0.     0.506  0.     0.234  0.    -0.     0.    -0.   ]
 [ 0.     0.     0.     0.     0.     0.    -0.     0.    -0.     0.     0.     0.     0.234  0.     0.562  0.     0.207  0.     0.     0.   ]
 [ 0.     0.     0.     0.     0.     0.     0.    -0.     0.    -0.     0.     0.     0.     0.234  0.     0.562  0.     0.207  0.     0.   ]
 [-0.     0.    -0.     0.     0.     0.     0.     0.    -0.     0.    -0.     0.    -0.     0.     0.207  0.     0.575  0.     0.157  0.   ]
 [ 0.    -0.     0.    -0.     0.     0.     0.     0.     0.    -0.     0.    -0.     0.    -0.     0.     0.207  0.     0.575  0.     0.157]
 [ 0.     0.     0.     0.    -0.     0.    -0.     0.     0.     0.    -0.     0.    -0.     0.     0.     0.     0.157  0.     0.575  0.   ]
 [ 0.     0.     0.     0.     0.    -0.     0.    -0.     0.     0.     0.    -0.     0.    -0.     0.     0.     0.     0.157  0.     0.575]]
C_ab = 
[[ 1.     0.    -0.     0.     0.     0.     0.     0.     0.     0.     0.     0.     0.     0.     0.     0.     0.     0.     0.     0.   ]
 [ 0.     1.     0.    -0.     0.     0.     0.     0.     0.     0.     0.     0.     0.     0.     0.     0.     0.     0.     0.     0.   ]
 [-0.     0.    -0.02   0.     0.401  0.    -0.653  0.     0.575  0.    -0.287  0.     0.001  0.    -0.     0.     0.     0.    -0.     0.   ]
 [ 0.    -0.     0.    -0.02   0.     0.401  0.    -0.653  0.     0.575  0.    -0.287  0.     0.001  0.    -0.     0.     0.     0.    -0.   ]
 [ 0.     0.    -0.033  0.     0.506  0.    -0.341  0.    -0.4    0.     0.683  0.     0.001  0.    -0.     0.     0.     0.    -0.     0.   ]
 [ 0.     0.     0.    -0.033  0.     0.506  0.    -0.341  0.    -0.4    0.     0.683  0.     0.001  0.    -0.     0.     0.     0.    -0.   ]
 [ 0.     0.    -0.053  0.     0.541  0.     0.151  0.    -0.526  0.    -0.636  0.     0.003  0.    -0.001  0.     0.     0.    -0.     0.   ]
 [ 0.     0.     0.    -0.053  0.     0.541  0.     0.151  0.    -0.526  0.    -0.636  0.     0.003  0.    -0.001  0.     0.     0.    -0.   ]
 [ 0.     0.    -0.104  0.     0.528  0.     0.657  0.     0.482  0.     0.215  0.     0.007  0.    -0.002  0.     0.001  0.    -0.     0.   ]
 [ 0.     0.     0.    -0.104  0.     0.528  0.     0.657  0.     0.482  0.     0.215  0.     0.007  0.    -0.002  0.     0.001  0.    -0.   ]
 [ 0.     0.    -0.985  0.    -0.109  0.    -0.053  0.    -0.021  0.    -0.006  0.     0.109  0.    -0.053  0.     0.021  0.    -0.006  0.   ]
 [ 0.     0.     0.    -0.985  0.    -0.109  0.    -0.053  0.    -0.021  0.    -0.006  0.     0.109  0.    -0.053  0.     0.021  0.    -0.006]
 [ 0.     0.    -0.104  0.    -0.007  0.    -0.002  0.    -0.001  0.    -0.     0.    -0.528  0.     0.657  0.    -0.482  0.     0.215  0.   ]
 [ 0.     0.     0.    -0.104  0.    -0.007  0.    -0.002  0.    -0.001  0.    -0.     0.    -0.528  0.     0.657  0.    -0.482  0.     0.215]
 [ 0.     0.    -0.053  0.    -0.003  0.    -0.001  0.    -0.     0.    -0.     0.    -0.541  0.     0.151  0.     0.526  0.    -0.636  0.   ]
 [ 0.     0.     0.    -0.053  0.    -0.003  0.    -0.001  0.    -0.     0.    -0.     0.    -0.541  0.     0.151  0.     0.526  0.    -0.636]
 [-0.     0.    -0.033  0.    -0.001  0.    -0.     0.    -0.     0.    -0.     0.    -0.506  0.    -0.341  0.     0.4    0.     0.683  0.   ]
 [ 0.    -0.     0.    -0.033  0.    -0.001  0.    -0.     0.    -0.     0.    -0.     0.    -0.506  0.    -0.341  0.     0.4    0.     0.683]
 [-0.     0.    -0.02   0.    -0.001  0.    -0.     0.    -0.     0.    -0.     0.    -0.401  0.    -0.653  0.    -0.575  0.    -0.287  0.   ]
 [ 0.    -0.     0.    -0.02   0.    -0.001  0.    -0.     0.    -0.     0.    -0.     0.    -0.401  0.    -0.653  0.    -0.575  0.    -0.287]]
C = 
[[ 1.    -0.     0.     0.     0.     0.     0.     0.     0.     0.     0.     0.     0.     0.     0.     0.     0.     0.     0.     0.   ]
 [-0.    -0.02   0.401 -0.653  0.575 -0.287  0.001 -0.     0.    -0.     0.     0.     0.     0.     0.     0.     0.     0.     0.     0.   ]
 [ 0.    -0.033  0.506 -0.341 -0.4    0.683  0.001 -0.     0.    -0.     0.     0.     0.     0.     0.     0.     0.     0.     0.     0.   ]
 [ 0.    -0.053  0.541  0.151 -0.526 -0.636  0.003 -0.001  0.    -0.     0.     0.     0.     0.     0.     0.     0.     0.     0.     0.   ]
 [ 0.    -0.104  0.528  0.657  0.482  0.215  0.007 -0.002  0.001 -0.     0.     0.     0.     0.     0.     0.     0.     0.     0.     0.   ]
 [ 0.    -0.985 -0.109 -0.053 -0.021 -0.006  0.109 -0.053  0.021 -0.006  0.     0.     0.     0.     0.     0.     0.     0.     0.     0.   ]
 [ 0.    -0.104 -0.007 -0.002 -0.001 -0.    -0.528  0.657 -0.482  0.215  0.     0.     0.     0.     0.     0.     0.     0.     0.     0.   ]
 [ 0.    -0.053 -0.003 -0.001 -0.    -0.    -0.541  0.151  0.526 -0.636  0.     0.     0.     0.     0.     0.     0.     0.     0.     0.   ]
 [-0.    -0.033 -0.001 -0.    -0.    -0.    -0.506 -0.341  0.4    0.683  0.     0.     0.     0.     0.     0.     0.     0.     0.     0.   ]
 [-0.    -0.02  -0.001 -0.    -0.    -0.    -0.401 -0.653 -0.575 -0.287  0.     0.     0.     0.     0.     0.     0.     0.     0.     0.   ]
 [ 0.     0.     0.     0.     0.     0.     0.     0.     0.     0.     1.    -0.     0.     0.     0.     0.     0.     0.     0.     0.   ]
 [ 0.     0.     0.     0.     0.     0.     0.     0.     0.     0.    -0.    -0.02   0.401 -0.653  0.575 -0.287  0.001 -0.     0.    -0.   ]
 [ 0.     0.     0.     0.     0.     0.     0.     0.     0.     0.     0.    -0.033  0.506 -0.341 -0.4    0.683  0.001 -0.     0.    -0.   ]
 [ 0.     0.     0.     0.     0.     0.     0.     0.     0.     0.     0.    -0.053  0.541  0.151 -0.526 -0.636  0.003 -0.001  0.    -0.   ]
 [ 0.     0.     0.     0.     0.     0.     0.     0.     0.     0.     0.    -0.104  0.528  0.657  0.482  0.215  0.007 -0.002  0.001 -0.   ]
 [ 0.     0.     0.     0.     0.     0.     0.     0.     0.     0.     0.    -0.985 -0.109 -0.053 -0.021 -0.006  0.109 -0.053  0.021 -0.006]
 [ 0.     0.     0.     0.     0.     0.     0.     0.     0.     0.     0.    -0.104 -0.007 -0.002 -0.001 -0.    -0.528  0.657 -0.482  0.215]
 [ 0.     0.     0.     0.     0.     0.     0.     0.     0.     0.     0.    -0.053 -0.003 -0.001 -0.    -0.    -0.541  0.151  0.526 -0.636]
 [ 0.     0.     0.     0.     0.     0.     0.     0.     0.     0.    -0.    -0.033 -0.001 -0.    -0.    -0.    -0.506 -0.341  0.4    0.683]
 [ 0.     0.     0.     0.     0.     0.     0.     0.     0.     0.    -0.    -0.02  -0.001 -0.    -0.    -0.    -0.401 -0.653 -0.575 -0.287]]
******************************************
h0_0 = 
[[-0.25  -0.037  0.043 -0.     0.    -0.    -0.043  0.    -0.     0.     0.     0.     0.     0.     0.     0.     0.     0.     0.     0.   ]
 [-0.037 -0.     0.043  0.    -0.     0.     0.043  0.    -0.     0.     0.     0.     0.     0.     0.     0.     0.     0.     0.     0.   ]
 [ 0.043  0.043 -0.506  0.234 -0.    -0.     0.     0.     0.    -0.     0.     0.     0.     0.     0.     0.     0.     0.     0.     0.   ]
 [-0.     0.     0.234 -0.562  0.207  0.    -0.    -0.     0.    -0.     0.     0.     0.     0.     0.     0.     0.     0.     0.     0.   ]
 [ 0.    -0.    -0.     0.207 -0.575  0.157 -0.    -0.    -0.     0.     0.     0.     0.     0.     0.     0.     0.     0.     0.     0.   ]
 [-0.     0.    -0.     0.     0.157 -0.575  0.     0.    -0.    -0.     0.     0.     0.     0.     0.     0.     0.     0.     0.     0.   ]
 [-0.043  0.043  0.    -0.    -0.     0.     0.506  0.234 -0.    -0.     0.    -0.     0.     0.     0.     0.     0.     0.     0.     0.   ]
 [ 0.     0.     0.    -0.    -0.     0.     0.234  0.562  0.207  0.     0.     0.     0.     0.     0.     0.     0.     0.     0.     0.   ]
 [-0.    -0.     0.     0.    -0.    -0.    -0.     0.207  0.575  0.157  0.     0.     0.     0.     0.     0.     0.     0.     0.     0.   ]
 [ 0.     0.    -0.    -0.     0.    -0.    -0.     0.     0.157  0.575  0.     0.     0.     0.     0.     0.     0.     0.     0.     0.   ]
 [ 0.     0.     0.     0.     0.     0.     0.     0.     0.     0.    -0.25  -0.037  0.043 -0.     0.    -0.    -0.043  0.    -0.     0.   ]
 [ 0.     0.     0.     0.     0.     0.     0.     0.     0.     0.    -0.037 -0.     0.043  0.    -0.     0.     0.043  0.    -0.     0.   ]
 [ 0.     0.     0.     0.     0.     0.     0.     0.     0.     0.     0.043  0.043 -0.506  0.234 -0.    -0.     0.     0.     0.    -0.   ]
 [ 0.     0.     0.     0.     0.     0.     0.     0.     0.     0.    -0.     0.     0.234 -0.562  0.207  0.    -0.    -0.     0.    -0.   ]
 [ 0.     0.     0.     0.     0.     0.     0.     0.     0.     0.     0.    -0.    -0.     0.207 -0.575  0.157 -0.    -0.    -0.     0.   ]
 [ 0.     0.     0.     0.     0.     0.     0.     0.     0.     0.    -0.     0.    -0.     0.     0.157 -0.575  0.     0.    -0.    -0.   ]
 [ 0.    -0.     0.     0.     0.     0.     0.     0.     0.     0.    -0.043  0.043  0.    -0.    -0.     0.     0.506  0.234 -0.    -0.   ]
 [ 0.     0.     0.     0.     0.     0.     0.     0.     0.     0.     0.     0.     0.    -0.    -0.     0.     0.234  0.562  0.207  0.   ]
 [ 0.     0.     0.     0.     0.     0.     0.     0.     0.     0.    -0.    -0.     0.     0.    -0.    -0.    -0.     0.207  0.575  0.157]
 [ 0.     0.     0.     0.     0.     0.     0.     0.     0.     0.     0.     0.    -0.    -0.     0.    -0.    -0.     0.     0.157  0.575]]
h0_legacy = 
[[-0.25   0.018  0.023  0.025  0.026  0.027  0.026  0.025  0.023  0.018  0.     0.     0.     0.     0.     0.     0.     0.     0.     0.   ]
 [ 0.018 -0.889  0.     0.     0.     0.     0.     0.     0.     0.     0.    -0.     0.     0.     0.     0.     0.     0.     0.     0.   ]
 [ 0.023  0.    -0.667  0.     0.     0.     0.     0.     0.     0.     0.     0.    -0.     0.     0.     0.     0.     0.     0.     0.   ]
 [ 0.025  0.     0.    -0.444  0.     0.     0.     0.     0.     0.     0.     0.     0.    -0.     0.     0.     0.     0.     0.     0.   ]
 [ 0.026  0.     0.     0.    -0.222  0.     0.     0.     0.     0.     0.     0.     0.     0.    -0.     0.     0.     0.     0.     0.   ]
 [ 0.027  0.     0.     0.     0.    -0.     0.     0.     0.     0.     0.     0.     0.     0.     0.    -0.     0.     0.     0.     0.   ]
 [ 0.026  0.     0.     0.     0.     0.     0.222  0.     0.     0.     0.     0.     0.     0.     0.     0.     0.     0.     0.     0.   ]
 [ 0.025  0.     0.     0.     0.     0.     0.     0.444  0.     0.     0.     0.     0.     0.     0.     0.     0.     0.     0.     0.   ]
 [ 0.023  0.     0.     0.     0.     0.     0.     0.     0.667  0.     0.     0.     0.     0.     0.     0.     0.     0.     0.     0.   ]
 [ 0.018  0.     0.     0.     0.     0.     0.     0.     0.     0.889  0.     0.     0.     0.     0.     0.     0.     0.     0.     0.   ]
 [ 0.     0.     0.     0.     0.     0.     0.     0.     0.     0.    -0.25   0.018  0.023  0.025  0.026  0.027  0.026  0.025  0.023  0.018]
 [ 0.    -0.     0.     0.     0.     0.     0.     0.     0.     0.     0.018 -0.889  0.     0.     0.     0.     0.     0.     0.     0.   ]
 [ 0.     0.    -0.     0.     0.     0.     0.     0.     0.     0.     0.023  0.    -0.667  0.     0.     0.     0.     0.     0.     0.   ]
 [ 0.     0.     0.    -0.     0.     0.     0.     0.     0.     0.     0.025  0.     0.    -0.444  0.     0.     0.     0.     0.     0.   ]
 [ 0.     0.     0.     0.    -0.     0.     0.     0.     0.     0.     0.026  0.     0.     0.    -0.222  0.     0.     0.     0.     0.   ]
 [ 0.     0.     0.     0.     0.    -0.     0.     0.     0.     0.     0.027  0.     0.     0.     0.    -0.     0.     0.     0.     0.   ]
 [ 0.     0.     0.     0.     0.     0.     0.     0.     0.     0.     0.026  0.     0.     0.     0.     0.     0.222  0.     0.     0.   ]
 [ 0.     0.     0.     0.     0.     0.     0.     0.     0.     0.     0.025  0.     0.     0.     0.     0.     0.     0.444  0.     0.   ]
 [ 0.     0.     0.     0.     0.     0.     0.     0.     0.     0.     0.023  0.     0.     0.     0.     0.     0.     0.     0.667  0.   ]
 [ 0.     0.     0.     0.     0.     0.     0.     0.     0.     0.     0.018  0.     0.     0.     0.     0.     0.     0.     0.     0.889]]
Partitioning system: 1 impurity orbitals, 9 bath orbitals.
Generating basis for 1 electrons on impurity and 9 on bath.
Found 2 impurity configurations and 2 bath configurations.
Retaining only Sz=0 in starting basis
Generated a total of 2 unique starting determinants.
sb = [<SlaterDeterminant α=[0, 2, 3, 4, 5] β=[1, 2, 3, 4, 5]>, <SlaterDeterminant α=[1, 2, 3, 4, 5] β=[0, 2, 3, 4, 5]>]
DEBUG: entering selective_ci()
DEBUG: constructing tables
DEBUG: tables constructed
DEBUG: build ham time = 5.793571472167969e-05
[init] dim=2  E0=-4.685002614773
blocks = [0.0], time block = 2.2172927856445312e-05
apply_ham time = 4.506111145019531e-05
gen basis time = 8.106231689453125e-05
sel basis time = 4.38690185546875e-05
Found 1 S_z blocks: [0.0]
  Processing Sz=0.0 block of size 12x12
DEBUG: build ham time = 0.00011801719665527344
DEBUG: finished rearranging vectors
DEBUG: for basis size 12, ham diag time = 0.0003769397735595703
[iter 0] dim=    12  Es=[-4.710630524010 -4.697755050791]  |dE0|=2.563e-02
blocks = [0.0], time block = 1.4066696166992188e-05
apply_ham time = 7.486343383789062e-05
gen basis time = 0.000125885009765625
sel basis time = 5.888938903808594e-05
Found 1 S_z blocks: [0.0]
  Processing Sz=0.0 block of size 32x32
DEBUG: build ham time = 0.00010824203491210938
DEBUG: finished rearranging vectors
DEBUG: for basis size 32, ham diag time = 0.00040602684020996094
[iter 1] dim=    32  Es=[-4.711794359774 -4.700359326143]  |dE0|=1.164e-03
blocks = [0.0], time block = 2.8848648071289062e-05
apply_ham time = 0.0001800060272216797
gen basis time = 0.0002791881561279297
sel basis time = 0.00010395050048828125
Found 1 S_z blocks: [0.0]
  Processing Sz=0.0 block of size 72x72
DEBUG: build ham time = 0.00017213821411132812
DEBUG: finished rearranging vectors
DEBUG: for basis size 72, ham diag time = 0.008775949478149414
[iter 2] dim=    72  Es=[-4.712027662312 -4.700879440389]  |dE0|=2.333e-04
blocks = [0.0], time block = 6.604194641113281e-05
apply_ham time = 0.0004150867462158203
gen basis time = 0.0006361007690429688
sel basis time = 0.0001990795135498047
Found 1 S_z blocks: [0.0]
  Processing Sz=0.0 block of size 152x152
DEBUG: build ham time = 0.0003490447998046875
DEBUG: finished rearranging vectors
DEBUG: for basis size 152, ham diag time = 0.010528087615966797
[iter 3] dim=   152  Es=[-4.712063760200 -4.700949853382]  |dE0|=3.610e-05
blocks = [0.0], time block = 0.00013780593872070312
apply_ham time = 0.0008637905120849609
gen basis time = 0.0012829303741455078
sel basis time = 0.00032806396484375
Found 1 S_z blocks: [0.0]
  Processing Sz=0.0 block of size 288x288
DEBUG: build ham time = 0.0006308555603027344
DEBUG: finished rearranging vectors
DEBUG: for basis size 288, ham diag time = 0.018882036209106445
[iter 4] dim=   288  Es=[-4.712068194133 -4.700955862671]  |dE0|=4.434e-06
[conv] reached |dE| < 1e-05
Found 1 S_z blocks: [0.0]
  Processing Sz=0.0 block of size 288x288
DEBUG: build ham time = 0.0006678104400634766
DEBUG: finished rearranging vectors
sci total time : 0.0830850601196289
energies = [-4.712 -4.701], e0 = -4.7120681941327796
len basis = 288
len(basis(psis0)) = 288
rdm : 
[[ 0.5  +0.j  0.207+0.j -0.014+0.j -0.002+0.j  0.   +0.j  0.   +0.j  0.014+0.j -0.002+0.j -0.   +0.j  0.   +0.j  0.   +0.j  0.   +0.j  0.   +0.j  0.   +0.j  0.   +0.j  0.   +0.j  0.   +0.j  0.   +0.j  0.   +0.j  0.   +0.j]
 [ 0.207+0.j  0.5  +0.j -0.033+0.j -0.016+0.j -0.006+0.j -0.002+0.j -0.033+0.j  0.016+0.j -0.006+0.j  0.002+0.j  0.   +0.j  0.   +0.j  0.   +0.j  0.   +0.j  0.   +0.j  0.   +0.j  0.   +0.j  0.   +0.j  0.   +0.j  0.   +0.j]
 [-0.014+0.j -0.033+0.j  0.996+0.j -0.002+0.j -0.001+0.j -0.   +0.j  0.   +0.j  0.001+0.j -0.   +0.j  0.   +0.j  0.   +0.j  0.   +0.j  0.   +0.j  0.   +0.j  0.   +0.j  0.   +0.j  0.   +0.j  0.   +0.j  0.   +0.j  0.   +0.j]
 [-0.002+0.j -0.016+0.j -0.002+0.j  0.999+0.j -0.   +0.j -0.   +0.j  0.001+0.j  0.   +0.j -0.   +0.j  0.   +0.j  0.   +0.j  0.   +0.j  0.   +0.j  0.   +0.j  0.   +0.j  0.   +0.j  0.   +0.j  0.   +0.j  0.   +0.j  0.   +0.j]
 [ 0.   +0.j -0.006+0.j -0.001+0.j -0.   +0.j  1.   +0.j -0.   +0.j  0.   +0.j -0.   +0.j  0.   +0.j  0.   +0.j  0.   +0.j  0.   +0.j  0.   +0.j  0.   +0.j  0.   +0.j  0.   +0.j  0.   +0.j  0.   +0.j  0.   +0.j  0.   +0.j]
 [ 0.   +0.j -0.002+0.j -0.   +0.j -0.   +0.j -0.   +0.j  1.   +0.j  0.   +0.j  0.   +0.j  0.   +0.j  0.   +0.j  0.   +0.j  0.   +0.j  0.   +0.j  0.   +0.j  0.   +0.j  0.   +0.j  0.   +0.j  0.   +0.j  0.   +0.j  0.   +0.j]
 [ 0.014+0.j -0.033+0.j  0.   +0.j  0.001+0.j  0.   +0.j  0.   +0.j  0.004+0.j -0.002+0.j  0.001+0.j -0.   +0.j  0.   +0.j  0.   +0.j  0.   +0.j  0.   +0.j  0.   +0.j  0.   +0.j  0.   +0.j  0.   +0.j  0.   +0.j  0.   +0.j]
 [-0.002+0.j  0.016+0.j  0.001+0.j  0.   +0.j -0.   +0.j  0.   +0.j -0.002+0.j  0.001+0.j -0.   +0.j  0.   +0.j  0.   +0.j  0.   +0.j  0.   +0.j  0.   +0.j  0.   +0.j  0.   +0.j  0.   +0.j  0.   +0.j  0.   +0.j  0.   +0.j]
 [-0.   +0.j -0.006+0.j -0.   +0.j -0.   +0.j  0.   +0.j  0.   +0.j  0.001+0.j -0.   +0.j  0.   +0.j -0.   +0.j  0.   +0.j  0.   +0.j  0.   +0.j  0.   +0.j  0.   +0.j  0.   +0.j  0.   +0.j  0.   +0.j  0.   +0.j  0.   +0.j]
 [ 0.   +0.j  0.002+0.j  0.   +0.j  0.   +0.j  0.   +0.j  0.   +0.j -0.   +0.j  0.   +0.j -0.   +0.j  0.   +0.j  0.   +0.j  0.   +0.j  0.   +0.j  0.   +0.j  0.   +0.j  0.   +0.j  0.   +0.j  0.   +0.j  0.   +0.j  0.   +0.j]
 [ 0.   +0.j  0.   +0.j  0.   +0.j  0.   +0.j  0.   +0.j  0.   +0.j  0.   +0.j  0.   +0.j  0.   +0.j  0.   +0.j  0.5  +0.j  0.207+0.j -0.014+0.j -0.002+0.j  0.   +0.j  0.   +0.j  0.014+0.j -0.002+0.j -0.   +0.j  0.   +0.j]
 [ 0.   +0.j  0.   +0.j  0.   +0.j  0.   +0.j  0.   +0.j  0.   +0.j  0.   +0.j  0.   +0.j  0.   +0.j  0.   +0.j  0.207+0.j  0.5  +0.j -0.033+0.j -0.016+0.j -0.006+0.j -0.002+0.j -0.033+0.j  0.016+0.j -0.006+0.j  0.002+0.j]
 [ 0.   +0.j  0.   +0.j  0.   +0.j  0.   +0.j  0.   +0.j  0.   +0.j  0.   +0.j  0.   +0.j  0.   +0.j  0.   +0.j -0.014+0.j -0.033+0.j  0.996+0.j -0.002+0.j -0.001+0.j -0.   +0.j -0.   +0.j  0.001+0.j -0.   +0.j  0.   +0.j]
 [ 0.   +0.j  0.   +0.j  0.   +0.j  0.   +0.j  0.   +0.j  0.   +0.j  0.   +0.j  0.   +0.j  0.   +0.j  0.   +0.j -0.002+0.j -0.016+0.j -0.002+0.j  0.999+0.j -0.   +0.j -0.   +0.j  0.001+0.j -0.   +0.j -0.   +0.j  0.   +0.j]
 [ 0.   +0.j  0.   +0.j  0.   +0.j  0.   +0.j  0.   +0.j  0.   +0.j  0.   +0.j  0.   +0.j  0.   +0.j  0.   +0.j  0.   +0.j -0.006+0.j -0.001+0.j -0.   +0.j  1.   +0.j -0.   +0.j  0.   +0.j -0.   +0.j  0.   +0.j  0.   +0.j]
 [ 0.   +0.j  0.   +0.j  0.   +0.j  0.   +0.j  0.   +0.j  0.   +0.j  0.   +0.j  0.   +0.j  0.   +0.j  0.   +0.j  0.   +0.j -0.002+0.j -0.   +0.j -0.   +0.j -0.   +0.j  1.   +0.j  0.   +0.j  0.   +0.j  0.   +0.j  0.   +0.j]
 [ 0.   +0.j  0.   +0.j  0.   +0.j  0.   +0.j  0.   +0.j  0.   +0.j  0.   +0.j  0.   +0.j  0.   +0.j  0.   +0.j  0.014+0.j -0.033+0.j -0.   +0.j  0.001+0.j  0.   +0.j  0.   +0.j  0.004+0.j -0.002+0.j  0.001+0.j -0.   +0.j]
 [ 0.   +0.j  0.   +0.j  0.   +0.j  0.   +0.j  0.   +0.j  0.   +0.j  0.   +0.j  0.   +0.j  0.   +0.j  0.   +0.j -0.002+0.j  0.016+0.j  0.001+0.j -0.   +0.j -0.   +0.j  0.   +0.j -0.002+0.j  0.001+0.j -0.   +0.j  0.   +0.j]
 [ 0.   +0.j  0.   +0.j  0.   +0.j  0.   +0.j  0.   +0.j  0.   +0.j  0.   +0.j  0.   +0.j  0.   +0.j  0.   +0.j -0.   +0.j -0.006+0.j -0.   +0.j -0.   +0.j  0.   +0.j  0.   +0.j  0.001+0.j -0.   +0.j  0.   +0.j -0.   +0.j]
 [ 0.   +0.j  0.   +0.j  0.   +0.j  0.   +0.j  0.   +0.j  0.   +0.j  0.   +0.j  0.   +0.j  0.   +0.j  0.   +0.j  0.   +0.j  0.002+0.j  0.   +0.j  0.   +0.j  0.   +0.j  0.   +0.j -0.   +0.j  0.   +0.j -0.   +0.j  0.   +0.j]]
impurity occupation: (1.0000000000003322+0j)
total occupation : (10.000000000000082+0j)
target_indices = [0, 10]
 Founds blocks : [[0], [1]]
  Symmetry: is_diagonal=True. Found 1 unique group(s) of blocks.
  Computing representative g_(0,0) via Scalar CF...
DEBUG: build ham time = 0.001348733901977539
DEBUG: build ham time = 0.0014171600341796875

Thermally-averaged calculation finished.
Data saved to 'dump/A_9'
